Data;Godzina;Krajowe zapotrzebowanie na moc;Sumaryczna generacja JWCD;Generacja PI;Generacja IRZ;Sumaryczna generacja nJWCD;Krajowe saldo wymiany miêdzysystemowej równoleg³ej;Krajowe saldo wymiany miêdzysystemowej nierównoleg³ej
2019-09-17;1;16210,463;8923,013;-189,825;0,000;6372,500;457,838;652,100
2019-09-17;2;15847,350;9273,413;-269,388;0,000;6222,875;251,975;371,825
2019-09-17;3;15508,475;9551,750;-366,588;0,000;6130,850;-46,925;241,538
2019-09-17;4;15587,638;9678,313;-387,925;0,000;6053,263;-15,788;256,038
2019-09-17;5;15777,988;9676,700;-387,213;0,000;5918,063;200,875;371,163
2019-09-17;6;16428,888;9795,625;-228,150;0,000;5887,763;465,050;509,450
2019-09-17;7;18693,413;11657,088;-32,013;0,000;6058,588;540,800;470,538
2019-09-17;8;20524,825;13204,713;78,075;0,000;6149,513;549,600;630,413
2019-09-17;9;21200,038;14050,913;233,988;0,000;6028,600;85,100;1045,913
2019-09-17;10;21316,250;14006,913;179,000;0,000;6322,888;-81,675;1071,063
2019-09-17;11;21139,325;13109,050;129,988;0,000;6957,000;1,738;1081,463
2019-09-17;12;21455,538;12892,125;223,225;0,000;7436,038;21,825;1114,375
2019-09-17;13;21501,588;13234,488;661,875;0,000;7606,288;-173,638;851,700
2019-09-17;14;21421,988;13112,588;416,450;0,000;7799,175;-133,888;656,850
2019-09-17;15;21065,538;11792,300;49,763;0,000;7925,875;155,938;1199,625
2019-09-17;16;20909,288;11557,713;422,150;0,000;7758,763;322,275;1276,038
2019-09-17;17;20732,425;11729,925;446,738;0,000;7566,063;213,063;1225,063
2019-09-17;18;20728,250;12066,550;464,888;0,000;7559,663;-167,913;1272,975
2019-09-17;19;21012,300;12136,238;329,963;0,000;7552,850;36,650;1286,863
2019-09-17;20;22531,863;13996,838;377,963;0,000;7749,113;-262,500;1046,838
2019-09-17;21;22105,588;12633,975;119,075;0,000;7841,538;368,650;1268,900
2019-09-17;22;20353,563;11233,300;0,775;0,000;8044,013;447,663;638,613
2019-09-17;23;18683,075;9983,263;-3,288;0,000;8158,713;168,750;385,163
2019-09-17;24;17311,950;8868,250;-6,900;0,000;8149,400;65,138;246,588
