Data;Godzina;Krajowe zapotrzebowanie na moc;Sumaryczna generacja JWCD;Generacja PI;Generacja IRZ;Sumaryczna generacja nJWCD;Krajowe saldo wymiany miêdzysystemowej równoleg³ej;Krajowe saldo wymiany miêdzysystemowej nierównoleg³ej
2019-07-25;1;16580,738;11104,338;-10,100;0,000;3456,063;806,513;1229,113
2019-07-25;2;15887,663;11202,900;-9,825;0,000;3326,438;472,300;899,388
2019-07-25;3;15511,638;11345,800;-240,325;0,000;3231,575;400,038;774,263
2019-07-25;4;15537,463;11419,513;-350,775;0,000;3098,263;521,838;850,588
2019-07-25;5;15359,363;11454,938;-374,775;0,000;3047,013;441,063;795,838
2019-07-25;6;15520,425;11335,838;-579,613;0,000;3059,050;749,638;964,813
2019-07-25;7;17741,925;13642,163;-47,138;0,000;3062,700;762,975;324,738
2019-07-25;8;19923,900;16114,675;-6,688;0,000;3062,313;454,050;300,038
2019-07-25;9;21258,025;17424,275;-6,475;0,000;3058,538;481,750;299,725
2019-07-25;10;21865,638;17956,200;38,900;0,000;3048,238;476,163;389,350
2019-07-25;11;21896,488;17679,413;44,250;0,000;3235,838;486,825;498,538
2019-07-25;12;22290,663;17871,025;26,063;0,000;3342,013;527,925;557,900
2019-07-25;13;22309,413;17777,913;152,475;0,000;3449,613;573,813;523,888
2019-07-25;14;22221,225;17599,925;247,100;0,000;3589,050;555,425;485,825
2019-07-25;15;21861,138;17241,750;287,538;0,000;3600,925;573,538;454,238
2019-07-25;16;21716,650;16887,688;272,300;0,000;3633,075;785,888;423,300
2019-07-25;17;21437,088;16241,213;222,300;0,000;3664,863;749,738;785,788
2019-07-25;18;21090,213;15930,950;214,025;0,000;3845,700;537,988;770,413
2019-07-25;19;20890,700;15867,250;76,050;0,000;3910,288;234,300;877,088
2019-07-25;20;21040,988;16758,063;-6,350;0,000;3870,663;-177,438;597,600
2019-07-25;21;21044,313;16297,613;43,900;0,000;3961,400;-186,788;978,663
2019-07-25;22;20995,175;15592,625;76,713;0,000;4137,025;249,175;1024,525
2019-07-25;23;19637,525;13406,450;-6,925;0,000;4263,138;724,325;1252,663
2019-07-25;24;18050,950;11899,338;-10,188;0,000;4213,013;733,838;1223,375
