Data;Godzina;Krajowe zapotrzebowanie na moc;Sumaryczna generacja JWCD;Generacja PI;Generacja IRZ;Sumaryczna generacja nJWCD;Krajowe saldo wymiany miêdzysystemowej równoleg³ej;Krajowe saldo wymiany miêdzysystemowej nierównoleg³ej
2019-06-27;1;18069,425;12415,600;156,225;74,675;5499,125;-5,575;182,413
2019-06-27;2;17201,625;11796,125;-271,950;73,513;5601,688;-93,250;183,763
2019-06-27;3;16778,188;11801,300;-727,888;72,800;5598,825;-71,500;182,475
2019-06-27;4;16673,813;11820,750;-808,200;75,075;5539,888;-65,738;193,200
2019-06-27;5;16170,363;11493,163;-908,338;72,800;5449,413;-29,563;173,538
2019-06-27;6;16546,613;11573,288;-723,988;8,188;5512,975;3,013;192,788
2019-06-27;7;18755,888;12822,688;-55,738;0,000;5349,138;236,900;486,000
2019-06-27;8;20674,125;13804,063;19,938;0,000;5477,813;558,063;843,625
2019-06-27;9;21705,863;14217,350;22,825;0,000;5574,700;751,788;1171,388
2019-06-27;10;22103,138;14603,400;123,963;0,000;5699,150;549,563;1261,450
2019-06-27;11;22140,250;14295,438;48,988;0,000;5806,113;763,950;1283,063
2019-06-27;12;22523,500;14585,175;51,850;0,000;5925,463;739,725;1285,913
2019-06-27;13;22573,525;14855,763;105,938;0,000;5962,488;483,800;1285,663
2019-06-27;14;22460,163;14801,550;139,375;0,000;6028,675;400,263;1241,938
2019-06-27;15;22129,638;14147,925;137,700;0,000;5936,525;770,813;1279,500
2019-06-27;16;21972,475;14081,850;47,775;0,000;5845,263;773,400;1282,375
2019-06-27;17;21639,988;13848,213;41,538;0,000;5733,038;783,513;1284,613
2019-06-27;18;21135,338;13570,175;-2,663;0,000;5592,963;695,625;1284,925
2019-06-27;19;20831,288;13338,600;-5,038;0,000;5404,713;813,563;1287,000
2019-06-27;20;20965,900;13992,013;225,325;0,000;5031,550;758,050;1199,125
2019-06-27;21;20744,738;13802,825;281,488;0,000;4866,713;808,188;1276,363
2019-06-27;22;20538,063;13681,025;273,988;0,000;4643,113;939,538;1284,738
2019-06-27;23;19678,588;12977,500;10,813;0,000;4448,450;993,550;1278,213
2019-06-27;24;18164,900;11631,525;-6,263;0,000;4315,100;955,350;1280,113
