Data;Godzina;Krajowe zapotrzebowanie na moc;Sumaryczna generacja JWCD;Generacja PI;Generacja IRZ;Sumaryczna generacja nJWCD;Krajowe saldo wymiany miêdzysystemowej równoleg³ej;Krajowe saldo wymiany miêdzysystemowej nierównoleg³ej
2019-03-30;1;17106,488;9476,950;-23,613;78,975;6724,925;180,588;755,038
2019-03-30;2;16520,175;9311,175;-143,900;76,888;6664,550;143,388;549,863
2019-03-30;3;16160,575;9163,925;-143,275;74,413;6577,225;113,013;455,563
2019-03-30;4;16082,825;9026,050;-145,463;75,338;6475,113;205,925;526,238
2019-03-30;5;16065,975;8979,738;-145,400;75,900;6397,200;211,838;625,388
2019-03-30;6;15751,188;9045,663;-147,763;78,575;6363,025;35,413;460,188
2019-03-30;7;16788,650;9395,713;-26,788;78,475;6248,350;523,488;648,863
2019-03-30;8;18126,375;10201,438;-9,863;78,388;5937,963;933,513;1070,938
2019-03-30;9;19327,688;11506,138;130,900;9,875;5656,363;855,950;1322,288
2019-03-30;10;19819,300;12189,625;166,300;0,000;5565,300;742,738;1336,813
2019-03-30;11;19861,813;12014,750;126,613;0,000;5702,988;818,200;1340,450
2019-03-30;12;19688,350;11660,825;11,588;0,000;5901,013;789,375;1347,850
2019-03-30;13;19384,038;11357,188;-3,438;0,000;5859,550;840,638;1342,200
2019-03-30;14;19119,738;11232,763;-4,313;0,000;5715,075;854,213;1327,400
2019-03-30;15;18418,838;10702,013;-4,300;0,000;5601,300;808,913;1316,475
2019-03-30;16;18102,125;10457,650;6,863;0,000;5520,825;813,313;1319,050
2019-03-30;17;17906,538;10355,600;172,188;0,000;5446,425;782,813;1322,738
2019-03-30;18;17996,888;10426,938;651,413;0,000;5506,100;728,250;1338,850
2019-03-30;19;19156,250;11152,888;1061,888;0,000;5894,800;758,275;1350,125
2019-03-30;20;20017,700;11551,338;1272,275;0,000;6329,338;793,163;1341,738
2019-03-30;21;19535,113;10722,500;719,488;0,000;6686,900;777,563;1347,363
2019-03-30;22;18289,100;9327,763;343,213;0,000;6951,975;740,088;1283,438
2019-03-30;23;17150,888;8940,238;126,913;0,000;7002,388;558,475;666,563
2019-03-30;24;16045,563;8718,938;-0,350;0,000;7034,875;47,263;276,613
