Data;Godzina;Krajowe zapotrzebowanie na moc;Sumaryczna generacja JWCD;Generacja PI;Generacja IRZ;Sumaryczna generacja nJWCD;Krajowe saldo wymiany miêdzysystemowej równoleg³ej;Krajowe saldo wymiany miêdzysystemowej nierównoleg³ej
2019-11-18;1;15139,763;8068,350;-585,138;0,000;7564,813;-54,488;149,988
2019-11-18;2;14828,913;8615,575;-1130,588;0,000;7523,475;-329,100;149,050
2019-11-18;3;14580,350;8530,763;-1192,013;0,000;7519,700;-425,500;148,713
2019-11-18;4;14701,213;8394,138;-1185,850;0,000;7553,563;-150,063;92,675
2019-11-18;5;15100,388;8755,575;-1103,600;0,000;7640,063;-79,763;-108,225
2019-11-18;6;16205,300;8783,838;-577,175;0,000;7832,975;-29,875;195,100
2019-11-18;7;19456,313;10785,913;-39,088;0,000;7929,225;305,400;472,150
2019-11-18;8;21454,588;12734,300;-5,288;4,088;7935,963;272,438;511,988
2019-11-18;9;22567,250;13282,638;-6,063;27,738;8014,138;597,488;675,400
2019-11-18;10;22746,663;12993,738;45,963;72,288;7727,263;850,663;1190,163
2019-11-18;11;22615,050;13371,950;116,475;76,425;7341,688;672,325;1241,975
2019-11-18;12;22869,825;13751,463;-3,438;75,013;7122,350;761,363;1243,850
2019-11-18;13;22896,475;13841,325;-6,188;75,325;7040,800;784,200;1244,150
2019-11-18;14;23006,688;14019,850;-5,950;76,575;7012,488;787,763;1197,775
2019-11-18;15;22783,825;13923,400;-5,425;78,013;7235,275;498,800;1130,600
2019-11-18;16;22975,075;13858,663;-3,975;76,763;7519,788;734,375;871,588
2019-11-18;17;23952,863;14473,550;350,088;74,225;7799,925;810,475;869,713
2019-11-18;18;23978,938;14472,613;695,238;75,400;7901,600;783,250;820,400
2019-11-18;19;23429,688;13329,313;761,438;75,213;7911,075;1229,763;969,838
2019-11-18;20;23189,413;12951,663;862,638;76,113;7740,500;1273,525;1226,788
2019-11-18;21;22537,175;12267,850;828,438;76,100;7725,438;1315,375;1240,913
2019-11-18;22;20999,438;11005,113;584,600;76,125;7522,075;1249,650;1240,713
2019-11-18;23;19406,313;9359,275;83,350;77,213;7381,288;1434,663;1238,275
2019-11-18;24;18184,663;8803,875;-236,013;76,825;7308,988;1241,238;1082,150
