Data;Godzina;Krajowe zapotrzebowanie na moc;Sumaryczna generacja JWCD;Generacja PI;Generacja IRZ;Sumaryczna generacja nJWCD;Krajowe saldo wymiany miêdzysystemowej równoleg³ej;Krajowe saldo wymiany miêdzysystemowej nierównoleg³ej
2019-08-10;1;16007,250;10069,550;-7,550;0,000;4427,713;853,675;670,550
2019-08-10;2;15196,788;9453,213;-7,038;0,000;4625,050;569,425;564,438
2019-08-10;3;14848,250;9432,838;-6,988;0,000;4747,013;297,425;382,800
2019-08-10;4;14866,775;9628,213;-8,650;0,000;4887,800;112,075;254,175
2019-08-10;5;14861,313;9614,850;-62,063;0,000;5076,900;55,750;177,063
2019-08-10;6;14380,038;9559,713;-496,075;0,000;5104,700;12,825;199,588
2019-08-10;7;15363,363;10072,313;-370,588;0,000;4969,613;323,713;369,888
2019-08-10;8;16528,563;10646,588;-6,300;0,000;4746,750;575,575;570,975
2019-08-10;9;17869,938;11860,050;56,575;0,000;4534,663;838,550;648,638
2019-08-10;10;18752,450;13045,675;133,163;0,000;4349,175;707,513;657,988
2019-08-10;11;19197,700;13183,663;20,250;0,000;4578,575;781,775;664,663
2019-08-10;12;19486,550;13343,263;124,438;0,000;4808,913;686,350;657,663
2019-08-10;13;19467,388;13179,100;200,988;0,000;4871,438;764,550;659,413
2019-08-10;14;19091,938;12961,675;195,363;0,000;4719,938;762,713;653,550
2019-08-10;15;18601,550;12338,050;71,925;0,000;4750,550;854,463;667,163
2019-08-10;16;18177,363;12052,863;-6,238;0,000;4750,038;717,888;661,000
2019-08-10;17;18013,488;11936,275;-6,300;0,000;4728,613;673,800;675,275
2019-08-10;18;17916,113;11694,813;55,500;0,000;4736,475;817,888;664,638
2019-08-10;19;17751,413;11607,163;242,450;0,000;4628,738;854,500;669,550
2019-08-10;20;17832,150;11717,388;484,413;0,000;4635,000;817,450;663,150
2019-08-10;21;18158,550;12091,475;450,963;0,000;4682,950;726,663;660,200
2019-08-10;22;18038,113;11854,138;397,650;0,000;4719,275;805,088;662,913
2019-08-10;23;16855,313;10728,313;310,625;0,000;4706,463;767,775;662,350
2019-08-10;24;15707,563;9657,613;10,600;0,000;4675,550;733,250;656,738
