Data;Godzina;Krajowe zapotrzebowanie na moc;Sumaryczna generacja JWCD;Generacja PI;Generacja IRZ;Sumaryczna generacja nJWCD;Krajowe saldo wymiany miêdzysystemowej równoleg³ej;Krajowe saldo wymiany miêdzysystemowej nierównoleg³ej
2019-01-01;1;15011,513;7353,375;-11,388;86,875;8577,838;-300,363;-608,613
2019-01-01;2;14466,588;6142,913;-56,713;86,875;8759,125;-100,113;-278,350
2019-01-01;3;13773,575;5316,113;-221,925;86,800;8756,275;-46,525;-24,813
2019-01-01;4;13406,200;5173,213;-770,300;86,800;8985,838;23,550;-5,850
2019-01-01;5;13216,300;5042,863;-879,838;86,800;9113,888;-29,025;-29,213
2019-01-01;6;13126,400;5127,038;-960,838;86,800;9350,488;-16,550;-367,388
2019-01-01;7;13215,613;5086,238;-1071,263;86,875;9563,113;13,263;-372,513
2019-01-01;8;13087,738;5029,700;-1227,963;87,175;9678,100;-48,213;-329,838
2019-01-01;9;12992,963;5038,763;-1430,888;87,175;9702,875;46,788;-352,700
2019-01-01;10;13425,550;5559,438;-1085,650;87,025;9704,688;56,738;-802,138
2019-01-01;11;14082,938;5516,138;-297,525;86,875;9770,050;-98,313;-807,675
2019-01-01;12;14688,338;5819,413;-2,063;86,875;9863,988;-167,025;-819,638
2019-01-01;13;15234,813;6308,575;182,188;86,800;10091,550;-299,900;-858,538
2019-01-01;14;15708,925;6528,988;327,538;87,100;10196,163;-133,238;-866,663
2019-01-01;15;15801,488;6740,000;383,675;86,950;10199,475;-259,750;-867,313
2019-01-01;16;15845,063;6625,588;532,138;87,025;10187,238;-74,950;-883,375
2019-01-01;17;16939,900;7539,863;524,188;87,025;10292,488;-57,988;-823,763
2019-01-01;18;17255,900;7595,250;740,738;87,175;10397,900;48,688;-786,725
2019-01-01;19;17339,400;7699,688;763,725;87,100;10374,688;-26,813;-699,475
2019-01-01;20;17350,238;7646,575;873,813;86,875;10319,625;-12,150;-599,938
2019-01-01;21;16974,088;7540,275;756,700;87,100;10216,113;-34,275;-740,463
2019-01-01;22;16279,038;6957,488;404,950;86,800;10175,625;-100,650;-740,238
2019-01-01;23;15653,888;6353,175;43,200;86,950;10123,125;-81,375;-723,400
2019-01-01;24;14593,100;5464,550;-96,638;86,950;10011,850;-78,600;-696,400
