Data;Godzina;Krajowe zapotrzebowanie na moc;Sumaryczna generacja JWCD;Generacja PI;Generacja IRZ;Sumaryczna generacja nJWCD;Krajowe saldo wymiany miêdzysystemowej równoleg³ej;Krajowe saldo wymiany miêdzysystemowej nierównoleg³ej
2019-05-06;1;14357,550;9214,475;-136,875;0,000;5119,463;63,600;98,700
2019-05-06;2;13953,813;8940,475;-263,438;0,000;5165,150;69,650;42,475
2019-05-06;3;13769,125;9032,438;-463,363;0,000;5148,175;3,000;50,463
2019-05-06;4;13850,613;9166,650;-478,425;0,000;5112,225;5,113;44,775
2019-05-06;5;14072,450;9526,900;-476,575;0,000;4967,863;3,388;50,413
2019-05-06;6;14625,963;9553,213;-441,963;0,000;4916,263;221,063;378,713
2019-05-06;7;17637,063;12089,875;49,388;0,000;4872,363;283,238;421,500
2019-05-06;8;20151,613;14974,475;112,350;0,000;4631,525;416,275;128,050
2019-05-06;9;21278,950;15674,313;17,325;0,000;4568,163;533,625;526,213
2019-05-06;10;21568,675;15803,625;129,800;0,000;4706,325;477,700;604,125
2019-05-06;11;21558,900;15453,925;92,325;0,000;4941,400;419,650;754,788
2019-05-06;12;21876,925;15519,700;100,775;0,000;5086,250;485,538;792,850
2019-05-06;13;21976,063;15600,888;104,175;0,000;5137,088;534,875;717,250
2019-05-06;14;21877,125;15384,713;26,388;0,000;5239,200;535,550;721,325
2019-05-06;15;21492,725;14732,338;-2,550;0,000;5438,788;514,188;811,088
2019-05-06;16;21247,725;14217,513;-4,100;0,000;5669,838;561,725;807,075
2019-05-06;17;20873,313;13804,075;-3,825;0,000;5697,313;562,450;809,700
2019-05-06;18;20597,475;13699,550;101,213;0,000;5660,863;437,713;805,888
2019-05-06;19;20534,950;13808,488;30,975;0,000;5488,663;425,838;809,513
2019-05-06;20;20885,075;14306,363;373,725;0,000;5286,500;478,200;809,125
2019-05-06;21;21429,525;14635,225;733,075;0,000;5551,725;436,588;804,600
2019-05-06;22;20866,025;13788,163;728,450;0,000;5757,850;508,363;815,425
2019-05-06;23;19157,475;12003,163;486,000;0,000;5783,963;483,750;897,563
2019-05-06;24;17687,288;10507,263;130,175;0,000;5810,388;490,463;897,888
