Data;Godzina;Krajowe zapotrzebowanie na moc;Sumaryczna generacja JWCD;Generacja PI;Generacja IRZ;Sumaryczna generacja nJWCD;Krajowe saldo wymiany miêdzysystemowej równoleg³ej;Krajowe saldo wymiany miêdzysystemowej nierównoleg³ej
2019-06-19;1;17059,125;12668,500;-33,663;76,438;4213,325;23,125;191,488
2019-06-19;2;16396,200;12248,925;-191,863;76,613;4255,350;-45,213;134,238
2019-06-19;3;16017,563;11879,413;-290,075;80,000;4367,313;-62,075;128,400
2019-06-19;4;15931,013;11951,300;-568,775;89,425;4437,913;-37,575;148,475
2019-06-19;5;15628,725;11658,213;-584,363;105,075;4395,025;15,775;147,738
2019-06-19;6;16029,025;11748,188;-394,313;123,875;4163,300;152,025;371,588
2019-06-19;7;18571,988;13732,425;-20,800;143,813;3831,350;425,313;610,063
2019-06-19;8;20837,975;15972,588;-7,225;146,113;3358,388;773,763;740,575
2019-06-19;9;21879,988;16989,300;-7,250;149,450;3179,363;968,513;747,538
2019-06-19;10;22141,538;17022,313;10,050;163,625;3324,438;1002,975;801,275
2019-06-19;11;22182,925;16837,788;122,825;218,213;3560,600;986,288;808,100
2019-06-19;12;22735,125;17141,038;228,213;263,150;3734,500;1009,763;856,300
2019-06-19;13;23071,288;17406,250;384,913;263,688;3774,375;1037,988;849,050
2019-06-19;14;23020,288;17414,175;414,750;264,500;3647,088;1051,850;908,213
2019-06-19;15;22696,613;17200,325;273,238;290,475;3562,588;1072,488;862,950
2019-06-19;16;22533,488;16998,613;130,213;284,688;3498,363;1101,250;939,463
2019-06-19;17;22157,675;16663,613;13,288;161,213;3487,475;979,588;1029,838
2019-06-19;18;21852,863;16323,500;5,700;145,138;3515,313;919,275;1097,788
2019-06-19;19;21393,275;15876,525;51,750;145,213;3536,663;758,500;1209,600
2019-06-19;20;21302,863;15782,575;51,575;79,200;3518,438;774,988;1226,300
2019-06-19;21;20979,700;15400,025;51,488;69,638;3712,350;641,550;1229,850
2019-06-19;22;20587,950;14597,650;31,150;60,888;3917,600;841,700;1232,150
2019-06-19;23;19498,425;13556,913;-2,788;0,000;4020,075;686,525;1231,413
2019-06-19;24;18005,650;11972,613;-4,188;0,000;4018,350;788,575;1227,813
