Data;Godzina;Krajowe zapotrzebowanie na moc;Sumaryczna generacja JWCD;Generacja PI;Generacja IRZ;Sumaryczna generacja nJWCD;Krajowe saldo wymiany miêdzysystemowej równoleg³ej;Krajowe saldo wymiany miêdzysystemowej nierównoleg³ej
2019-01-13;1;16741,163;8622,350;-33,175;0,000;8693,975;114,050;-643,863
2019-01-13;2;16103,850;8324,900;-246,475;0,000;8654,100;24,413;-644,763
2019-01-13;3;15688,975;8238,113;-397,300;0,000;8494,675;-12,863;-623,300
2019-01-13;4;15566,538;8200,163;-634,075;0,000;8621,775;42,300;-652,575
2019-01-13;5;15513,788;8318,138;-715,363;0,000;8558,975;25,750;-662,100
2019-01-13;6;15593,625;8357,713;-660,038;0,000;8571,213;31,063;-689,725
2019-01-13;7;16002,288;8409,450;-166,550;0,000;8531,625;21,125;-783,188
2019-01-13;8;16223,563;8530,225;-7,238;0,000;8408,913;75,713;-776,513
2019-01-13;9;16961,238;8907,363;10,313;0,000;8540,950;282,100;-755,400
2019-01-13;10;17955,925;9760,225;185,688;0,000;8780,488;318,525;-889,350
2019-01-13;11;18629,425;10460,263;329,713;0,000;8941,475;177,450;-937,800
2019-01-13;12;19060,288;10571,563;352,325;0,000;9146,488;302,513;-948,300
2019-01-13;13;19199,738;10709,275;330,163;0,000;9214,788;234,013;-942,638
2019-01-13;14;19365,463;10918,525;364,688;0,000;9252,550;137,188;-933,950
2019-01-13;15;19011,675;10654,088;320,763;0,000;9386,975;-126,988;-893,650
2019-01-13;16;18799,638;10210,575;347,613;0,000;9689,513;-161,038;-925,050
2019-01-13;17;19752,438;10966,550;356,963;0,000;9931,463;-453,088;-686,938
2019-01-13;18;20101,400;11092,750;492,350;0,000;10246,263;-549,075;-681,388
2019-01-13;19;20085,650;11041,800;738,288;0,000;10297,950;-480,688;-756,213
2019-01-13;20;20183,188;10755,650;669,438;0,000;10327,875;-456,625;-421,913
2019-01-13;21;19732,325;10379,150;578,538;0,000;10226,538;-561,713;-296,550
2019-01-13;22;19042,488;9699,925;288,488;0,000;10191,800;-345,325;-488,063
2019-01-13;23;18262,875;9022,138;12,088;0,000;10073,925;-162,888;-646,063
2019-01-13;24;17263,713;7995,450;-215,250;0,000;9947,400;-129,275;-320,825
