Data;Godzina;Krajowe zapotrzebowanie na moc;Sumaryczna generacja JWCD;Generacja PI;Generacja IRZ;Sumaryczna generacja nJWCD;Krajowe saldo wymiany miêdzysystemowej równoleg³ej;Krajowe saldo wymiany miêdzysystemowej nierównoleg³ej
2019-09-09;1;13975,975;9610,300;-80,763;0,000;3418,838;475,338;558,675
2019-09-09;2;13690,275;9873,288;-206,300;0,000;3490,575;203,675;332,288
2019-09-09;3;13551,850;9816,750;-323,588;0,000;3565,325;209,350;286,863
2019-09-09;4;13514,475;9832,450;-323,838;0,000;3592,950;138,425;278,075
2019-09-09;5;13917,675;9778,575;-322,975;0,000;3756,238;294,938;414,238
2019-09-09;6;14739,888;10272,775;-323,063;0,000;3859,150;551,650;383,088
2019-09-09;7;17416,738;12402,863;-44,163;0,000;4100,650;689,825;272,200
2019-09-09;8;19715,400;14955,338;-3,213;0,000;4273,900;343,088;151,025
2019-09-09;9;20884,225;15989,675;20,488;0,000;4293,725;317,238;305,075
2019-09-09;10;21247,338;16195,263;24,788;0,000;4407,738;292,963;380,238
2019-09-09;11;21132,300;15610,838;25,125;0,000;4414,088;652,475;471,213
2019-09-09;12;21576,513;15831,263;73,300;0,000;4508,263;781,775;471,175
2019-09-09;13;21670,050;15822,338;188,463;0,000;4553,850;834,775;471,675
2019-09-09;14;21567,775;15610,688;293,988;0,000;4619,850;855,088;489,625
2019-09-09;15;21225,388;15016,263;163,350;0,000;4667,813;924,413;627,788
2019-09-09;16;21255,338;15091,888;90,425;0,000;4670,113;894,613;608,213
2019-09-09;17;21020,375;15079,763;127,538;0,000;4605,888;855,225;485,488
2019-09-09;18;20776,488;15173,200;327,900;0,000;4450,838;702,788;455,963
2019-09-09;19;20756,338;15096,013;379,775;0,000;4568,938;722,700;366,088
2019-09-09;20;21928,163;16261,688;478,738;0,000;4863,013;421,638;384,400
2019-09-09;21;21997,475;15206,075;385,625;0,000;5124,650;733,225;942,750
2019-09-09;22;20145,788;13049,863;379,425;0,000;4848,100;1033,475;1227,513
2019-09-09;23;18546,013;11432,825;123,538;0,000;4684,163;1181,038;1260,113
2019-09-09;24;17143,038;10508,325;-5,988;0,000;4447,425;966,800;1235,188
