Data;Godzina;Krajowe zapotrzebowanie na moc;Sumaryczna generacja JWCD;Generacja PI;Generacja IRZ;Sumaryczna generacja nJWCD;Krajowe saldo wymiany miêdzysystemowej równoleg³ej;Krajowe saldo wymiany miêdzysystemowej nierównoleg³ej
2019-01-19;1;18739,538;11801,250;-7,638;80,275;7989,875;-806,588;-233,088
2019-01-19;2;18029,200;11654,613;-7,788;80,250;7878,950;-912,400;-585,950
2019-01-19;3;17655,613;11823,525;-7,963;80,038;7646,713;-1172,663;-630,050
2019-01-19;4;17504,738;11870,863;-8,188;71,700;7485,650;-1182,638;-656,288
2019-01-19;5;17666,900;11998,100;-7,563;1,363;7337,613;-980,150;-678,938
2019-01-19;6;17974,563;12312,738;-7,525;0,000;7310,550;-955,350;-683,288
2019-01-19;7;18898,188;12162,963;-8,188;0,000;7144,650;-240,013;-159,075
2019-01-19;8;19697,788;12011,438;-8,488;0,000;7096,100;-27,088;624,700
2019-01-19;9;20887,225;12614,150;38,913;0,000;7106,575;278,750;893,625
2019-01-19;10;21871,400;13326,088;44,038;0,000;6984,888;377,975;1198,363
2019-01-19;11;22082,175;13778,713;34,275;0,000;6835,563;372,038;1108,925
2019-01-19;12;22266,425;13923,963;-1,775;0,000;6873,388;223,313;1240,600
2019-01-19;13;22038,075;13571,463;-7,063;0,000;6861,713;362,050;1258,888
2019-01-19;14;21749,838;13250,975;-6,938;0,000;6848,025;407,338;1258,950
2019-01-19;15;21090,038;12620,388;-6,838;0,000;6738,238;499,525;1247,650
2019-01-19;16;21008,313;12522,063;28,850;0,000;6724,425;505,238;1259,725
2019-01-19;17;21916,438;13547,138;86,650;0,000;6805,150;315,025;1257,475
2019-01-19;18;22271,363;14131,563;65,725;0,000;6878,500;64,413;1202,863
2019-01-19;19;21996,563;13877,700;37,075;0,000;6884,138;23,400;1222,363
2019-01-19;20;21785,025;13405,825;24,625;0,000;6878,138;266,663;1247,463
2019-01-19;21;21201,750;12748,713;10,050;0,000;6870,488;334,238;1260,063
2019-01-19;22;20061,213;11781,113;7,350;0,000;6906,650;227,275;1151,725
2019-01-19;23;19133,025;11653,413;-8,600;0,000;6835,713;54,250;601,288
2019-01-19;24;18034,888;11667,975;-10,363;0,000;6761,913;-182,438;-191,100
