Data;Godzina;Krajowe zapotrzebowanie na moc;Sumaryczna generacja JWCD;Generacja PI;Generacja IRZ;Sumaryczna generacja nJWCD;Krajowe saldo wymiany miêdzysystemowej równoleg³ej;Krajowe saldo wymiany miêdzysystemowej nierównoleg³ej
2019-07-02;1;17065,288;11086,163;-14,838;76,988;4504,663;572,275;949,450
2019-07-02;2;16571,188;11381,375;-264,063;76,775;4668,588;281,100;512,988
2019-07-02;3;16154,025;11619,063;-424,388;80,600;4604,875;98,375;254,200
2019-07-02;4;16182,600;11931,013;-599,675;74,550;4683,525;8,438;164,200
2019-07-02;5;15732,288;11446,500;-681,913;78,763;4854,463;-63,263;175,950
2019-07-02;6;15923,975;11063,538;-554,438;74,813;4953,113;98,038;374,700
2019-07-02;7;18111,250;12629,200;-114,863;77,138;4705,525;240,775;646,313
2019-07-02;8;20087,925;14131,250;-2,613;73,988;4805,863;271,363;879,175
2019-07-02;9;21223,788;15187,588;-2,563;77,863;5152,038;17,150;867,450
2019-07-02;10;21500,025;14918,450;42,025;75,788;5534,463;19,150;1032,675
2019-07-02;11;21651,575;14774,238;46,063;74,300;5870,625;44,800;964,863
2019-07-02;12;21980,650;14806,150;44,325;74,613;6267,925;-37,413;951,338
2019-07-02;13;22064,500;15043,263;27,975;75,000;6519,775;-37,550;542,075
2019-07-02;14;21997,538;14857,425;0,825;78,538;6503,900;19,688;610,525
2019-07-02;15;21536,213;14314,450;-2,925;78,200;6577,338;161,113;474,088
2019-07-02;16;21389,638;13997,325;-10,338;74,700;6668,300;116,150;617,500
2019-07-02;17;21023,913;13908,013;-6,800;76,525;6591,288;-45,013;580,525
2019-07-02;18;20714,063;13691,850;17,863;73,663;6551,513;-114,813;593,550
2019-07-02;19;20435,225;13326,500;306,325;75,338;6313,325;195,425;606,475
2019-07-02;20;20464,463;12943,925;338,900;75,275;5986,338;407,813;1133,988
2019-07-02;21;20376,800;13147,000;321,063;74,813;5374,650;585,275;1275,750
2019-07-02;22;20159,700;12930,325;67,500;73,763;5129,550;833,138;1274,750
2019-07-02;23;19279,450;12011,588;-6,288;72,650;5075,663;935,713;1275,550
2019-07-02;24;17993,500;10833,000;-6,138;76,113;5099,438;844,800;1232,563
