Data;Godzina;Krajowe zapotrzebowanie na moc;Sumaryczna generacja JWCD;Generacja PI;Generacja IRZ;Sumaryczna generacja nJWCD;Krajowe saldo wymiany miêdzysystemowej równoleg³ej;Krajowe saldo wymiany miêdzysystemowej nierównoleg³ej
2019-03-15;1;18095,375;10240,125;-13,075;144,975;7623,063;-14,375;263,475
2019-03-15;2;17440,938;9938,788;-210,100;145,875;7471,538;5,400;243,300
2019-03-15;3;17190,988;9791,988;-336,375;144,063;7508,175;-21,275;248,800
2019-03-15;4;17183,325;10024,238;-400,325;144,413;7435,263;-17,188;148,163
2019-03-15;5;17506,225;10760,850;-613,913;144,588;7467,750;-54,663;-52,900
2019-03-15;6;17986,113;10632,800;-611,588;144,763;7653,363;11,388;301,038
2019-03-15;7;20080,738;11607,000;-347,438;145,625;7865,288;201,088;758,613
2019-03-15;8;22138,013;12138,275;-5,313;148,888;8257,850;442,375;1302,463
2019-03-15;9;23212,850;12791,413;134,588;173,763;8527,800;554,000;1335,938
2019-03-15;10;23423,463;13040,338;345,625;174,650;8646,738;405,125;1347,238
2019-03-15;11;23272,125;12856,025;448,700;174,375;8637,675;441,413;1344,063
2019-03-15;12;23553,088;12970,613;552,838;174,450;8740,338;501,825;1340,825
2019-03-15;13;23475,988;13002,663;471,788;175,588;8676,725;472,900;1326,513
2019-03-15;14;23421,788;13051,525;411,800;172,863;8573,738;476,475;1322,938
2019-03-15;15;23036,588;12875,588;161,250;175,925;8265,150;551,413;1341,500
2019-03-15;16;22796,713;12657,425;181,513;174,175;8278,975;513,613;1342,950
2019-03-15;17;22514,313;12473,475;431,750;174,738;8234,100;465,925;1340,238
2019-03-15;18;22657,538;12218,150;460,038;174,488;8612,813;486,088;1345,788
2019-03-15;19;23450,925;12085,300;518,088;174,263;9540,250;495,375;1342,688
2019-03-15;20;23546,600;11381,725;660,013;175,113;10330,225;520,013;1315,788
2019-03-15;21;22799,875;10908,125;523,975;173,900;10597,025;329,450;975,838
2019-03-15;22;21285,488;9988,038;182,863;149,788;10542,238;123,000;648,450
2019-03-15;23;19865,238;9301,738;185,513;85,213;10212,313;73,463;285,388
2019-03-15;24;18651,525;8600,938;201,700;73,588;9829,925;-10,013;247,900
