Data;Godzina;Krajowe zapotrzebowanie na moc;Sumaryczna generacja JWCD;Generacja PI;Generacja IRZ;Sumaryczna generacja nJWCD;Krajowe saldo wymiany miêdzysystemowej równoleg³ej;Krajowe saldo wymiany miêdzysystemowej nierównoleg³ej
2019-12-06;1;18490,025;9707,075;-177,225;0,000;8937,888;-264,550;295,613
2019-12-06;2;17933,988;9556,025;-834,875;0,000;9234,313;-557,725;539,688
2019-12-06;3;17665,538;9362,875;-1116,075;0,000;9440,463;-636,050;618,763
2019-12-06;4;17778,138;9235,438;-1111,375;0,000;9565,688;-606,188;690,638
2019-12-06;5;18144,075;9549,350;-1108,438;0,000;9774,500;-415,725;354,688
2019-12-06;6;19040,800;10344,913;-789,263;0,000;9871,850;-743,350;360,138
2019-12-06;7;21924,888;12051,963;65,263;0,000;10009,450;-1086,363;1010,863
2019-12-06;8;23739,213;14261,288;38,425;0,000;10036,263;-1448,725;898,138
2019-12-06;9;24314,338;14360,113;47,938;0,000;10049,838;-975,375;882,563
2019-12-06;10;24236,563;14788,750;57,563;0,000;9828,000;-1253,563;881,138
2019-12-06;11;23919,650;14102,275;6,650;0,000;9635,925;-690,050;874,800
2019-12-06;12;23980,638;14122,400;7,050;0,000;9462,250;-477,575;888,213
2019-12-06;13;23951,088;13657,113;75,388;0,000;9307,200;-192,888;1188,038
2019-12-06;14;24132,725;13827,138;181,213;0,000;9130,500;-145,588;1328,988
2019-12-06;15;23928,100;13902,263;215,200;0,000;9104,300;-417,275;1341,513
2019-12-06;16;24351,025;14396,025;359,288;0,000;9329,238;-632,900;1267,313
2019-12-06;17;25200,100;15044,363;737,875;0,000;9541,050;-737,088;1349,400
2019-12-06;18;25004,850;14647,900;686,563;0,000;9621,300;-529,763;1267,688
2019-12-06;19;24428,550;13953,263;824,613;0,000;9605,800;-483,150;1354,488
2019-12-06;20;24241,400;13601,150;748,338;0,000;9615,413;-320,363;1359,450
2019-12-06;21;23482,875;12794,125;623,038;0,000;9528,488;-178,550;1338,713
2019-12-06;22;22187,075;11728,925;425,013;0,000;9518,788;-240,200;1182,863
2019-12-06;23;20758,038;10577,313;138,700;0,000;9430,013;43,875;716,850
2019-12-06;24;19447,638;9836,175;-5,013;0,000;9356,150;-35,475;304,425
