Data;Godzina;Krajowe zapotrzebowanie na moc;Sumaryczna generacja JWCD;Generacja PI;Generacja IRZ;Sumaryczna generacja nJWCD;Krajowe saldo wymiany miêdzysystemowej równoleg³ej;Krajowe saldo wymiany miêdzysystemowej nierównoleg³ej
2019-08-18;1;14018,100;8703,375;-8,388;70,338;4518,838;370,100;437,850
2019-08-18;2;13440,388;8431,738;-9,850;70,263;4397,100;260,225;360,975
2019-08-18;3;13107,025;8491,775;-198,988;70,188;4293,263;233,525;287,038
2019-08-18;4;12879,775;8454,713;-327,125;70,300;4148,988;260,825;338,488
2019-08-18;5;12826,650;8553,463;-503,950;70,175;4051,188;362,175;363,738
2019-08-18;6;12364,275;8769,838;-579,313;70,338;4008,350;-31,563;199,575
2019-08-18;7;12521,363;8207,450;-662,388;70,250;3879,350;541,900;561,313
2019-08-18;8;13388,313;8780,538;-367,625;70,250;3545,688;798,900;633,100
2019-08-18;9;14244,888;9530,875;-6,050;70,238;3278,388;785,400;658,750
2019-08-18;10;15084,225;10373,025;-6,250;70,213;3331,563;729,525;654,263
2019-08-18;11;15506,650;10511,625;-6,500;70,263;3534,325;812,388;654,588
2019-08-18;12;15711,088;10452,388;28,100;70,288;3853,638;839,513;570,188
2019-08-18;13;15815,325;10241,263;177,725;70,200;4094,150;935,013;546,713
2019-08-18;14;15727,113;10191,275;280,275;70,313;4138,925;889,825;513,888
2019-08-18;15;15523,463;9838,963;210,038;70,275;4182,325;978,413;552,913
2019-08-18;16;15314,163;9626,675;10,400;70,238;4171,263;866,375;657,800
2019-08-18;17;15318,713;9545,000;-6,325;70,225;4245,750;867,888;667,250
2019-08-18;18;15389,075;9631,238;59,250;70,125;4232,825;869,113;660,388
2019-08-18;19;15599,550;10082,375;318,613;70,263;4013,425;846,888;657,863
2019-08-18;20;15980,938;10532,038;664,550;70,200;3984,388;818,075;654,263
2019-08-18;21;16984,775;11206,163;638,750;70,288;4289,363;822,438;668,713
2019-08-18;22;16842,525;10507,538;557,313;70,188;4760,750;919,100;661,875
2019-08-18;23;15968,688;9375,175;275,813;69,875;5117,100;830,550;655,500
2019-08-18;24;14899,513;8624,813;-54,513;70,238;4943,200;769,600;620,313
