Data;Godzina;Krajowe zapotrzebowanie na moc;Sumaryczna generacja JWCD;Generacja PI;Generacja IRZ;Sumaryczna generacja nJWCD;Krajowe saldo wymiany miêdzysystemowej równoleg³ej;Krajowe saldo wymiany miêdzysystemowej nierównoleg³ej
2019-01-20;1;16999,963;11177,263;-11,175;0,000;6702,850;-694,263;-170,450
2019-01-20;2;16383,063;10990,563;-11,250;0,000;6632,038;-729,300;-497,300
2019-01-20;3;16068,888;10961,525;-12,850;0,000;6626,363;-870,800;-627,175
2019-01-20;4;15934,150;10993,700;-11,713;0,000;6567,150;-953,688;-655,375
2019-01-20;5;15963,900;11172,988;-11,775;0,000;6564,338;-1073,975;-683,188
2019-01-20;6;16146,750;11376,825;-11,525;0,000;6548,963;-1097,738;-663,538
2019-01-20;7;16487,963;10804,375;-11,625;0,000;6609,613;-743,525;-162,388
2019-01-20;8;16804,838;10794,988;6,725;0,000;6656,488;-503,075;-127,275
2019-01-20;9;17536,613;11376,450;28,088;0,000;6687,425;-408,350;-110,575
2019-01-20;10;18425,088;11706,075;30,125;0,000;6697,850;-102,113;145,513
2019-01-20;11;18905,513;11548,013;28,000;0,000;6768,938;475,688;133,550
2019-01-20;12;19124,713;11483,338;30,525;0,000;6816,750;453,838;383,088
2019-01-20;13;19220,225;11618,988;-7,963;0,000;6757,525;417,600;448,513
2019-01-20;14;19232,213;11539,600;-8,775;0,000;6686,413;490,038;533,800
2019-01-20;15;18931,850;11468,738;-9,825;0,000;6711,238;271,000;495,988
2019-01-20;16;18636,025;11323,438;-10,100;0,000;6782,450;-32,100;580,125
2019-01-20;17;19589,088;12062,388;27,788;0,000;6870,588;-158,688;824,113
2019-01-20;18;20459,263;13368,850;31,775;0,000;7007,675;-602,800;692,138
2019-01-20;19;20583,450;13506,988;83,175;0,000;7134,088;-693,875;649,988
2019-01-20;20;20741,700;13282,125;46,075;0,000;7213,263;-661,863;919,550
2019-01-20;21;20371,300;12736,163;12,000;0,000;7212,250;-507,263;945,863
2019-01-20;22;19567,200;12146,600;8,150;0,000;7125,088;-694,825;1005,325
2019-01-20;23;18854,225;12114,950;-6,788;0,000;7147,613;-1253,650;857,863
2019-01-20;24;17942,850;11777,150;-11,663;0,000;7159,963;-1125,788;154,338
