Data;Godzina;Krajowe zapotrzebowanie na moc;Sumaryczna generacja JWCD;Generacja PI;Generacja IRZ;Sumaryczna generacja nJWCD;Krajowe saldo wymiany miêdzysystemowej równoleg³ej;Krajowe saldo wymiany miêdzysystemowej nierównoleg³ej
2019-01-11;1;19200,963;12826,125;-144,138;0,000;6485,175;-903,925;938,000
2019-01-11;2;18519,688;12314,325;-277,400;0,000;6503,113;-858,288;836,150
2019-01-11;3;18186,688;11507,413;-142,413;0,000;6581,100;-387,800;624,588
2019-01-11;4;18107,013;11414,063;-93,850;0,000;6672,888;-418,400;525,950
2019-01-11;5;18393,238;11632,313;-308,638;0,000;6798,275;-414,263;679,113
2019-01-11;6;19277,325;12083,163;-382,388;0,000;6923,550;-105,263;765,875
2019-01-11;7;21956,250;14013,175;-98,463;0,000;7094,875;12,725;944,313
2019-01-11;8;23955,725;16171,550;-6,700;0,000;7424,413;-485,150;849,350
2019-01-11;9;24619,363;16249,025;54,963;0,000;7737,125;-178,288;810,863
2019-01-11;10;25111,913;16204,175;91,775;0,000;8057,150;-100,213;953,425
2019-01-11;11;25131,625;15913,363;43,013;0,000;8298,313;-36,825;976,650
2019-01-11;12;25231,800;15945,025;277,400;0,000;8300,000;39,438;970,500
2019-01-11;13;25260,100;15873,813;274,288;0,000;8483,400;13,838;924,263
2019-01-11;14;25346,188;15739,613;128,825;0,000;8772,238;-64,150;928,413
2019-01-11;15;24905,525;15279,588;-4,700;0,000;9035,900;-190,288;808,988
2019-01-11;16;24765,613;15107,975;31,700;0,000;9214,413;-244,038;716,438
2019-01-11;17;25627,413;15746,538;35,300;0,000;9298,750;-153,725;754,313
2019-01-11;18;25642,300;15800,588;12,638;0,000;9285,950;-242,725;813,325
2019-01-11;19;25168,913;15253,613;4,250;0,000;9266,275;-133,538;801,063
2019-01-11;20;24940,938;14982,125;5,363;0,000;9017,375;109,025;849,350
2019-01-11;21;24170,675;13940,450;7,238;0,000;8895,825;390,825;966,825
2019-01-11;22;22671,938;12788,913;10,363;0,000;8891,288;193,250;822,150
2019-01-11;23;21130,363;11893,050;-4,700;0,000;8814,050;-28,738;467,588
2019-01-11;24;19940,638;11115,488;-7,938;0,000;8811,663;-47,925;87,663
