Data;Godzina;Krajowe zapotrzebowanie na moc;Sumaryczna generacja JWCD;Generacja PI;Generacja IRZ;Sumaryczna generacja nJWCD;Krajowe saldo wymiany miêdzysystemowej równoleg³ej;Krajowe saldo wymiany miêdzysystemowej nierównoleg³ej
2019-04-26;1;16844,763;11516,900;-370,438;0,000;4572,150;401,675;738,150
2019-04-26;2;16134,200;11727,300;-578,063;0,000;4516,563;117,388;361,013
2019-04-26;3;15892,000;12118,175;-754,000;0,000;4395,388;23,263;112,463
2019-04-26;4;15899,400;12349,450;-875,375;0,000;4414,825;-36,813;53,288
2019-04-26;5;16105,475;12204,975;-941,225;3,163;4417,550;313,363;118,050
2019-04-26;6;16115,038;11655,600;-1062,713;59,488;4441,550;511,925;574,675
2019-04-26;7;18350,400;12420,625;-226,275;113,850;4474,850;777,300;906,150
2019-04-26;8;20346,188;14324,063;-3,013;121,713;4339,400;871,663;815,500
2019-04-26;9;21404,863;15587,963;179,025;151,725;4026,975;848,713;946,350
2019-04-26;10;21702,800;15891,438;353,513;209,038;4084,613;761,025;980,063
2019-04-26;11;21538,513;15462,738;64,863;230,550;4230,450;797,463;1076,613
2019-04-26;12;21860,688;15460,975;40,775;232,238;4477,338;798,950;1140,875
2019-04-26;13;22007,863;15467,688;30,563;230,225;4593,513;839,350;1125,313
2019-04-26;14;21926,225;15579,713;146,450;230,850;4453,975;779,850;1124,338
2019-04-26;15;21569,088;15364,263;132,100;233,175;4375,500;720,675;1124,050
2019-04-26;16;21499,150;15347,963;115,325;89,463;4247,575;803,075;1114,550
2019-04-26;17;21267,800;15431,613;102,425;0,000;4145,025;764,900;942,938
2019-04-26;18;20921,275;15088,813;63,550;0,000;4138,563;735,813;967,175
2019-04-26;19;20615,788;14761,450;200,388;0,000;4123,438;599,575;1146,775
2019-04-26;20;20978,600;14911,550;391,013;0,000;4229,400;717,288;1123,525
2019-04-26;21;21754,263;15262,475;296,363;0,000;4558,775;773,450;1163,950
2019-04-26;22;20846,763;14151,550;214,788;0,000;4846,163;691,500;1170,513
2019-04-26;23;19197,013;12268,788;108,413;0,000;5185,925;600,025;1149,675
2019-04-26;24;17784,563;10914,313;65,613;0,000;5303,538;558,588;1016,488
