Data;Godzina;Krajowe zapotrzebowanie na moc;Sumaryczna generacja JWCD;Generacja PI;Generacja IRZ;Sumaryczna generacja nJWCD;Krajowe saldo wymiany miêdzysystemowej równoleg³ej;Krajowe saldo wymiany miêdzysystemowej nierównoleg³ej
2019-09-03;1;16318,975;10270,550;-117,625;0,000;4001,425;1269,275;900,275
2019-09-03;2;15798,850;10810,200;-392,075;0,000;3909,588;801,300;674,025
2019-09-03;3;15552,275;11099,200;-431,625;0,000;3873,250;496,025;518,325
2019-09-03;4;15525,625;11045,063;-411,813;0,000;3828,713;493,525;571,263
2019-09-03;5;15714,888;10720,238;-403,188;0,000;3850,425;789,050;759,863
2019-09-03;6;16196,125;10500,975;-218,800;0,000;3942,525;1038,263;936,563
2019-09-03;7;18364,650;12449,263;43,700;0,000;3956,638;1304,813;681,775
2019-09-03;8;20383,575;14704,125;-7,988;0,000;3931,588;1046,488;709,150
2019-09-03;9;21249,488;15778,050;-9,775;0,000;3801,075;851,588;832,813
2019-09-03;10;21507,150;15999,613;-11,863;0,000;3790,388;753,575;990,525
2019-09-03;11;21270,063;15609,625;-11,213;0,000;3982,150;712,275;979,813
2019-09-03;12;21531,363;15428,063;9,800;0,000;4244,238;760,825;1104,875
2019-09-03;13;21599,988;15502,275;134,125;0,000;4390,413;722,100;995,550
2019-09-03;14;21594,963;15504,775;271,175;0,000;4388,838;745,225;968,338
2019-09-03;15;21243,938;14658,413;6,625;0,000;4546,738;818,313;1234,613
2019-09-03;16;21083,475;14557,938;-7,413;0,000;4557,263;748,500;1232,463
2019-09-03;17;20965,813;14549,025;112,938;0,000;4553,138;821,038;1048,075
2019-09-03;18;20603,425;14077,850;147,988;0,000;4556,325;968,950;1007,613
2019-09-03;19;20520,425;14047,825;292,175;0,000;4256,625;1351,838;875,750
2019-09-03;20;21369,713;14942,675;350,825;0,000;4174,313;1474,813;783,738
2019-09-03;21;21983,825;14978,063;386,738;0,000;4176,250;1631,438;1211,488
2019-09-03;22;20270,350;13108,088;176,038;0,000;4336,088;1586,288;1256,438
2019-09-03;23;18516,675;11295,438;-9,813;0,000;4441,763;1539,750;1255,900
2019-09-03;24;17269,000;10332,688;-176,125;0,000;4505,225;1390,488;1226,438
