Data;Godzina;Krajowe zapotrzebowanie na moc;Sumaryczna generacja JWCD;Generacja PI;Generacja IRZ;Sumaryczna generacja nJWCD;Krajowe saldo wymiany miêdzysystemowej równoleg³ej;Krajowe saldo wymiany miêdzysystemowej nierównoleg³ej
2019-12-13;1;18490,425;10232,238;-179,450;0,000;6994,575;860,700;590,175
2019-12-13;2;17803,113;10195,288;-410,938;0,000;7165,438;643,063;221,038
2019-12-13;3;17447,113;9993,413;-410,613;0,000;7309,175;579,513;-19,863
2019-12-13;4;17589,450;10151,238;-410,738;0,000;7461,550;422,388;-29,975
2019-12-13;5;17915,913;10108,863;-411,088;0,000;7659,538;469,900;95,875
2019-12-13;6;18799,338;10228,488;-409,438;0,000;7940,788;535,500;511,538
2019-12-13;7;21621,863;11859,550;-60,263;0,000;8344,225;462,413;1015,425
2019-12-13;8;23466,800;13734,875;-9,600;0,000;8513,400;-136,738;1355,138
2019-12-13;9;24276,150;14439,488;-10,263;0,000;8616,463;-135,550;1357,788
2019-12-13;10;24605,975;14584,075;230,100;0,000;8645,488;22,588;1354,775
2019-12-13;11;24489,288;14377,513;260,788;0,000;8715,375;58,338;1357,788
2019-12-13;12;24654,775;14448,338;271,400;0,000;8728,488;123,663;1359,663
2019-12-13;13;24527,213;14100,963;270,638;0,000;8680,263;404,388;1358,800
2019-12-13;14;24700,088;14333,350;198,863;0,000;8646,663;373,463;1358,225
2019-12-13;15;24283,950;13663,825;-7,475;0,000;8711,050;560,925;1361,263
2019-12-13;16;24474,450;13912,375;32,338;0,000;8634,188;574,725;1360,100
2019-12-13;17;25066,050;14339,913;395,388;0,000;8735,413;632,863;1359,763
2019-12-13;18;24749,838;13972,150;420,988;0,000;8675,588;752,750;1359,550
2019-12-13;19;24275,863;13343,938;446,938;0,000;8749,563;829,700;1357,263
2019-12-13;20;23927,550;13029,550;675,550;0,000;8697,550;856,775;1358,013
2019-12-13;21;23127,500;12291,075;665,925;0,000;8600,850;905,138;1348,613
2019-12-13;22;21713,425;11010,575;491,113;0,000;8484,475;889,413;1345,650
2019-12-13;23;20359,800;9767,088;33,463;0,000;8346,238;933,913;1325,000
2019-12-13;24;19055,050;9476,938;-7,400;0,000;8157,025;605,788;830,838
