Data;Godzina;Krajowe zapotrzebowanie na moc;Sumaryczna generacja JWCD;Generacja PI;Generacja IRZ;Sumaryczna generacja nJWCD;Krajowe saldo wymiany miêdzysystemowej równoleg³ej;Krajowe saldo wymiany miêdzysystemowej nierównoleg³ej
2019-02-22;1;18195,075;9717,838;-85,750;0,000;8683,863;20,850;-142,600
2019-02-22;2;17551,688;9881,650;-285,375;10,725;8459,350;-79,913;-421,488
2019-02-22;3;17136,750;9729,138;-410,613;27,163;8579,613;-157,688;-599,975
2019-02-22;4;17275,713;9588,338;-410,788;67,263;8739,863;6,988;-646,088
2019-02-22;5;17539,000;9413,613;-410,700;80,150;8916,338;-68,000;-306,988
2019-02-22;6;18357,975;10021,900;-399,600;79,950;8939,288;102,863;-307,300
2019-02-22;7;20625,025;11581,475;-49,525;78,963;8955,988;-179,000;311,825
2019-02-22;8;22483,175;13429,275;-7,388;77,925;8911,400;-51,475;194,363
2019-02-22;9;23497,100;13702,625;11,088;78,463;8837,738;426,813;532,350
2019-02-22;10;23748,138;13446,138;32,138;78,625;8810,850;450,788;1048,050
2019-02-22;11;23604,500;13525,375;34,900;78,475;8383,013;562,575;1132,138
2019-02-22;12;23720,300;14052,513;-2,050;78,413;7886,263;497,375;1282,775
2019-02-22;13;23633,263;14063,638;-7,213;79,100;7848,713;456,388;1271,538
2019-02-22;14;23760,875;14232,000;-7,525;79,688;7699,788;540,138;1290,200
2019-02-22;15;23326,750;13876,325;-7,350;99,088;7652,475;511,138;1278,950
2019-02-22;16;22988,313;13561,025;-7,450;143,100;7687,400;446,075;1288,100
2019-02-22;17;22926,688;13529,425;-7,513;195,488;7654,625;460,725;1279,588
2019-02-22;18;23930,750;14595,863;130,625;202,150;7549,075;497,725;1288,063
2019-02-22;19;24560,563;15172,700;296,350;201,000;7672,513;432,213;1285,925
2019-02-22;20;24284,813;14759,788;105,800;199,475;7718,225;531,300;1294,225
2019-02-22;21;23567,888;13971,525;192,413;95,300;7636,275;694,313;1286,800
2019-02-22;22;22217,488;12733,575;47,988;78,713;7491,213;710,588;1291,825
2019-02-22;23;20630,675;11373,600;-10,788;78,213;7283,250;703,400;1280,125
2019-02-22;24;19427,588;10348,875;-10,263;78,588;7132,800;688,025;1279,913
