Data;Godzina;Krajowe zapotrzebowanie na moc;Sumaryczna generacja JWCD;Generacja PI;Generacja IRZ;Sumaryczna generacja nJWCD;Krajowe saldo wymiany miêdzysystemowej równoleg³ej;Krajowe saldo wymiany miêdzysystemowej nierównoleg³ej
2019-10-15;1;16796,050;10314,288;-7,488;0,000;5025,488;792,788;681,538
2019-10-15;2;16272,100;10142,700;-7,413;0,000;5203,163;516,125;430,413
2019-10-15;3;15938,200;10122,063;-10,913;0,000;5328,038;263,975;246,463
2019-10-15;4;15931,825;10208,450;-124,450;0,000;5423,400;197,538;236,588
2019-10-15;5;16180,338;10529,975;-298,600;0,000;5537,888;177,075;242,500
2019-10-15;6;16893,225;10623,025;-303,788;0,000;5697,425;402,225;485,938
2019-10-15;7;19698,713;12604,925;-28,750;0,000;5959,975;690,938;477,175
2019-10-15;8;21252,225;13308,025;-4,725;0,000;6140,325;1048,613;764,888
2019-10-15;9;21924,438;13457,488;-4,263;0,000;6158,675;1555,500;763,925
2019-10-15;10;21957,100;13514,988;12,263;0,000;6027,875;1640,800;785,663
2019-10-15;11;21665,425;13738,788;-1,275;0,000;5316,400;1676,275;952,488
2019-10-15;12;21953,588;14224,900;-6,075;0,000;4907,575;1682,375;1163,575
2019-10-15;13;21937,363;14274,600;-5,150;0,000;4928,738;1578,238;1185,238
2019-10-15;14;21889,800;14136,800;71,300;0,000;5065,475;1503,175;1196,500
2019-10-15;15;21642,275;13901,350;56,663;0,000;5224,150;1515,275;1044,250
2019-10-15;16;21523,825;14153,388;410,025;0,000;5114,375;1193,663;1068,113
2019-10-15;17;21280,675;13657,050;142,088;0,000;5046,013;1287,000;1297,963
2019-10-15;18;21490,350;13701,725;-3,800;0,000;5369,288;1307,888;1114,788
2019-10-15;19;23078,688;15091,325;258,913;0,000;6087,125;1285,513;614,375
2019-10-15;20;23420,475;15551,675;710,513;0,000;6397,775;884,938;603,588
2019-10-15;21;22661,863;13493,775;450,463;0,000;6330,525;1656,450;1200,375
2019-10-15;22;20923,375;11839,075;234,475;0,000;6280,250;1493,925;1329,013
2019-10-15;23;19300,888;11220,725;-6,150;0,000;6222,300;1005,313;870,025
2019-10-15;24;18021,788;10501,688;-9,850;0,000;6102,888;781,363;654,663
