Data;Godzina;Krajowe zapotrzebowanie na moc;Sumaryczna generacja JWCD;Generacja PI;Generacja IRZ;Sumaryczna generacja nJWCD;Krajowe saldo wymiany miêdzysystemowej równoleg³ej;Krajowe saldo wymiany miêdzysystemowej nierównoleg³ej
2019-10-24;1;17127,175;10080,125;-7,163;0,000;5255,313;549,175;1257,225
2019-10-24;2;16488,000;10085,888;-6,763;0,000;5189,925;401,950;826,763
2019-10-24;3;16231,425;10440,013;-128,563;0,000;5141,550;250,363;534,213
2019-10-24;4;16342,675;10464,163;-28,375;0,000;5139,788;221,075;550,450
2019-10-24;5;16505,063;10161,113;-10,350;0,000;5087,125;404,113;873,638
2019-10-24;6;17349,538;10578,875;-9,875;0,000;5131,150;352,863;1299,450
2019-10-24;7;20256,550;13404,275;145,588;0,000;5197,700;502,175;1174,588
2019-10-24;8;21982,913;15255,025;307,525;0,000;5203,388;453,075;1085,275
2019-10-24;9;22641,213;15509,888;79,075;0,000;5266,875;729,938;1149,338
2019-10-24;10;22765,638;15680,350;250,313;0,000;5203,763;618,375;1272,213
2019-10-24;11;22390,750;15448,475;97,238;0,000;5033,525;597,025;1320,163
2019-10-24;12;22482,175;15577,163;-3,488;0,000;5096,850;450,613;1367,800
2019-10-24;13;22472,775;15460,988;-3,500;0,000;5144,738;527,163;1360,500
2019-10-24;14;22380,650;15465,338;-3,800;0,000;5187,063;440,063;1308,988
2019-10-24;15;22032,225;14914,625;-2,638;0,000;5173,775;597,363;1351,888
2019-10-24;16;21867,988;14827,075;-1,450;0,000;5275,425;413,013;1360,000
2019-10-24;17;21761,025;14547,038;-2,475;0,000;5404,788;449,263;1369,100
2019-10-24;18;22284,163;14679,838;-2,825;0,000;5752,563;528,763;1332,875
2019-10-24;19;23507,325;15708,875;269,188;0,000;6029,863;413,125;1363,388
2019-10-24;20;23489,950;15337,050;708,825;0,000;6209,500;587,900;1368,525
2019-10-24;21;22786,200;14985,825;683,313;0,000;6163,125;287,638;1369,600
2019-10-24;22;21211,350;13275,125;198,213;0,000;6112,838;482,713;1358,250
2019-10-24;23;19512,450;11727,838;-50,188;0,000;5907,275;598,963;1334,975
2019-10-24;24;18194,513;10471,600;-74,288;0,000;5888,425;692,350;1228,913
