Data;Godzina;Krajowe zapotrzebowanie na moc;Sumaryczna generacja JWCD;Generacja PI;Generacja IRZ;Sumaryczna generacja nJWCD;Krajowe saldo wymiany miêdzysystemowej równoleg³ej;Krajowe saldo wymiany miêdzysystemowej nierównoleg³ej
2019-01-08;1;18748,225;10476,938;-16,250;0,000;9404,350;-132,638;-925,938
2019-01-08;2;18101,025;10276,013;-377,663;0,000;9438,850;-305,500;-923,375
2019-01-08;3;17854,300;10117,838;-653,375;0,000;9604,725;-253,088;-955,050
2019-01-08;4;17855,350;10055,450;-767,150;0,000;9680,113;-112,600;-991,375
2019-01-08;5;18187,313;10615,413;-856,850;0,000;9632,813;-146,200;-1059,913
2019-01-08;6;18963,463;11468,075;-612,925;0,000;9522,488;-523,913;-888,850
2019-01-08;7;21642,263;12741,388;-181,075;0,000;9495,013;-470,625;49,213
2019-01-08;8;23646,575;14046,325;-6,825;0,000;9516,838;-592,263;676,575
2019-01-08;9;24404,325;14708,950;10,463;0,000;9426,238;-571,875;842,913
2019-01-08;10;24826,275;15258,400;13,200;0,000;9300,950;-583,763;859,138
2019-01-08;11;24962,475;15370,100;32,038;0,000;9336,925;-614,288;876,525
2019-01-08;12;25144,825;15602,325;16,150;0,000;9223,250;-548,625;881,925
2019-01-08;13;25162,525;15836,588;-3,638;0,000;9048,388;-350,988;642,950
2019-01-08;14;25174,825;16150,363;265,150;0,000;8883,825;-465,300;614,013
2019-01-08;15;24718,475;15737,413;179,213;0,000;8768,163;-428,888;646,588
2019-01-08;16;24624,313;15566,713;10,950;0,000;8838,538;-584,300;809,575
2019-01-08;17;25467,338;15856,988;30,313;0,000;9034,200;-221,875;798,438
2019-01-08;18;25526,325;15943,875;91,113;0,000;9036,138;-275,025;828,963
2019-01-08;19;25041,988;15592,525;52,738;0,000;9055,525;-155,650;560,950
2019-01-08;20;24923,275;15327,150;22,150;0,000;8926,988;126,400;552,800
2019-01-08;21;24183,838;14792,450;0,213;0,000;8717,738;-42,138;720,313
2019-01-08;22;22702,600;13192,013;-6,413;0,000;8520,000;167,475;841,713
2019-01-08;23;21066,413;11971,763;-7,863;0,000;8219,225;295,113;599,563
2019-01-08;24;19787,525;11628,063;-11,888;0,000;7985,400;298,313;-97,225
