Data;Godzina;Krajowe zapotrzebowanie na moc;Sumaryczna generacja JWCD;Generacja PI;Generacja IRZ;Sumaryczna generacja nJWCD;Krajowe saldo wymiany miêdzysystemowej równoleg³ej;Krajowe saldo wymiany miêdzysystemowej nierównoleg³ej
2019-10-30;1;17407,000;10191,338;-230,625;75,550;5516,713;612,125;1318,150
2019-10-30;2;16995,238;10429,963;-657,850;77,675;5523,263;387,463;1315,438
2019-10-30;3;16725,013;10323,838;-759,050;77,738;5544,975;313,913;1303,275
2019-10-30;4;16719,913;10230,763;-754,588;78,713;5546,775;383,600;1315,763
2019-10-30;5;17075,500;10324,913;-741,800;76,500;5652,300;524,400;1317,200
2019-10-30;6;18013,850;11633,038;-664,238;77,950;5697,413;141,225;1210,988
2019-10-30;7;20400,050;13767,513;-121,625;76,175;5685,263;-8,950;1078,975
2019-10-30;8;22312,050;15393,763;-7,463;75,863;5658,838;-27,250;1294,200
2019-10-30;9;23159,238;16318,663;-6,800;77,413;5513,000;4,663;1326,763
2019-10-30;10;23169,300;16509,925;10,863;78,775;5351,925;-20,213;1331,425
2019-10-30;11;22821,788;16322,550;13,363;77,088;5237,700;-51,913;1324,588
2019-10-30;12;22930,888;16380,038;-4,888;74,588;5272,550;-39,388;1326,688
2019-10-30;13;23054,263;16384,663;7,650;76,900;5371,200;-20,963;1329,425
2019-10-30;14;22995,475;16396,925;7,788;74,538;5340,025;-63,200;1328,650
2019-10-30;15;22688,888;16071,263;-6,113;76,588;5310,563;-21,138;1326,250
2019-10-30;16;22701,738;16160,513;-20,713;76,438;5297,950;-77,738;1326,050
2019-10-30;17;23460,988;16649,238;28,538;77,475;5380,925;110,100;1327,450
2019-10-30;18;24340,313;17161,950;310,625;77,088;5511,913;333,988;1324,963
2019-10-30;19;24110,650;16474,850;352,300;77,475;5490,663;816,313;1326,288
2019-10-30;20;23928,038;16529,688;363,588;75,725;5378,113;697,375;1331,250
2019-10-30;21;23223,250;16196,913;458,938;77,288;5362,088;332,225;1337,575
2019-10-30;22;21592,388;14723,250;340,788;77,500;5447,038;98,038;1336,925
2019-10-30;23;19973,788;12868,263;57,313;79,213;5504,888;269,438;1341,513
2019-10-30;24;18639,388;11421,850;-6,350;76,000;5503,725;397,450;1321,163
