Data;Godzina;Krajowe zapotrzebowanie na moc;Sumaryczna generacja JWCD;Generacja PI;Generacja IRZ;Sumaryczna generacja nJWCD;Krajowe saldo wymiany miêdzysystemowej równoleg³ej;Krajowe saldo wymiany miêdzysystemowej nierównoleg³ej
2019-10-06;1;15363,775;8513,663;-9,075;0,000;5518,900;616,550;727,963
2019-10-06;2;14810,475;8455,025;-8,650;0,000;5380,250;483,838;499,350
2019-10-06;3;14490,038;8588,338;-8,950;0,000;5190,188;261,225;457,475
2019-10-06;4;14302,800;8576,250;-8,713;0,000;5094,625;234,638;404,175
2019-10-06;5;14354,738;8687,525;-9,400;0,000;4998,563;230,113;447,625
2019-10-06;6;14412,700;8444,063;-8,075;0,000;4992,550;355,200;632,213
2019-10-06;7;14659,850;8355,850;-8,350;0,000;4957,650;674,425;679,538
2019-10-06;8;15016,650;8420,113;-9,438;0,000;4878,388;1046,825;680,313
2019-10-06;9;15974,225;9093,175;-9,200;0,000;4760,913;855,188;1270,913
2019-10-06;10;16563,388;9378,038;-9,825;0,000;4688,063;1179,188;1327,500
2019-10-06;11;16919,513;9518,550;10,713;0,000;4702,763;1374,525;1330,225
2019-10-06;12;17001,125;9495,738;13,738;0,000;4768,400;1433,213;1311,975
2019-10-06;13;16926,738;9469,638;-5,650;0,000;4742,338;1388,225;1339,563
2019-10-06;14;16935,400;9540,675;-9,575;0,000;4729,488;1330,300;1347,725
2019-10-06;15;16644,713;9299,250;-8,813;0,000;4716,863;1286,650;1346,850
2019-10-06;16;16380,113;9266,750;76,200;0,000;4672,688;1107,638;1342,488
2019-10-06;17;16338,538;9362,288;-9,200;0,000;4695,475;983,025;1310,263
2019-10-06;18;16821,838;9937,250;-9,688;0,000;4739,775;866,200;1285,913
2019-10-06;19;18234,800;11385,288;17,388;0,000;4793,688;825,738;1234,350
2019-10-06;20;19279,625;12268,150;40,375;0,000;4878,913;825,575;1315,325
2019-10-06;21;18882,750;11660,925;73,500;0,000;4946,825;943,288;1347,325
2019-10-06;22;18035,900;10848,625;-6,900;0,000;4933,688;922,700;1346,375
2019-10-06;23;17096,075;9943,275;-9,813;0,000;4977,288;834,188;1353,225
2019-10-06;24;16185,738;9112,438;-130,613;0,000;4947,975;981,675;1274,475
