Data;Godzina;Krajowe zapotrzebowanie na moc;Sumaryczna generacja JWCD;Generacja PI;Generacja IRZ;Sumaryczna generacja nJWCD;Krajowe saldo wymiany miêdzysystemowej równoleg³ej;Krajowe saldo wymiany miêdzysystemowej nierównoleg³ej
2019-07-13;1;16307,500;10727,638;-5,250;0,000;3481,875;947,100;1163,438
2019-07-13;2;15647,925;10525,363;-7,163;0,000;3459,700;747,088;925,088
2019-07-13;3;15158,038;10551,025;-8,950;0,000;3370,013;608,988;639,788
2019-07-13;4;15067,100;10683,588;-11,325;0,000;3271,638;550,238;574,900
2019-07-13;5;14647,238;10668,200;-10,213;0,000;3265,538;318,725;404,538
2019-07-13;6;14353,413;10437,700;-10,875;0,000;3275,350;271,150;382,688
2019-07-13;7;15259,263;10761,925;-9,925;0,000;3290,400;534,838;679,438
2019-07-13;8;16472,388;11542,663;-161,725;0,000;3182,388;758,250;1152,188
2019-07-13;9;17745,963;12525,088;-6,513;0,000;3178,625;861,213;1192,375
2019-07-13;10;18661,100;13443,750;-6,338;0,000;3266,813;762,900;1194,563
2019-07-13;11;19023,175;13700,713;10,325;0,000;3316,763;818,775;1194,688
2019-07-13;12;19195,450;13807,375;108,913;0,000;3405,013;801,913;1194,788
2019-07-13;13;18944,025;13460,550;43,563;0,000;3466,513;834,188;1194,413
2019-07-13;14;18700,538;13123,813;-0,675;0,000;3558,250;833,688;1194,438
2019-07-13;15;18111,400;12198,513;-6,863;0,000;3678,975;1052,250;1193,888
2019-07-13;16;17829,163;12024,763;-6,650;0,000;3630,813;986,975;1194,150
2019-07-13;17;17563,663;11965,825;62,113;0,000;3624,088;779,088;1192,000
2019-07-13;18;17357,938;11698,275;-6,463;0,000;3701,700;776,450;1192,463
2019-07-13;19;17310,838;11723,988;325,463;0,000;3633,125;773,163;1192,625
2019-07-13;20;17339,300;11822,438;49,200;0,000;3534,138;787,263;1201,938
2019-07-13;21;17198,888;11590,188;271,925;0,000;3411,800;1003,488;1201,813
2019-07-13;22;17266,313;11622,713;66,413;0,000;3416,213;1042,013;1199,575
2019-07-13;23;16679,488;11044,113;-8,775;0,000;3462,838;1008,638;1193,138
2019-07-13;24;15597,975;10194,875;-9,938;0,000;3452,188;838,850;1135,375
