Data;Godzina;Krajowe zapotrzebowanie na moc;Sumaryczna generacja JWCD;Generacja PI;Generacja IRZ;Sumaryczna generacja nJWCD;Krajowe saldo wymiany miêdzysystemowej równoleg³ej;Krajowe saldo wymiany miêdzysystemowej nierównoleg³ej
2019-06-25;1;16874,188;11271,275;-137,688;74,150;4715,188;487,550;548,888
2019-06-25;2;16171,038;11562,450;-345,788;75,713;4654,088;77,500;226,513
2019-06-25;3;15859,188;11567,813;-472,600;75,300;4576,625;-5,438;199,838
2019-06-25;4;15802,250;12051,100;-724,950;74,813;4332,350;-310,475;457,088
2019-06-25;5;15359,075;11707,313;-748,800;78,225;4228,213;-314,713;495,275
2019-06-25;6;15778,488;11724,325;-747,125;77,875;4095,500;199,888;518,338
2019-06-25;7;18316,563;13624,700;-324,525;77,550;3794,413;465,200;781,188
2019-06-25;8;20604,450;15638,700;273,288;76,175;3293,513;723,088;954,475
2019-06-25;9;21743,425;16751,788;84,263;74,550;3085,663;764,888;1148,300
2019-06-25;10;22289,175;17537,550;191,900;76,125;3300,038;755,475;703,088
2019-06-25;11;22403,900;17187,538;325,650;75,163;3460,425;759,025;1001,725
2019-06-25;12;22755,838;17157,063;73,588;76,300;3542,113;784,550;1275,125
2019-06-25;13;23035,038;17424,350;144,838;83,725;3568,838;768,925;1276,525
2019-06-25;14;23044,675;17462,925;262,375;95,988;3569,300;745,750;1274,263
2019-06-25;15;22865,025;17280,963;261,250;77,938;3448,513;857,375;1275,513
2019-06-25;16;22703,163;17284,425;377,575;77,088;3410,288;734,413;1273,975
2019-06-25;17;22350,788;17065,350;308,713;76,875;3318,613;697,800;1276,900
2019-06-25;18;22119,463;16812,075;80,088;75,800;3320,663;709,588;1277,850
2019-06-25;19;21794,175;16691,738;3,325;79,500;3285,475;545,538;1274,600
2019-06-25;20;21876,338;17313,963;142,438;95,213;3269,938;18,163;1274,013
2019-06-25;21;21728,300;17308,250;143,400;88,850;3343,588;-186,725;1273,625
2019-06-25;22;21475,925;16615,700;45,188;79,550;3589,313;107,088;1171,800
2019-06-25;23;20573,663;15082,238;25,650;75,538;3917,250;310,888;1273,788
2019-06-25;24;18935,350;13388,663;-7,138;75,700;4077,175;249,663;1239,975
