Data;Godzina;Krajowe zapotrzebowanie na moc;Sumaryczna generacja JWCD;Generacja PI;Generacja IRZ;Sumaryczna generacja nJWCD;Krajowe saldo wymiany miêdzysystemowej równoleg³ej;Krajowe saldo wymiany miêdzysystemowej nierównoleg³ej
2019-11-26;1;17867,538;9822,938;-529,588;0,000;5807,550;1622,138;1153,550
2019-11-26;2;17374,813;9912,638;-644,275;0,000;5746,750;1363,563;1009,638
2019-11-26;3;17067,163;10108,975;-743,200;0,000;5663,225;1091,038;949,413
2019-11-26;4;17165,775;10283,950;-757,975;0,000;5611,350;1060,188;974,438
2019-11-26;5;17393,838;10091,450;-868,100;0,000;5664,588;1414,188;1101,250
2019-11-26;6;18340,688;11084,750;-758,638;0,000;5735,488;1582,850;702,463
2019-11-26;7;21169,188;13212,875;-53,950;0,000;5768,850;1378,200;860,700
2019-11-26;8;23010,500;14906,350;-3,125;0,000;5885,088;1350,388;872,113
2019-11-26;9;24004,863;15666,950;-3,575;0,000;5944,175;1509,138;895,638
2019-11-26;10;24367,388;15565,525;104,525;0,000;5975,725;1517,288;1321,538
2019-11-26;11;24197,538;15416,688;46,463;0,000;5983,075;1449,250;1358,250
2019-11-26;12;24613,488;15814,200;316,013;0,000;5929,288;1516,125;1359,500
2019-11-26;13;24733,600;16076,400;327,763;0,000;5851,538;1457,588;1359,038
2019-11-26;14;24841,175;16383,400;446,500;0,000;5830,450;1456,650;1173,788
2019-11-26;15;24547,675;16104,550;166,025;0,000;5882,900;1503,175;1039,250
2019-11-26;16;24726,788;16368,213;13,963;0,000;5975,688;1504,488;873,588
2019-11-26;17;25298,063;16938,725;219,638;0,000;6182,313;1297,038;879,988
2019-11-26;18;25091,975;16349,088;701,263;0,000;6332,525;1467,325;948,700
2019-11-26;19;24530,663;15894,563;789,063;0,000;6242,950;1501,588;904,238
2019-11-26;20;24328,375;15174,063;756,638;0,000;6260,638;1566,325;1336,275
2019-11-26;21;23529,400;14442,238;632,288;0,000;6291,150;1455,788;1358,100
2019-11-26;22;22004,163;12747,275;156,125;0,000;6346,675;1568,038;1354,875
2019-11-26;23;20266,600;11149,625;44,200;0,000;6319,388;1466,738;1345,588
2019-11-26;24;18966,138;10040,713;-167,738;0,000;6292,013;1510,250;1303,050
