Data;Godzina;Krajowe zapotrzebowanie na moc;Sumaryczna generacja JWCD;Generacja PI;Generacja IRZ;Sumaryczna generacja nJWCD;Krajowe saldo wymiany miêdzysystemowej równoleg³ej;Krajowe saldo wymiany miêdzysystemowej nierównoleg³ej
2019-12-18;1;17649,075;9172,550;-197,850;0,000;8385,213;7,438;288,363
2019-12-18;2;17049,763;9387,300;-1064,088;0,000;8425,575;40,188;266,850
2019-12-18;3;16808,950;9798,675;-1404,850;0,000;8674,600;-157,225;-96,400
2019-12-18;4;16907,238;9924,988;-1399,000;0,000;9058,150;-516,400;-151,225
2019-12-18;5;17085,300;9960,350;-1389,200;0,000;9208,375;-796,013;106,200
2019-12-18;6;17992,488;9756,725;-1262,350;0,000;9262,400;-5,825;253,488
2019-12-18;7;20691,475;10985,188;-273,475;0,000;9456,875;89,100;429,900
2019-12-18;8;22634,500;12619,450;-8,450;0,000;9670,350;-42,725;393,813
2019-12-18;9;23242,688;12317,463;-8,350;0,000;9914,688;514,663;494,000
2019-12-18;10;23231,538;12329,338;89,450;0,000;9634,125;490,588;790,750
2019-12-18;11;22899,475;11805,188;26,550;0,000;9157,150;617,738;1330,063
2019-12-18;12;23181,525;12796,838;-1,525;0,000;8630,075;423,250;1339,863
2019-12-18;13;23141,588;12976,575;-3,875;0,000;8210,800;747,863;1224,975
2019-12-18;14;23327,963;13410,000;-4,125;0,000;7835,650;740,250;1350,525
2019-12-18;15;23199,838;13624,875;-3,950;0,000;7553,675;731,300;1288,900
2019-12-18;16;23611,050;14253,950;50,925;0,000;7391,638;742,563;1216,550
2019-12-18;17;24494,125;14909,013;285,513;0,000;7527,938;778,575;1279,525
2019-12-18;18;24333,538;14690,750;256,863;0,000;7605,663;773,400;1270,600
2019-12-18;19;23994,525;14235,525;275,963;0,000;7721,325;777,150;1272,913
2019-12-18;20;23920,188;14119,825;295,650;0,000;7646,250;804,163;1360,888
2019-12-18;21;23269,400;13589,975;182,175;0,000;7466,988;854,475;1362,500
2019-12-18;22;21744,063;12251,425;-6,350;0,000;7350,988;807,438;1356,075
2019-12-18;23;20083,538;10838,525;-8,600;0,000;7043,788;865,275;1353,325
2019-12-18;24;18654,513;9818,113;-78,050;0,000;6795,888;794,225;1339,813
