Data;Godzina;Krajowe zapotrzebowanie na moc;Sumaryczna generacja JWCD;Generacja PI;Generacja IRZ;Sumaryczna generacja nJWCD;Krajowe saldo wymiany miêdzysystemowej równoleg³ej;Krajowe saldo wymiany miêdzysystemowej nierównoleg³ej
2019-04-11;1;17268,313;10808,638;-292,775;0,000;6168,950;180,475;406,700
2019-04-11;2;16734,550;11164,450;-614,825;0,000;6091,488;24,200;76,038
2019-04-11;3;16369,188;11045,450;-757,263;0,000;6087,513;-59,050;59,838
2019-04-11;4;16339,013;10896,500;-754,688;0,000;6186,075;-48,538;67,625
2019-04-11;5;16566,550;10822,638;-659,038;0,000;6183,875;44,813;180,325
2019-04-11;6;17122,725;10593,588;-405,600;0,000;6247,038;217,213;478,013
2019-04-11;7;19139,113;11736,438;-160,563;0,000;6278,963;428,938;860,325
2019-04-11;8;21463,988;13420,263;-12,963;0,000;6159,838;793,350;1141,113
2019-04-11;9;22387,075;14614,063;323,425;0,000;5877,288;749,400;1152,388
2019-04-11;10;22692,913;14881,000;100,575;0,000;5859,213;818,250;1151,863
2019-04-11;11;22622,850;14699,800;92,588;0,000;5954,013;826,388;1158,500
2019-04-11;12;22985,425;15080,688;56,725;0,000;5925,475;834,063;1157,888
2019-04-11;13;23042,450;15231,463;22,650;0,000;5874,550;805,713;1149,725
2019-04-11;14;22966,163;15111,638;144,600;0,000;5909,125;821,425;1143,188
2019-04-11;15;22641,063;14592,713;26,000;0,000;6013,800;909,125;1140,375
2019-04-11;16;22273,725;14213,188;-8,138;0,000;6127,875;808,738;1141,738
2019-04-11;17;21886,475;14034,575;-8,088;0,000;6232,550;484,775;1146,775
2019-04-11;18;21721,800;13776,888;-7,600;0,000;6352,763;447,200;1157,525
2019-04-11;19;21676,275;13630,000;55,313;0,000;6358,050;543,888;1159,250
2019-04-11;20;22288,500;14296,625;63,738;0,000;6350,175;490,175;1158,638
2019-04-11;21;22856,925;14762,038;63,938;0,000;6454,763;500,613;1158,963
2019-04-11;22;21562,663;13513,875;2,300;0,000;6416,225;493,800;1159,263
2019-04-11;23;19921,825;12051,675;-6,425;0,000;6204,838;525,125;1156,625
2019-04-11;24;18595,200;10854,950;-7,013;0,000;6150,075;498,563;1105,638
