Data;Godzina;Krajowe zapotrzebowanie na moc;Sumaryczna generacja JWCD;Generacja PI;Generacja IRZ;Sumaryczna generacja nJWCD;Krajowe saldo wymiany miêdzysystemowej równoleg³ej;Krajowe saldo wymiany miêdzysystemowej nierównoleg³ej
2019-07-10;1;16305,688;10158,213;-10,538;6,763;4901,550;625,038;650,475
2019-07-10;2;15662,450;10067,825;-10,988;0,000;4879,113;386,638;353,275
2019-07-10;3;15307,538;10265,250;-10,438;0,000;4766,113;183,938;104,738
2019-07-10;4;15337,088;10506,300;-186,288;0,000;4753,300;154,363;111,825
2019-07-10;5;15109,525;10523,438;-344,163;0,000;4745,488;-128,863;318,338
2019-07-10;6;15319,875;10609,338;-327,625;0,000;4641,800;171,013;233,263
2019-07-10;7;17522,700;11964,225;-31,875;0,000;4689,063;423,250;481,263
2019-07-10;8;19396,038;13955,375;-3,963;0,000;4625,125;627,125;187,500
2019-07-10;9;20505,413;15047,313;-5,213;0,000;4613,350;747,650;104,075
2019-07-10;10;20988,225;15460,400;-5,075;0,000;4674,300;659,463;203,550
2019-07-10;11;20920,725;15308,663;13,575;0,000;4821,788;518,488;279,800
2019-07-10;12;21312,125;15287,875;14,775;0,000;5088,275;613,975;331,700
2019-07-10;13;21337,075;15077,938;23,863;0,000;5556,325;441,363;278,250
2019-07-10;14;21277,475;14734,425;25,263;0,000;5895,325;486,625;167,500
2019-07-10;15;20866,138;14178,625;27,038;0,000;6011,175;550,850;139,125
2019-07-10;16;20702,863;14203,763;0,363;0,000;5835,788;496,863;181,350
2019-07-10;17;20407,925;13460,938;-3,775;0,000;5841,663;803,963;320,025
2019-07-10;18;19992,713;13380,800;-3,813;0,000;5427,913;797,538;397,463
2019-07-10;19;19862,663;13541,788;-4,125;0,000;5049,738;769,038;508,350
2019-07-10;20;20119,475;14101,288;14,988;0,000;4888,650;627,350;509,338
2019-07-10;21;20104,463;14227,725;-2,713;0,000;4550,700;753,013;584,400
2019-07-10;22;19834,925;13669,800;-7,175;0,000;4333,725;740,225;1102,438
2019-07-10;23;18754,063;12204,513;-6,738;0,000;4315,375;1078,625;1166,863
2019-07-10;24;17377,275;11044,888;-6,700;0,000;4245,375;966,413;1140,850
