Data;Godzina;Krajowe zapotrzebowanie na moc;Sumaryczna generacja JWCD;Generacja PI;Generacja IRZ;Sumaryczna generacja nJWCD;Krajowe saldo wymiany miêdzysystemowej równoleg³ej;Krajowe saldo wymiany miêdzysystemowej nierównoleg³ej
2019-07-07;1;14700,050;9260,113;-9,538;75,513;4868,238;127,588;453,650
2019-07-07;2;13996,188;9030,350;-9,400;75,000;4879,813;-35,188;134,350
2019-07-07;3;13656,238;8951,425;-179,525;77,288;4880,175;-14,788;22,425
2019-07-07;4;13463,550;8920,213;-389,925;76,175;5015,113;-19,863;-58,188
2019-07-07;5;12984,663;8742,900;-674,813;74,413;5148,463;1,438;-233,488
2019-07-07;6;12753,300;8529,900;-748,863;77,075;5193,713;22,638;-236,075
2019-07-07;7;13010,763;8750,850;-746,725;75,963;5189,763;-58,763;-121,113
2019-07-07;8;13680,263;8978,213;-526,450;74,050;5199,950;-65,063;95,138
2019-07-07;9;14563,800;8758,825;-176,450;75,863;5656,450;190,625;141,175
2019-07-07;10;15251,163;8465,425;-6,075;75,425;5929,163;439,763;427,950
2019-07-07;11;15727,663;8232,125;10,788;75,900;6111,388;700,663;693,213
2019-07-07;12;15900,338;8260,225;15,313;74,100;6238,463;720,250;688,600
2019-07-07;13;16047,075;8422,125;-2,313;77,400;6434,775;542,588;662,188
2019-07-07;14;15962,325;8435,313;-4,250;75,650;6415,950;500,013;630,600
2019-07-07;15;15670,463;8469,750;-2,950;75,013;6328,663;371,425;509,838
2019-07-07;16;15262,838;8269,288;-6,938;74,813;6260,225;287,350;459,075
2019-07-07;17;15121,525;7824,700;-6,600;75,313;6232,725;660,313;412,338
2019-07-07;18;15079,363;7510,175;-7,050;74,563;6136,125;767,213;679,913
2019-07-07;19;15307,425;7783,275;-7,650;77,675;5898,325;942,638;696,775
2019-07-07;20;15676,500;8412,800;35,788;74,675;5631,500;611,650;1036,900
2019-07-07;21;15781,975;8701,063;62,700;74,625;5242,775;673,513;1183,450
2019-07-07;22;16253,638;9158,575;72,500;74,825;5067,775;829,050;1206,200
2019-07-07;23;16050,650;9222,900;-5,738;77,100;4904,038;725,100;1206,638
2019-07-07;24;15133,450;9205,013;58,025;75,225;4881,125;-100,350;1167,125
