Data;Godzina;Krajowe zapotrzebowanie na moc;Sumaryczna generacja JWCD;Generacja PI;Generacja IRZ;Sumaryczna generacja nJWCD;Krajowe saldo wymiany miêdzysystemowej równoleg³ej;Krajowe saldo wymiany miêdzysystemowej nierównoleg³ej
2019-06-10;1;14239,825;8837,788;-14,825;0,000;4755,038;369,663;291,438
2019-06-10;2;13786,913;8941,425;-15,925;0,000;4691,450;-29,700;199,625
2019-06-10;3;13632,013;8875,350;-170,613;0,000;4680,338;49,400;197,900
2019-06-10;4;13680,025;10010,900;-1058,238;0,000;4512,463;15,450;198,350
2019-06-10;5;13437,963;10087,213;-1321,775;0,000;4518,050;-47,963;204,325
2019-06-10;6;14260,275;10347,913;-1032,625;0,000;4711,363;13,600;224,963
2019-06-10;7;17287,138;12004,688;-66,738;0,000;4655,975;142,463;545,800
2019-06-10;8;19920,088;14338,750;-6,788;10,588;4412,525;580,188;586,313
2019-06-10;9;21239,900;15466,775;20,013;41,125;4292,150;689,200;793,138
2019-06-10;10;21585,250;15562,375;68,713;68,263;4378,463;604,350;1048,700
2019-06-10;11;21735,375;15281,125;92,125;79,425;4708,200;579,525;1169,413
2019-06-10;12;22243,425;15420,513;121,400;76,250;4930,225;656,188;1240,125
2019-06-10;13;22552,988;15949,438;135,163;78,400;4959,563;546,413;1101,325
2019-06-10;14;22501,625;15873,850;95,875;76,838;5021,263;469,563;1137,200
2019-06-10;15;22153,700;15676,000;-6,600;78,813;4970,263;497,775;1016,275
2019-06-10;16;22215,550;15935,900;35,900;76,388;4666,500;516,888;1102,000
2019-06-10;17;22017,050;15822,825;178,588;79,950;4477,275;520,813;1201,250
2019-06-10;18;21831,963;15648,625;272,775;78,338;4412,175;603,388;1159,963
2019-06-10;19;21544,275;15376,538;497,375;79,325;4307,263;692,488;1165,150
2019-06-10;20;21518,425;15271,188;805,700;77,800;4491,400;560,013;1193,025
2019-06-10;21;21520,250;14704,300;925,038;78,713;4876,288;666,513;1269,463
2019-06-10;22;21201,525;14187,413;917,650;78,450;5171,888;629,975;1211,238
2019-06-10;23;20067,750;12554,138;351,350;79,113;5500,238;750,488;1269,488
2019-06-10;24;18539,688;11545,625;69,313;77,400;5296,250;504,325;1235,450
