Data;Godzina;Krajowe zapotrzebowanie na moc;Sumaryczna generacja JWCD;Generacja PI;Generacja IRZ;Sumaryczna generacja nJWCD;Krajowe saldo wymiany miêdzysystemowej równoleg³ej;Krajowe saldo wymiany miêdzysystemowej nierównoleg³ej
2019-08-24;1;16346,663;11323,300;-10,588;0,000;3566,700;829,763;643,125
2019-08-24;2;15746,975;11053,100;-10,463;0,000;3475,100;662,138;568,713
2019-08-24;3;15269,613;11025,813;-10,613;0,000;3456,925;385,513;412,300
2019-08-24;4;15144,563;11078,700;-10,225;0,000;3412,225;316,825;346,825
2019-08-24;5;15130,763;11204,238;-10,213;0,000;3342,488;265,488;333,563
2019-08-24;6;14770,550;11125,000;-10,238;0,000;3343,863;66,413;250,213
2019-08-24;7;15489,950;11350,125;-10,963;0,000;3361,525;377,963;417,613
2019-08-24;8;16976,625;12615,013;-11,975;0,000;3327,325;418,550;622,000
2019-08-24;9;18252,850;14042,800;-3,938;0,000;3181,063;401,125;631,388
2019-08-24;10;19169,688;15012,538;-3,613;0,000;3170,813;392,200;606,263
2019-08-24;11;19358,488;14903,913;-2,863;0,000;3423,225;383,500;652,138
2019-08-24;12;19484,538;14913,675;14,363;0,000;3548,500;377,625;652,525
2019-08-24;13;19294,238;14690,675;142,013;0,000;3514,050;460,375;645,763
2019-08-24;14;18993,263;14544,425;62,288;0,000;3460,575;342,388;655,250
2019-08-24;15;18380,525;13905,488;4,500;0,000;3476,300;353,325;648,675
2019-08-24;16;18156,613;13387,438;-3,838;0,000;3494,713;716,175;562,788
2019-08-24;17;18020,638;13233,750;-3,438;0,000;3576,188;796,888;420,638
2019-08-24;18;17898,675;13046,975;65,163;0,000;3639,925;754,563;462,725
2019-08-24;19;17865,513;12868,263;163,338;0,000;3698,025;769,438;535,338
2019-08-24;20;18043,288;12980,075;82,488;0,000;3917,350;796,750;357,125
2019-08-24;21;18852,850;13284,138;44,263;0,000;4423,838;716,688;438,650
2019-08-24;22;18126,025;12088,975;41,425;0,000;4718,200;879,500;463,338
2019-08-24;23;16679,013;10657,525;-7,163;0,000;4678,825;731,488;630,800
2019-08-24;24;15551,050;10078,600;-7,300;0,000;4560,938;472,125;452,425
