Data;Godzina;Krajowe zapotrzebowanie na moc;Sumaryczna generacja JWCD;Generacja PI;Generacja IRZ;Sumaryczna generacja nJWCD;Krajowe saldo wymiany miêdzysystemowej równoleg³ej;Krajowe saldo wymiany miêdzysystemowej nierównoleg³ej
2019-05-05;1;14131,150;8610,975;-10,538;0,000;4752,188;264,950;518,525
2019-05-05;2;13563,950;8666,263;-61,188;0,000;4684,350;132,750;143,113
2019-05-05;3;13290,475;8691,838;-172,525;0,000;4634,913;90,913;46,088
2019-05-05;4;13095,463;8755,050;-348,813;0,000;4607,913;48,000;33,100
2019-05-05;5;12936,413;8682,475;-400,463;0,000;4628,788;-15,738;39,463
2019-05-05;6;12554,575;8377,825;-484,500;0,000;4621,200;3,163;42,525
2019-05-05;7;12917,913;8686,475;-416,438;0,000;4576,875;24,113;50,888
2019-05-05;8;13724,775;8795,775;-135,275;0,000;4498,375;206,900;360,613
2019-05-05;9;14455,488;8824,338;45,538;0,000;4568,863;455,975;615,863
2019-05-05;10;15371,775;9207,113;53,563;0,000;4828,463;713,363;628,125
2019-05-05;11;15825,025;9621,125;98,813;0,000;4904,713;679,463;627,100
2019-05-05;12;16060,588;9810,350;106,113;0,000;4950,913;681,938;622,213
2019-05-05;13;16146,063;9786,350;25,325;0,000;5003,850;735,713;628,138
2019-05-05;14;16120,850;9800,863;14,000;0,000;4971,675;731,913;625,825
2019-05-05;15;15775,463;9538,550;-4,025;0,000;4916,225;704,050;624,975
2019-05-05;16;15481,638;9181,688;-6,738;0,000;4925,563;764,250;618,213
2019-05-05;17;15312,225;9116,200;-6,750;0,000;4879,313;698,800;625,500
2019-05-05;18;15406,600;9320,163;-9,500;0,000;4781,188;688,800;621,113
2019-05-05;19;15827,850;9843,713;27,713;0,000;4637,075;743,038;609,538
2019-05-05;20;16325,700;10404,888;240,288;0,000;4635,050;676,025;612,575
2019-05-05;21;17038,363;10977,713;317,275;0,000;4773,300;668,038;619,450
2019-05-05;22;17021,413;10725,525;280,625;0,000;4961,275;706,375;636,463
2019-05-05;23;16181,188;9858,925;4,375;0,000;4973,238;652,788;707,563
2019-05-05;24;15031,363;8936,888;-10,250;0,000;4986,225;431,688;688,775
