Data;Godzina;Krajowe zapotrzebowanie na moc;Sumaryczna generacja JWCD;Generacja PI;Generacja IRZ;Sumaryczna generacja nJWCD;Krajowe saldo wymiany miêdzysystemowej równoleg³ej;Krajowe saldo wymiany miêdzysystemowej nierównoleg³ej
2019-09-02;1;14661,388;9422,913;-165,563;0,000;4799,463;288,088;319,775
2019-09-02;2;14380,813;10069,325;-413,738;0,000;4545,900;12,225;173,000
2019-09-02;3;14219,150;10190,800;-437,138;0,000;4397,150;-101,425;172,563
2019-09-02;4;14331,175;10270,263;-603,900;0,000;4466,200;29,150;174,213
2019-09-02;5;14690,575;10597,350;-603,038;0,000;4459,113;72,388;173,138
2019-09-02;6;15272,675;10800,563;-534,950;0,000;4445,388;181,413;385,150
2019-09-02;7;17730,825;12369,688;12,350;0,000;4449,488;418,200;526,188
2019-09-02;8;20271,988;14514,613;430,675;0,000;4367,388;785,225;609,800
2019-09-02;9;21300,438;15319,650;47,088;0,000;4470,475;664,713;850,625
2019-09-02;10;21490,400;15296,275;-7,963;0,000;4543,013;652,388;1015,875
2019-09-02;11;21538,013;15307,750;-7,788;0,000;4796,225;219,925;1231,238
2019-09-02;12;22045,625;15570,650;37,038;0,000;4886,663;340,550;1255,938
2019-09-02;13;22153,875;15618,863;43,050;0,000;4852,513;445,238;1255,238
2019-09-02;14;22117,175;15294,350;24,738;0,000;4892,688;686,150;1256,663
2019-09-02;15;21763,600;15077,250;-4,000;0,000;4696,763;742,025;1257,150
2019-09-02;16;21581,200;15170,113;-7,463;0,000;4423,925;742,788;1255,463
2019-09-02;17;21322,213;14973,400;-6,713;0,000;4319,138;783,613;1256,675
2019-09-02;18;21084,338;14823,838;-6,950;0,000;4152,813;863,025;1254,350
2019-09-02;19;20926,525;14447,238;35,338;0,000;4072,800;1153,450;1254,150
2019-09-02;20;21506,888;14891,725;327,563;0,000;3954,700;1415,725;1254,600
2019-09-02;21;21922,913;15183,338;382,550;0,000;4035,450;1464,600;1254,613
2019-09-02;22;20293,450;13593,925;297,113;0,000;4009,200;1467,388;1254,013
2019-09-02;23;18442,350;11665,600;48,438;0,000;4044,725;1498,538;1255,788
2019-09-02;24;17185,413;10612,000;-10,900;0,000;4059,075;1318,325;1240,350
