Data;Godzina;Krajowe zapotrzebowanie na moc;Sumaryczna generacja JWCD;Generacja PI;Generacja IRZ;Sumaryczna generacja nJWCD;Krajowe saldo wymiany miêdzysystemowej równoleg³ej;Krajowe saldo wymiany miêdzysystemowej nierównoleg³ej
2019-09-24;1;16625,750;10273,925;-84,475;0,000;5192,488;687,613;560,563
2019-09-24;2;16157,125;10402,863;-333,025;0,000;5108,600;513,850;468,513
2019-09-24;3;15837,163;10418,038;-418,975;0,000;4946,963;472,113;421,438
2019-09-24;4;15866,813;10429,638;-470,100;0,000;4823,538;627,263;459,488
2019-09-24;5;16134,275;10478,438;-624,550;0,000;4748,613;890,113;642,413
2019-09-24;6;16979,288;11210,913;-422,638;0,000;4641,163;861,563;697,350
2019-09-24;7;19259,613;13621,663;-30,463;0,000;4652,788;830,225;194,575
2019-09-24;8;21245,175;15897,100;-6,450;0,000;4585,800;603,300;157,913
2019-09-24;9;22148,188;16668,600;-5,525;0,000;4293,800;728,688;468,150
2019-09-24;10;22292,413;16809,650;-5,488;0,000;4140,963;814,875;534,813
2019-09-24;11;22066,188;16514,788;11,413;0,000;4201,800;789,850;564,400
2019-09-24;12;22209,438;16464,638;66,725;0,000;4358,238;762,725;629,238
2019-09-24;13;22083,725;16321,400;2,950;0,000;4347,138;728,613;699,350
2019-09-24;14;21878,025;16230,750;-6,525;0,000;4269,550;746,250;642,413
2019-09-24;15;21572,363;15930,925;-4,688;0,000;4148,963;771,138;727,463
2019-09-24;16;21468,300;15885,788;-4,938;0,000;4117,275;731,500;739,625
2019-09-24;17;21275,963;15745,750;-5,175;0,000;4145,525;645,225;741,788
2019-09-24;18;21194,700;15641,938;86,125;0,000;4244,488;556,013;749,875
2019-09-24;19;21667,400;15980,288;327,275;0,000;4469,463;661,288;555,100
2019-09-24;20;23214,713;17203,125;414,413;0,000;4796,575;528,525;685,838
2019-09-24;21;22735,788;16442,363;190,700;0,000;4996,725;574,000;740,763
2019-09-24;22;21102,600;14666,925;48,613;0,000;5040,813;669,238;738,238
2019-09-24;23;19281,550;12791,463;-2,750;0,000;4995,375;762,113;743,838
2019-09-24;24;17913,000;11250,888;-5,738;0,000;4954,650;986,688;730,125
