Data;Godzina;Krajowe zapotrzebowanie na moc;Sumaryczna generacja JWCD;Generacja PI;Generacja IRZ;Sumaryczna generacja nJWCD;Krajowe saldo wymiany miêdzysystemowej równoleg³ej;Krajowe saldo wymiany miêdzysystemowej nierównoleg³ej
2019-02-01;1;18765,913;11919,838;-8,463;0,000;6467,350;470,825;-74,050
2019-02-01;2;18248,625;11630,275;-9,438;0,000;6398,000;459,113;-218,425
2019-02-01;3;17886,125;11504,925;-9,750;0,000;6386,775;304,138;-288,838
2019-02-01;4;17820,938;11443,513;-8,475;0,000;6434,638;245,450;-283,550
2019-02-01;5;18178,363;11570,175;-9,250;0,000;6562,638;343,900;-288,325
2019-02-01;6;18976,275;12024,050;-9,213;0,000;6652,138;477,338;-168,088
2019-02-01;7;21379,475;13368,325;-8,100;0,000;6806,900;430,400;783,063
2019-02-01;8;23022,025;14778,300;-6,500;0,000;7057,413;428,900;763,238
2019-02-01;9;24030,425;14981,188;53,700;0,000;7277,413;552,663;1233,300
2019-02-01;10;24432,175;15377,350;89,638;0,000;7293,213;513,625;1257,350
2019-02-01;11;24388,425;15559,600;29,450;0,000;7139,700;444,825;1246,388
2019-02-01;12;24607,488;15705,563;-0,513;0,000;7181,838;473,800;1251,750
2019-02-01;13;24544,025;15529,950;-3,500;0,000;7266,475;498,438;1258,000
2019-02-01;14;24495,738;15413,638;109,188;0,000;7345,850;484,413;1259,738
2019-02-01;15;24095,050;14703,175;8,163;0,000;7553,438;578,300;1266,463
2019-02-01;16;23693,113;14560,775;-2,675;0,000;7666,500;417,975;1061,625
2019-02-01;17;24162,563;14866,288;56,150;0,000;8012,175;151,825;1137,650
2019-02-01;18;24894,975;15461,813;281,625;0,000;8333,463;28,850;1064,200
2019-02-01;19;24592,250;15107,788;270,700;0,000;8379,675;-78,238;1182,738
2019-02-01;20;24416,563;14737,875;276,988;0,000;8512,163;-77,263;1257,038
2019-02-01;21;23715,363;14252,738;228,713;0,000;8471,075;-248,450;1249,363
2019-02-01;22;22157,875;13317,275;-5,800;0,000;8459,725;-719,638;1115,725
2019-02-01;23;20676,838;12467,463;-9,438;0,000;8330,438;-586,100;477,225
2019-02-01;24;19493,238;12095,738;-8,438;0,000;8253,125;-750,075;-87,088
