Data;Godzina;Krajowe zapotrzebowanie na moc;Sumaryczna generacja JWCD;Generacja PI;Generacja IRZ;Sumaryczna generacja nJWCD;Krajowe saldo wymiany miêdzysystemowej równoleg³ej;Krajowe saldo wymiany miêdzysystemowej nierównoleg³ej
2019-02-11;1;15944,438;7589,238;-535,338;0,000;9478,700;4,663;-577,725
2019-02-11;2;15573,800;7731,200;-746,813;0,000;9189,088;-19,413;-577,275
2019-02-11;3;15427,100;7873,163;-745,663;0,000;9014,813;-128,050;-588,950
2019-02-11;4;15562,300;8041,500;-745,288;0,000;8829,888;25,263;-585,613
2019-02-11;5;15948,325;8509,063;-688,350;0,000;8744,763;-42,350;-577,450
2019-02-11;6;17138,275;9233,913;-539,313;0,000;8923,563;56,325;-541,475
2019-02-11;7;20142,525;11197,200;136,038;0,000;9006,313;-29,625;-4,888
2019-02-11;8;22086,538;12935,688;113,963;0,000;9003,025;-277,938;433,163
2019-02-11;9;23317,300;13329,563;13,825;0,000;9088,050;218,013;695,113
2019-02-11;10;23777,325;13222,663;17,425;0,000;9427,288;333,775;806,938
2019-02-11;11;23768,350;12981,988;76,375;0,000;9537,975;428,313;832,438
2019-02-11;12;23908,063;12522,950;355,450;0,000;9744,000;388,788;1261,763
2019-02-11;13;23941,150;12410,563;310,438;0,000;9856,088;399,900;1292,638
2019-02-11;14;24301,325;12758,413;382,125;0,000;9852,500;439,900;1261,238
2019-02-11;15;23723,988;12628,263;47,575;0,000;9771,138;490,713;851,775
2019-02-11;16;23439,700;12314,463;55,338;0,000;9875,950;519,550;732,975
2019-02-11;17;23426,538;12392,575;670,913;0,000;9983,950;478,963;567,538
2019-02-11;18;24229,763;12865,413;676,613;0,000;10109,413;523,663;731,963
2019-02-11;19;24088,375;12623,225;667,238;0,000;10178,125;383,650;905,738
2019-02-11;20;24023,700;12270,825;515,263;0,000;10326,288;361,788;1073,638
2019-02-11;21;23377,113;12216,663;237,738;0,000;10379,375;10,700;780,288
2019-02-11;22;21917,238;11808,675;14,088;0,000;10257,788;162,913;-299,288
2019-02-11;23;20381,238;10836,263;140,125;0,000;10035,913;84,150;-573,713
2019-02-11;24;19045,750;9704,475;-33,838;0,000;9863,875;-126,963;-352,638
