Data;Godzina;Krajowe zapotrzebowanie na moc;Sumaryczna generacja JWCD;Generacja PI;Generacja IRZ;Sumaryczna generacja nJWCD;Krajowe saldo wymiany miêdzysystemowej równoleg³ej;Krajowe saldo wymiany miêdzysystemowej nierównoleg³ej
2019-06-26;1;17612,425;13372,375;74,263;78,375;4275,900;-687,663;671,400
2019-06-26;2;16958,525;13037,975;-269,325;78,525;4465,638;-779,425;506,763
2019-06-26;3;16572,238;12766,388;-439,275;82,238;4526,700;-782,163;498,363
2019-06-26;4;16369,413;12463,188;-611,675;133,613;4370,888;-336,700;490,363
2019-06-26;5;15973,075;12266,600;-618,100;184,625;4151,888;-310,825;486,950
2019-06-26;6;16432,125;12594,938;-591,625;195,638;3975,738;-328,650;793,213
2019-06-26;7;19035,788;14058,638;-57,638;196,113;3675,313;110,363;1244,775
2019-06-26;8;21475,250;16658,863;15,925;236,625;3250,100;345,913;1220,375
2019-06-26;9;22845,013;17781,500;74,238;305,288;3065,475;722,613;1274,950
2019-06-26;10;23471,238;18222,488;92,188;306,838;3167,513;805,025;1282,675
2019-06-26;11;23548,038;18346,250;170,788;310,913;3198,238;730,550;1284,750
2019-06-26;12;23896,425;18182,588;236,588;407,338;3408,200;1034,313;1284,450
2019-06-26;13;24008,775;17796,550;79,725;321,238;3662,363;1282,813;1282,538
2019-06-26;14;23873,263;17505,788;25,688;305,938;3814,938;1283,738;1282,688
2019-06-26;15;23358,338;17551,088;141,700;307,575;3751,813;785,638;1284,813
2019-06-26;16;23278,500;17407,050;159,125;305,763;3808,838;792,163;1283,375
2019-06-26;17;22898,863;16960,350;132,550;303,800;3966,938;694,263;1282,100
2019-06-26;18;22511,413;16485,263;148,275;304,575;4211,488;536,413;1281,925
2019-06-26;19;22206,263;15736,313;288,638;233,975;4554,338;642,213;1279,500
2019-06-26;20;22288,363;15851,300;805,575;101,150;4458,413;704,150;1279,138
2019-06-26;21;21980,588;15432,700;472,050;74,625;4603,863;664,575;1283,850
2019-06-26;22;21755,425;15064,738;28,413;76,363;5027,775;389,663;1282,400
2019-06-26;23;20873,163;14068,438;37,400;75,838;5436,763;148,688;1231,725
2019-06-26;24;19415,925;13462,913;224,825;75,063;5544,600;133,000;285,963
