Data;Godzina;Krajowe zapotrzebowanie na moc;Sumaryczna generacja JWCD;Generacja PI;Generacja IRZ;Sumaryczna generacja nJWCD;Krajowe saldo wymiany miêdzysystemowej równoleg³ej;Krajowe saldo wymiany miêdzysystemowej nierównoleg³ej
2019-03-31;1;15144,025;7856,588;-48,825;0,000;7093,375;8,438;240,288
2019-03-31;3;14639,600;7411,150;-252,025;0,000;7211,125;39,025;235,613
2019-03-31;4;14209,638;7514,088;-544,975;0,000;7049,738;-44,713;242,925
2019-03-31;5;14233,775;7751,775;-771,288;0,000;7016,738;-5,113;242,950
2019-03-31;6;14318,450;7889,575;-769,275;0,000;7044,350;-84,075;242,988
2019-03-31;7;14216,050;7638,675;-768,050;0,000;7110,463;-27,800;266,450
2019-03-31;8;14694,650;7855,538;-706,563;0,000;6955,275;123,638;478,075
2019-03-31;9;15570,413;8181,988;-254,375;0,000;6592,300;319,200;741,813
2019-03-31;10;16313,850;7937,375;27,925;0,000;6605,463;511,238;1272,650
2019-03-31;11;16865,850;8201,275;31,300;0,000;6828,700;513,388;1332,875
2019-03-31;12;16935,988;8072,888;113,288;0,000;7089,600;464,575;1325,175
2019-03-31;13;17030,925;7925,275;85,263;0,000;7394,838;410,700;1314,375
2019-03-31;14;16973,313;7996,275;-6,950;0,000;7548,138;471,925;979,913
2019-03-31;15;16601,750;7910,688;-7,513;0,000;7825,438;234,675;649,263
2019-03-31;16;16228,363;7954,313;-8,938;0,000;7889,563;79,613;316,413
2019-03-31;17;16079,925;8070,000;25,450;0,000;7756,588;16,500;249,500
2019-03-31;18;16361,550;8186,288;115,513;0,000;7627,738;153,013;405,588
2019-03-31;19;16648,088;8555,750;237,888;0,000;7202,100;205,863;706,613
2019-03-31;20;18097,938;9672,425;123,213;0,000;6775,400;383,663;1277,863
2019-03-31;21;18774,000;10261,675;106,525;0,000;6719,713;469,050;1332,538
2019-03-31;22;17979,813;9284,038;16,725;0,000;6838,138;541,350;1332,250
2019-03-31;23;17091,150;8487,425;-8,475;0,000;6781,750;515,250;1322,800
2019-03-31;24;15995,775;7965,913;-11,163;0,000;6470,938;366,975;1210,450
