Data;Godzina;Krajowe zapotrzebowanie na moc;Sumaryczna generacja JWCD;Generacja PI;Generacja IRZ;Sumaryczna generacja nJWCD;Krajowe saldo wymiany miêdzysystemowej równoleg³ej;Krajowe saldo wymiany miêdzysystemowej nierównoleg³ej
2019-12-29;1;15409,513;7607,688;-36,038;0,000;6604,163;824,263;412,025
2019-12-29;2;14720,150;7266,975;-13,350;0,000;6553,788;583,038;324,738
2019-12-29;3;14360,950;7251,150;-13,725;0,000;6511,325;411,000;199,488
2019-12-29;4;14147,138;7030,613;-13,300;0,000;6458,638;457,225;212,650
2019-12-29;5;14160,188;7050,400;-12,988;0,000;6380,225;490,513;255,313
2019-12-29;6;14235,263;7152,313;-13,425;0,000;6330,350;495,775;268,513
2019-12-29;7;14737,200;7357,988;-13,288;0,000;6258,538;686,813;447,888
2019-12-29;8;15103,388;7592,250;-13,325;0,000;6234,725;789,038;502,750
2019-12-29;9;15526,288;7807,263;-13,225;0,000;6342,638;723,950;671,375
2019-12-29;10;16572,175;8173,188;-13,500;0,000;6355,188;1037,913;1024,488
2019-12-29;11;17325,788;8372,338;-13,100;0,000;6412,238;1471,850;1085,713
2019-12-29;12;17629,488;7917,488;5,975;0,000;6464,475;1930,700;1325,763
2019-12-29;13;17817,575;8058,438;9,388;0,000;6465,875;1973,625;1332,363
2019-12-29;14;18098,913;8365,888;-4,963;0,000;6438,888;1961,150;1338,788
2019-12-29;15;18028,288;8146,138;-7,163;0,000;6629,350;1929,438;1335,125
2019-12-29;16;18028,700;7853,700;-6,825;0,000;6915,363;1933,488;1332,950
2019-12-29;17;19109,425;8790,650;63,963;0,000;7165,225;1822,725;1332,388
2019-12-29;18;19294,913;8714,000;392,750;0,000;7436,238;1799,400;1350,275
2019-12-29;19;19284,550;8363,563;831,150;0,000;7696,075;1894,825;1337,450
2019-12-29;20;19261,350;8764,950;1083,700;0,000;7893,650;1532,350;1073,438
2019-12-29;21;18888,763;8732,888;960,300;0,000;8016,388;1256,925;885,675
2019-12-29;22;18123,313;8651,688;515,875;0,000;8105,525;619,763;755,763
2019-12-29;23;17378,150;8625,125;151,225;0,000;8231,288;-198,925;734,700
2019-12-29;24;16187,575;7519,875;-12,950;0,000;8445,038;-284,700;525,138
