Data;Godzina;Krajowe zapotrzebowanie na moc;Sumaryczna generacja JWCD;Generacja PI;Generacja IRZ;Sumaryczna generacja nJWCD;Krajowe saldo wymiany miêdzysystemowej równoleg³ej;Krajowe saldo wymiany miêdzysystemowej nierównoleg³ej
2019-03-07;1;17778,800;9010,400;-310,863;0,000;8884,950;118,875;84,225
2019-03-07;2;17272,663;9206,638;-938,800;0,000;8735,563;172,363;104,825
2019-03-07;3;16943,713;9065,075;-1110,788;0,000;8697,300;242,138;58,550
2019-03-07;4;16956,850;9387,288;-1079,350;0,000;8727,388;-36,275;-32,450
2019-03-07;5;17379,475;10028,488;-935,238;0,000;8765,375;69,875;-528,638
2019-03-07;6;17857,063;9615,513;-97,250;3,825;8616,638;-50,200;-98,125
2019-03-07;7;19976,600;10730,125;14,988;44,238;8542,188;94,738;615,750
2019-03-07;8;21907,488;12089,013;-7,750;70,600;8465,488;341,438;1028,188
2019-03-07;9;22737,225;12585,288;29,925;97,138;8400,625;476,363;1292,600
2019-03-07;10;22908,963;13109,938;35,800;99,525;7994,950;486,688;1334,650
2019-03-07;11;22610,513;13067,300;40,100;99,525;7744,425;495,875;1332,088
2019-03-07;12;22809,000;13266,263;64,325;99,538;7666,563;554,813;1336,800
2019-03-07;13;22728,500;13106,650;40,213;99,625;7794,713;503,400;1335,725
2019-03-07;14;22681,125;12955,625;36,175;99,488;7843,663;545,025;1348,563
2019-03-07;15;22265,288;12429,563;36,738;99,563;7990,563;510,413;1346,500
2019-03-07;16;21962,600;11856,325;36,663;99,550;8268,700;506,075;1339,113
2019-03-07;17;21869,338;11882,463;46,900;99,650;8130,238;534,600;1333,613
2019-03-07;18;22631,750;12647,100;386,775;99,338;8197,100;470,475;1324,475
2019-03-07;19;23767,325;13317,850;701,050;99,438;8541,488;555,725;1344,975
2019-03-07;20;23769,438;13167,163;689,013;99,575;8752,550;512,338;1334,063
2019-03-07;21;23050,250;13064,100;792,888;98,400;8674,500;310,163;1010,700
2019-03-07;22;21536,813;12137,038;635,950;73,725;8592,013;157,988;663,863
2019-03-07;23;20024,100;11100,150;109,813;69,725;8600,075;58,013;285,863
2019-03-07;24;18724,613;9869,250;-11,800;69,600;8604,450;19,125;251,963
