Data;Godzina;Krajowe zapotrzebowanie na moc;Sumaryczna generacja JWCD;Generacja PI;Generacja IRZ;Sumaryczna generacja nJWCD;Krajowe saldo wymiany miêdzysystemowej równoleg³ej;Krajowe saldo wymiany miêdzysystemowej nierównoleg³ej
2019-05-02;1;14218,875;8267,188;-176,438;70,288;6295,050;-213,613;58,850
2019-05-02;2;13733,813;8197,788;-609,650;70,400;6515,638;-412,600;45,863
2019-05-02;3;13519,150;8116,700;-719,613;70,263;6749,775;-672,175;46,188
2019-05-02;4;13509,813;8021,050;-802,788;70,163;6907,138;-661,788;48,250
2019-05-02;5;13588,600;8108,450;-801,225;70,400;6903,488;-677,538;58,950
2019-05-02;6;13447,650;8090,338;-739,288;70,125;6967,300;-921,850;58,588
2019-05-02;7;14699,838;8952,575;-565,913;85,675;6967,713;-690,713;39,800
2019-05-02;8;16010,413;9295,400;-80,188;100,188;7345,238;-611,475;68,463
2019-05-02;9;17095,563;9577,950;-41,750;100,175;7902,788;-611,038;294,288
2019-05-02;10;17642,063;9502,200;72,763;100,088;8220,488;-393,338;324,588
2019-05-02;11;17712,700;9289,000;105,738;100,213;8325,688;-212,525;323,363
2019-05-02;12;17767,950;9195,263;109,138;100,113;8460,088;-179,838;301,700
2019-05-02;13;17838,963;9217,775;82,825;100,175;8548,375;-227,350;310,975
2019-05-02;14;17863,300;9363,350;78,750;100,225;8449,600;-253,713;305,588
2019-05-02;15;17620,663;9178,800;7,425;100,188;8394,638;-248,400;305,613
2019-05-02;16;17502,763;9078,013;-4,775;100,113;8362,563;-237,713;305,875
2019-05-02;17;17309,175;8929,050;61,313;100,213;8232,425;-134,238;295,800
2019-05-02;18;17141,025;9004,800;265,888;100,188;8010,688;-153,675;283,225
2019-05-02;19;17041,200;9347,125;271,388;100,188;7565,450;61,700;75,113
2019-05-02;20;17372,725;10239,263;412,600;100,063;7225,675;-181,275;94,688
2019-05-02;21;18199,638;11172,725;494,913;100,125;7030,875;-218,313;223,313
2019-05-02;22;17870,650;10768,788;412,363;98,963;6809,350;33,450;268,325
2019-05-02;23;16717,313;9654,663;62,538;74,038;6891,375;57,563;131,563
2019-05-02;24;15452,550;8512,850;-9,925;70,275;6890,800;19,788;47,263
