Data;Godzina;Krajowe zapotrzebowanie na moc;Sumaryczna generacja JWCD;Generacja PI;Generacja IRZ;Sumaryczna generacja nJWCD;Krajowe saldo wymiany miêdzysystemowej równoleg³ej;Krajowe saldo wymiany miêdzysystemowej nierównoleg³ej
2019-04-12;1;17506,150;10617,900;60,300;0,000;6053,363;281,225;570,563
2019-04-12;2;16858,113;10613,625;-6,775;0,000;6033,600;51,425;175,925
2019-04-12;3;16545,875;10501,300;-59,163;0,000;6062,013;-15,225;59,425
2019-04-12;4;16615,975;10655,375;-163,438;0,000;6060,500;-4,625;75,238
2019-04-12;5;16939,813;10667,438;-343,088;0,000;6122,725;143,025;358,825
2019-04-12;6;17381,000;10571,638;-316,563;0,000;6065,863;321,238;753,063
2019-04-12;7;19486,913;12398,125;-22,650;0,000;6106,275;560,750;446,975
2019-04-12;8;21661,263;14463,088;-7,463;0,000;6073,113;658,125;479,350
2019-04-12;9;22730,263;15045,413;22,763;0,000;6110,613;827,000;763,213
2019-04-12;10;22894,350;15084,450;89,638;0,000;6137,875;760,913;924,438
2019-04-12;11;22840,138;14750,088;98,788;0,000;6268,288;776,375;1061,300
2019-04-12;12;23153,550;14975,863;62,300;0,000;6333,713;785,050;1061,325
2019-04-12;13;23117,388;14952,363;3,888;0,000;6278,650;799,763;1100,538
2019-04-12;14;22966,438;14776,000;-3,438;0,000;6278,500;775,050;1144,200
2019-04-12;15;22515,775;14301,913;33,713;0,000;6323,500;755,563;1145,238
2019-04-12;16;22206,150;13895,375;5,713;0,000;6391,925;782,963;1146,363
2019-04-12;17;21867,363;13517,000;-6,725;0,000;6471,975;739,325;1150,700
2019-04-12;18;21441,513;13196,013;-7,088;0,000;6491,088;606,900;1156,850
2019-04-12;19;21315,425;12963,875;55,475;0,000;6522,663;782,600;1057,650
2019-04-12;20;21990,413;13629,000;141,988;0,000;6578,500;756,138;1038,088
2019-04-12;21;22594,775;14007,675;587,275;0,000;6680,163;779,675;1144,000
2019-04-12;22;21250,863;12548,088;473,800;0,000;6730,988;820,613;1158,113
2019-04-12;23;19727,513;11075,350;107,713;0,000;6718,650;792,125;1157,038
2019-04-12;24;18475,250;10256,350;-9,750;0,000;6641,963;498,475;1098,300
