Data;Godzina;Krajowe zapotrzebowanie na moc;Sumaryczna generacja JWCD;Generacja PI;Generacja IRZ;Sumaryczna generacja nJWCD;Krajowe saldo wymiany miêdzysystemowej równoleg³ej;Krajowe saldo wymiany miêdzysystemowej nierównoleg³ej
2019-07-24;1;16313,488;11044,738;-6,088;0,000;3193,988;817,675;1269,725
2019-07-24;2;15696,025;10720,313;-181,088;0,000;3188,263;760,488;1212,413
2019-07-24;3;15316,413;10773,700;-322,613;0,000;3144,913;660,125;1062,863
2019-07-24;4;15272,413;10870,138;-322,100;0,000;3129,863;592,538;1002,700
2019-07-24;5;15185,713;11213,775;-321,725;0,000;3093,775;435,500;768,175
2019-07-24;6;15290,563;11686,038;-202,813;0,000;3115,888;231,763;466,725
2019-07-24;7;17642,788;13921,850;-25,525;0,000;3163,475;483,450;96,813
2019-07-24;8;19783,050;16020,238;-2,650;0,000;3177,438;509,213;81,888
2019-07-24;9;20943,413;17020,763;-3,788;0,000;3160,063;591,500;174,175
2019-07-24;10;21507,438;17432,363;20,600;0,000;3180,000;584,925;312,575
2019-07-24;11;21616,450;17492,600;23,138;0,000;3246,575;558,250;327,500
2019-07-24;12;21914,713;17600,450;14,375;0,000;3275,750;599,425;445,925
2019-07-24;13;22116,350;17853,300;12,825;0,000;3318,775;626,763;334,938
2019-07-24;14;22114,313;17908,075;12,725;0,000;3284,663;555,450;374,700
2019-07-24;15;21845,588;17538,088;-4,575;0,000;3252,338;645,950;423,825
2019-07-24;16;21589,438;17158,700;-6,775;0,000;3181,300;868,313;386,638
2019-07-24;17;21281,450;16912,675;27,050;0,000;3175,138;813,875;387,425
2019-07-24;18;20873,225;16556,000;118,650;0,000;3239,350;679,788;402,125
2019-07-24;19;20683,225;16735,500;107,100;0,000;3200,000;151,063;599,775
2019-07-24;20;20873,175;17234,700;90,113;0,000;3219,475;-173,225;592,275
2019-07-24;21;20838,938;16931,450;98,950;0,000;3323,250;-213,575;804,263
2019-07-24;22;20660,938;15239,300;14,413;0,000;3492,163;725,938;1218,388
2019-07-24;23;19315,213;13664,000;106,688;0,000;3531,200;863,063;1274,363
2019-07-24;24;17756,413;12081,325;224,675;0,000;3529,900;881,538;1275,025
