Data;Godzina;Krajowe zapotrzebowanie na moc;Sumaryczna generacja JWCD;Generacja PI;Generacja IRZ;Sumaryczna generacja nJWCD;Krajowe saldo wymiany miêdzysystemowej równoleg³ej;Krajowe saldo wymiany miêdzysystemowej nierównoleg³ej
2019-02-02;1;18484,313;11820,425;-6,413;0,000;7977,088;-583,338;-719,900
2019-02-02;2;17808,088;11490,425;-8,225;0,000;7939,163;-861,488;-743,538
2019-02-02;3;17369,038;11107,213;-8,650;0,000;7845,938;-830,850;-735,700
2019-02-02;4;17180,900;10665,925;-8,863;0,000;7882,138;-631,038;-721,325
2019-02-02;5;17239,663;10605,488;-8,000;0,000;7854,625;-472,375;-732,188
2019-02-02;6;17410,613;10707,288;-7,163;0,000;7887,463;-429,175;-741,325
2019-02-02;7;18313,013;11339,313;-8,750;0,000;7796,438;-54,650;-756,338
2019-02-02;8;19051,763;11701,375;-5,500;0,000;7867,525;221,850;-733,300
2019-02-02;9;20125,325;12164,313;28,850;0,000;7747,238;280,388;-62,350
2019-02-02;10;20907,588;12449,250;114,088;0,000;7517,275;109,413;843,963
2019-02-02;11;21287,950;12621,863;43,913;0,000;7428,475;86,913;1163,363
2019-02-02;12;21505,400;12777,325;36,025;0,000;7356,675;214,538;1168,450
2019-02-02;13;21253,338;12230,975;-0,163;0,000;7238,338;528,900;1263,338
2019-02-02;14;21206,150;12238,900;-4,538;0,000;7156,625;559,563;1253,788
2019-02-02;15;20518,625;12014,413;-5,063;0,000;7002,325;518,250;993,613
2019-02-02;16;20295,038;11995,550;48,175;0,000;7171,763;392,888;743,838
2019-02-02;17;20641,688;11742,300;-9,063;0,000;7485,300;472,725;956,038
2019-02-02;18;21492,900;12147,613;61,163;0,000;7818,188;370,975;1163,450
2019-02-02;19;21368,038;12311,700;35,588;0,000;7971,750;-129,250;1229,125
2019-02-02;20;20955,500;12025,575;15,688;0,000;7956,138;-205,338;1197,300
2019-02-02;21;20320,988;11769,200;-5,800;0,000;7823,125;-334,038;1083,963
2019-02-02;22;19204,350;11484,838;-13,650;0,000;7696,063;-239,300;282,575
2019-02-02;23;18352,438;11263,775;-11,038;0,000;7827,288;-539,000;-179,475
2019-02-02;24;17152,100;10512,463;-12,688;0,000;7680,125;-551,338;-466,663
