Data;Godzina;Krajowe zapotrzebowanie na moc;Sumaryczna generacja JWCD;Generacja PI;Generacja IRZ;Sumaryczna generacja nJWCD;Krajowe saldo wymiany miêdzysystemowej równoleg³ej;Krajowe saldo wymiany miêdzysystemowej nierównoleg³ej
2019-08-29;1;17192,263;12552,725;-6,463;0,000;4435,700;21,613;200,200
2019-08-29;2;16568,638;12361,675;-31,963;0,000;4133,025;-45,413;159,350
2019-08-29;3;16295,075;12487,538;-357,388;0,000;4028,350;-21,775;169,400
2019-08-29;4;16341,313;12670,250;-469,188;0,000;4001,175;-18,125;171,163
2019-08-29;5;16477,938;12742,238;-467,988;1,175;4066,375;-16,275;156,813
2019-08-29;6;16766,050;13089,625;-442,450;30,300;3948,963;-9,525;185,788
2019-08-29;7;18652,825;14245,738;-41,425;94,613;3939,363;216,788;298,763
2019-08-29;8;20732,688;15776,313;-6,900;181,825;3998,938;640,500;334,400
2019-08-29;9;22041,363;17004,013;-7,388;198,538;3723,413;797,425;532,600
2019-08-29;10;22668,275;17678,725;181,400;200,675;3529,750;834,463;650,950
2019-08-29;11;22906,875;17939,950;160,063;200,588;3526,350;804,888;653,338
2019-08-29;12;23419,325;18408,700;70,388;200,225;3610,875;765,825;648,275
2019-08-29;13;23624,425;18493,850;73,838;200,913;3722,900;775,300;652,925
2019-08-29;14;23590,750;18394,725;2,363;199,450;3812,588;745,113;657,925
2019-08-29;15;23254,163;17997,450;-7,163;199,763;3782,850;849,775;643,038
2019-08-29;16;23083,925;17925,100;57,938;199,063;3751,325;772,625;653,525
2019-08-29;17;22710,713;17570,375;137,875;198,988;3731,488;769,600;650,825
2019-08-29;18;22328,363;17088,550;127,175;199,400;3821,413;788,100;642,000
2019-08-29;19;21879,363;16684,988;7,538;201,150;3744,163;833,338;644,675
2019-08-29;20;22243,500;16970,963;52,863;200,975;3843,125;796,375;645,475
2019-08-29;21;22921,250;17476,775;196,575;200,825;3843,663;968,150;647,575
2019-08-29;22;21446,763;16156,763;199,463;198,463;3664,938;1002,550;644,325
2019-08-29;23;19767,788;14622,150;-3,475;199,163;3583,875;937,475;650,250
2019-08-29;24;18349,213;13445,425;-3,350;200,750;3500,750;771,388;641,513
