Data;Godzina;Krajowe zapotrzebowanie na moc;Sumaryczna generacja JWCD;Generacja PI;Generacja IRZ;Sumaryczna generacja nJWCD;Krajowe saldo wymiany miêdzysystemowej równoleg³ej;Krajowe saldo wymiany miêdzysystemowej nierównoleg³ej
2019-03-19;1;17623,913;9557,900;-667,613;143,375;8492,500;-14,700;266,575
2019-03-19;2;17116,425;9424,663;-931,438;143,425;8375,113;-6,288;258,850
2019-03-19;3;16772,813;9387,775;-928,288;146,413;8080,850;-20,313;260,200
2019-03-19;4;16822,688;9548,063;-893,675;143,763;7954,388;-21,413;245,000
2019-03-19;5;17137,150;9722,800;-715,713;143,200;7830,900;8,875;297,025
2019-03-19;6;17681,750;10274,413;-739,400;143,863;7651,038;181,075;322,500
2019-03-19;7;19863,200;11355,463;-192,450;144,600;7476,063;234,663;996,325
2019-03-19;8;21897,013;13143,150;-3,050;149,138;7328,988;274,613;1155,200
2019-03-19;9;22547,175;13544,625;95,325;172,200;7266,475;452,138;1298,688
2019-03-19;10;22837,713;13809,575;100,475;175,538;7214,000;521,900;1310,813
2019-03-19;11;22821,550;13862,600;98,425;175,150;7129,000;530,375;1302,438
2019-03-19;12;22993,000;14184,125;98,363;173,800;7026,413;481,275;1311,000
2019-03-19;13;23073,663;14264,625;9,563;175,050;6976,938;537,300;1309,225
2019-03-19;14;23132,313;14420,813;-3,025;173,925;6884,438;526,638;1316,775
2019-03-19;15;22702,775;14054,713;-2,888;174,825;6815,175;524,988;1322,513
2019-03-19;16;22420,175;13964,888;-2,900;174,700;6683,688;477,550;1304,100
2019-03-19;17;22227,275;13701,338;-2,400;183,463;6506,925;712,713;1307,563
2019-03-19;18;22239,288;13943,900;14,838;251,063;6369,938;632,400;1307,300
2019-03-19;19;23438,075;14958,763;193,963;284,988;6485,888;692,300;1307,188
2019-03-19;20;23912,050;15256,188;588,663;313,900;6708,938;666,375;1294,550
2019-03-19;21;23312,300;14725,450;192,550;327,825;6760,988;538,900;1306,375
2019-03-19;22;21777,000;13458,188;7,088;246,150;6580,325;442,788;1317,175
2019-03-19;23;20259,750;11958,950;-6,000;144,925;6425,175;580,375;1315,525
2019-03-19;24;18861,200;10700,075;-7,750;145,200;6327,450;543,938;1310,000
