Data;Godzina;Krajowe zapotrzebowanie na moc;Sumaryczna generacja JWCD;Generacja PI;Generacja IRZ;Sumaryczna generacja nJWCD;Krajowe saldo wymiany miêdzysystemowej równoleg³ej;Krajowe saldo wymiany miêdzysystemowej nierównoleg³ej
2019-09-20;1;16647,238;9730,438;-150,513;0,000;5521,938;810,925;734,763
2019-09-20;2;16099,688;9733,250;-532,513;0,000;5441,263;744,150;716,213
2019-09-20;3;15841,363;9886,050;-662,475;0,000;5272,313;712,138;634,288
2019-09-20;4;15848,088;10022,513;-691,513;2,775;5131,300;762,950;627,413
2019-09-20;5;16171,075;10034,275;-483,138;47,300;5081,513;843,463;700,625
2019-09-20;6;16876,488;10447,775;-51,000;105,488;5031,275;770,900;682,875
2019-09-20;7;19060,313;13029,300;-3,700;124,613;5001,238;720,613;312,138
2019-09-20;8;21075,513;14873,550;-3,525;176,738;4976,688;839,900;383,738
2019-09-20;9;21951,313;15726,200;-6,550;223,250;4748,400;977,413;500,325
2019-09-20;10;22036,875;15934,388;-6,575;231,500;4613,913;820,688;674,213
2019-09-20;11;21737,138;15740,788;-4,613;228,463;4591,850;817,638;598,275
2019-09-20;12;21869,763;15448,938;-5,338;230,263;4902,625;826,238;701,138
2019-09-20;13;21847,850;15379,188;-5,375;229,988;5017,675;734,425;726,650
2019-09-20;14;21706,538;15265,088;-6,550;232,163;5027,738;768,038;649,875
2019-09-20;15;21314,063;14642,875;141,700;43,788;5157,425;793,663;725,225
2019-09-20;16;21287,700;14638,950;240,425;0,000;5134,225;780,125;737,450
2019-09-20;17;21046,425;14514,563;-4,038;0,000;5034,538;797,938;707,638
2019-09-20;18;21073,613;14750,700;-3,475;0,000;4855,388;803,125;671,075
2019-09-20;19;21368,438;14779,413;14,563;0,000;4902,150;1115,950;575,575
2019-09-20;20;22710,200;15713,438;17,163;0,000;5182,913;1275,700;532,538
2019-09-20;21;22235,150;14721,438;69,738;0,000;5234,500;1585,313;712,138
2019-09-20;22;20461,850;13072,250;3,738;0,000;5420,388;1252,075;736,938
2019-09-20;23;18822,350;11609,113;-6,300;0,000;5377,125;1132,188;717,213
2019-09-20;24;17623,863;10482,263;-6,413;0,000;5477,663;978,513;696,075
