Data;Godzina;Krajowe zapotrzebowanie na moc;Sumaryczna generacja JWCD;Generacja PI;Generacja IRZ;Sumaryczna generacja nJWCD;Krajowe saldo wymiany miêdzysystemowej równoleg³ej;Krajowe saldo wymiany miêdzysystemowej nierównoleg³ej
2019-08-09;1;16181,988;10844,163;-146,500;0,000;4432,288;622,588;441,788
2019-08-09;2;15630,700;11299,775;-463,850;0,000;4414,775;135,988;249,363
2019-08-09;3;15226,825;11261,225;-580,900;0,000;4367,213;-11,113;193,425
2019-08-09;4;15198,450;11278,150;-651,763;0,000;4427,925;-46,600;192,325
2019-08-09;5;15320,063;11281,600;-726,800;0,000;4618,963;-61,550;211,513
2019-08-09;6;15304,950;10940,713;-851,538;0,000;4797,188;129,263;294,513
2019-08-09;7;17349,275;12102,825;-254,088;0,000;4845,500;430,575;233,488
2019-08-09;8;19278,763;13662,463;-2,950;0,000;4659,600;1041,725;-81,638
2019-08-09;9;20484,100;15084,775;49,550;0,000;4391,363;989,150;20,075
2019-08-09;10;20991,763;15310,288;4,463;0,000;4593,013;954,363;139,775
2019-08-09;11;21101,738;15008,200;-2,588;0,000;4964,438;953,713;184,213
2019-08-09;12;21486,963;14994,150;23,925;0,000;5258,200;1002,075;241,063
2019-08-09;13;21541,175;15204,175;19,188;0,000;5355,025;720,225;264,750
2019-08-09;14;21530,875;15094,800;17,625;0,000;5301,250;794,013;346,925
2019-08-09;15;21156,225;14944,763;0,000;0,000;5115,950;857,438;242,175
2019-08-09;16;21019,050;15328,938;-2,500;0,000;4812,288;748,263;134,988
2019-08-09;17;20861,475;15538,713;-2,800;0,000;4520,825;656,775;138,425
2019-08-09;18;20567,700;15442,488;81,913;0,000;4167,563;729,300;235,475
2019-08-09;19;20219,825;15298,088;14,088;0,000;3813,050;758,500;355,363
2019-08-09;20;20265,663;15403,450;-2,513;0,000;3613,975;817,838;438,675
2019-08-09;21;20565,375;15338,963;139,013;0,000;3732,163;842,200;655,525
2019-08-09;22;20125,125;14656,200;246,213;0,000;3868,550;945,650;668,625
2019-08-09;23;18548,250;12865,163;303,950;0,000;4032,625;991,013;668,663
2019-08-09;24;17068,025;11276,650;212,925;0,000;4191,400;926,275;684,900
