Data;Godzina;Krajowe zapotrzebowanie na moc;Sumaryczna generacja JWCD;Generacja PI;Generacja IRZ;Sumaryczna generacja nJWCD;Krajowe saldo wymiany miêdzysystemowej równoleg³ej;Krajowe saldo wymiany miêdzysystemowej nierównoleg³ej
2019-03-14;1;17982,775;8562,250;-395,275;46,938;9625,513;-56,463;252,188
2019-03-14;2;17557,813;8641,225;-963,538;0,000;9627,525;-45,025;303,013
2019-03-14;3;17274,900;8700,125;-1250,363;0,000;9601,413;-40,300;271,938
2019-03-14;4;17303,388;8780,438;-1284,613;0,000;9574,213;14,713;228,800
2019-03-14;5;17508,325;9345,050;-1277,550;11,388;9657,100;-46,363;-163,563
2019-03-14;6;18166,725;9777,175;-1216,950;48,513;9723,175;76,125;-184,050
2019-03-14;7;20189,150;10198,913;-252,813;83,350;9906,800;194,763;138,100
2019-03-14;8;21976,950;10863,313;10,650;139,038;9918,088;178,900;1025,313
2019-03-14;9;22985,338;11538,275;17,063;173,875;9841,575;370,913;1240,038
2019-03-14;10;23248,300;11734,263;115,350;173,525;9709,313;478,100;1332,350
2019-03-14;11;23067,250;11690,888;129,550;176,275;9529,950;520,900;1327,138
2019-03-14;12;23274,325;12056,688;102,738;173,950;9450,763;430,263;1336,775
2019-03-14;13;23358,363;12420,625;9,725;173,363;9056,450;547,738;1333,063
2019-03-14;14;23440,925;12893,413;-3,163;176,938;8718,488;505,788;1323,925
2019-03-14;15;23010,363;12914,863;-3,175;174,600;8256,063;505,263;1332,838
2019-03-14;16;22779,663;12896,175;-3,075;175,050;7999,100;548,450;1334,588
2019-03-14;17;22535,225;12863,513;67,300;176,538;7847,813;487,338;1332,263
2019-03-14;18;22766,163;13131,063;342,525;174,000;7878,700;426,388;1325,725
2019-03-14;19;23849,275;13833,250;475,613;173,325;8239,638;428,638;1338,963
2019-03-14;20;24033,238;13730,888;578,038;173,600;8436,313;528,975;1344,788
2019-03-14;21;23298,500;13264,913;262,825;174,038;8225,250;492,013;1332,863
2019-03-14;22;21717,475;11669,700;152,038;174,913;8197,425;548,150;1308,563
2019-03-14;23;20232,225;10941,888;386,888;148,275;7989,663;407,700;902,725
2019-03-14;24;19084,200;10956,450;139,463;144,413;7734,525;87,088;329,750
