Data;Godzina;Krajowe zapotrzebowanie na moc;Sumaryczna generacja JWCD;Generacja PI;Generacja IRZ;Sumaryczna generacja nJWCD;Krajowe saldo wymiany miêdzysystemowej równoleg³ej;Krajowe saldo wymiany miêdzysystemowej nierównoleg³ej
2019-11-10;1;15480,863;8567,250;-11,938;0,000;6605,750;172,788;154,925
2019-11-10;2;14843,488;8324,038;-27,488;0,000;6434,588;53,913;59,350
2019-11-10;3;14400,438;8259,363;-146,588;0,000;6228,575;-2,100;59,500
2019-11-10;4;14308,338;8286,138;-145,725;0,000;6094,875;14,375;59,500
2019-11-10;5;14329,063;8405,750;-94,988;0,000;5946,025;15,913;59,325
2019-11-10;6;14472,138;8479,413;-12,075;0,000;5925,425;11,038;73,088
2019-11-10;7;14670,538;8542,888;-10,913;0,000;5818,163;128,250;201,775
2019-11-10;8;15045,238;8423,013;-11,013;0,000;5696,750;528,813;408,350
2019-11-10;9;15875,550;8770,413;-10,900;0,000;5630,088;864,038;627,075
2019-11-10;10;16772,738;8999,300;9,075;0,000;5528,425;1421,463;833,138
2019-11-10;11;17213,838;9138,513;-4,463;0,000;5394,238;1569,925;1121,263
2019-11-10;12;17515,413;9469,688;-6,525;0,000;5323,925;1570,063;1156,550
2019-11-10;13;17767,375;9637,975;-8,413;0,000;5322,338;1657,913;1156,438
2019-11-10;14;17856,363;9740,038;-6,688;0,000;5310,788;1665,025;1153,800
2019-11-10;15;17512,550;9380,000;-3,638;0,000;5328,025;1660,225;1147,175
2019-11-10;16;17420,000;9163,075;-5,788;0,000;5399,638;1706,575;1155,188
2019-11-10;17;18163,413;9941,813;-4,938;0,000;5523,950;1553,875;1147,250
2019-11-10;18;18706,688;11080,588;66,775;0,000;5671,775;897,413;1061,000
2019-11-10;19;18506,738;10988,738;50,600;0,000;5785,713;584,525;1153,388
2019-11-10;20;18474,888;10904,088;2,225;0,000;5803,900;619,050;1149,550
2019-11-10;21;18014,788;10027,688;128,388;0,000;5786,463;1094,138;1113,850
2019-11-10;22;17244,563;9156,663;315,050;0,000;5723,750;1215,263;1156,188
2019-11-10;23;16455,925;8412,325;305,225;0,000;5671,200;1231,088;1155,213
2019-11-10;24;15657,013;8277,025;58,250;0,000;5596,863;968,288;821,625
