Data;Godzina;Krajowe zapotrzebowanie na moc;Sumaryczna generacja JWCD;Generacja PI;Generacja IRZ;Sumaryczna generacja nJWCD;Krajowe saldo wymiany miêdzysystemowej równoleg³ej;Krajowe saldo wymiany miêdzysystemowej nierównoleg³ej
2019-11-17;1;15386,513;7922,088;-14,963;0,000;5771,800;910,763;800,463
2019-11-17;2;14689,813;7932,088;-17,538;0,000;5591,413;574,950;611,638
2019-11-17;3;14325,088;8003,663;-17,663;0,000;5482,850;383,225;475,388
2019-11-17;4;14141,900;8083,975;-16,725;0,000;5324,338;319,988;432,138
2019-11-17;5;14153,638;8066,788;-18,163;0,000;5356,425;218,263;533,775
2019-11-17;6;14264,725;7986,225;-15,600;0,000;5467,100;77,063;750,613
2019-11-17;7;14573,838;8006,325;-12,913;0,000;5620,413;-32,338;993,063
2019-11-17;8;14816,925;7771,188;-11,788;0,000;5871,225;-31,600;1218,925
2019-11-17;9;15641,050;8490,775;-10,263;0,000;5880,388;49,013;1230,375
2019-11-17;10;16445,038;9340,638;-12,113;0,000;5720,538;166,875;1230,338
2019-11-17;11;16904,175;10045,425;-8,263;0,000;5502,138;133,500;1231,163
2019-11-17;12;17119,038;10379,763;12,900;0,000;5487,350;11,438;1245,600
2019-11-17;13;17233,063;10204,975;248,775;0,000;5551,500;243,350;1246,063
2019-11-17;14;17348,763;10043,538;308,600;0,000;5832,875;245,713;1233,038
2019-11-17;15;17088,088;9434,250;229,263;0,000;6205,013;227,013;1230,650
2019-11-17;16;17067,400;8945,750;10,088;0,000;6749,525;129,275;1244,000
2019-11-17;17;18257,488;9480,963;104,075;0,000;7399,638;129,488;1245,838
2019-11-17;18;18776,275;9397,825;390,938;0,000;7916,050;222,788;1245,388
2019-11-17;19;18862,888;9249,975;512,438;0,000;8078,375;290,725;1244,550
2019-11-17;20;18804,375;8630,988;517,363;0,000;8070,950;886,938;1224,300
2019-11-17;21;18450,988;8819,575;475,888;0,000;8039,413;677,650;927,013
2019-11-17;22;17641,650;8603,200;210,975;0,000;8017,225;400,325;634,488
2019-11-17;23;16920,675;8535,525;-10,575;0,000;7825,525;192,188;384,875
2019-11-17;24;15910,563;8022,575;-67,850;0,000;7772,575;30,588;162,825
