Data;Godzina;Krajowe zapotrzebowanie na moc;Sumaryczna generacja JWCD;Generacja PI;Generacja IRZ;Sumaryczna generacja nJWCD;Krajowe saldo wymiany miêdzysystemowej równoleg³ej;Krajowe saldo wymiany miêdzysystemowej nierównoleg³ej
2019-07-06;1;16448,613;9816,213;-7,125;77,675;4583,450;848,525;1205,038
2019-07-06;2;15728,025;9532,275;-10,075;75,163;4571,425;576,913;1055,150
2019-07-06;3;15368,550;10172,138;-10,738;75,025;4400,225;226,275;576,938
2019-07-06;4;15254,850;10363,313;-11,500;74,313;4269,900;196,300;437,800
2019-07-06;5;14701,763;10432,938;-10,263;76,575;4155,500;-35,650;157,863
2019-07-06;6;14544,950;10348,850;-279,938;75,738;4055,963;97,913;329,863
2019-07-06;7;15502,050;10993,138;-85,388;72,763;3719,975;287,563;584,388
2019-07-06;8;16841,038;11998,450;-10,063;73,263;3463,125;960,575;432,088
2019-07-06;9;17995,025;12993,063;-10,088;73,075;3597,875;993,000;421,425
2019-07-06;10;18847,613;13676,575;17,350;74,100;3767,913;988,350;421,650
2019-07-06;11;19245,888;13850,013;38,588;74,575;4005,375;975,225;419,538
2019-07-06;12;19480,013;13911,138;41,250;77,125;4147,550;1011,188;418,138
2019-07-06;13;19413,813;13899,288;-0,225;77,313;4191,700;911,225;419,038
2019-07-06;14;18979,563;13622,688;162,050;74,963;4059,313;884,450;419,775
2019-07-06;15;18443,850;13167,575;54,688;75,350;4103,025;733,188;447,838
2019-07-06;16;18159,725;12335,725;0,563;75,038;4168,375;789,963;873,000
2019-07-06;17;17953,763;12246,013;-7,688;78,313;4006,613;804,863;905,100
2019-07-06;18;17722,963;11990,163;219,738;72,938;4061,888;770,600;904,263
2019-07-06;19;17521,700;11812,975;533,475;75,400;4067,038;726,675;921,213
2019-07-06;20;17681,788;11565,675;702,538;77,825;4146,788;790,663;1185,125
2019-07-06;21;17517,438;11204,975;677,350;75,800;4344,400;765,825;1205,250
2019-07-06;22;17562,050;11116,738;659,900;78,338;4482,675;757,000;1207,338
2019-07-06;23;16864,975;10321,050;468,500;76,450;4728,200;628,075;1190,775
2019-07-06;24;15734,013;9570,013;106,100;77,613;4816,775;386,263;971,238
