Data;Godzina;Krajowe zapotrzebowanie na moc;Sumaryczna generacja JWCD;Generacja PI;Generacja IRZ;Sumaryczna generacja nJWCD;Krajowe saldo wymiany miêdzysystemowej równoleg³ej;Krajowe saldo wymiany miêdzysystemowej nierównoleg³ej
2019-01-24;1;19383,875;12900,188;-9,063;86,800;7718,450;-1756,575;542,400
2019-01-24;2;18728,800;12599,963;-7,900;86,975;7531,800;-1787,975;393,475
2019-01-24;3;18362,813;12566,213;-8,425;86,825;7336,550;-1812,938;289,150
2019-01-24;4;18531,488;12562,063;-8,788;86,950;7350,463;-1576,263;217,500
2019-01-24;5;18726,000;12602,375;-88,100;95,400;7422,663;-1388,688;188,113
2019-01-24;6;19631,513;14124,725;-294,500;145,125;7407,775;-1127,413;-465,438
2019-01-24;7;22266,650;15175,538;-47,238;200,550;7541,538;-453,350;44,963
2019-01-24;8;24163,338;16874,013;-7,100;241,388;7538,888;-378,513;133,125
2019-01-24;9;25217,263;17129,913;-7,250;293,250;7631,338;5,975;451,675
2019-01-24;10;25541,825;17246,625;28,025;316,800;7656,200;-23,425;676,163
2019-01-24;11;25682,763;17058,888;32,650;318,025;7695,225;159,888;777,313
2019-01-24;12;25842,125;16921,175;32,275;333,875;7664,738;167,650;1099,863
2019-01-24;13;25852,800;16904,350;-2,563;340,250;7553,300;332,463;1077,763
2019-01-24;14;25942,650;16935,813;6,725;352,050;7487,400;409,650;1117,238
2019-01-24;15;25549,863;17067,288;279,813;339,675;7469,550;206,150;813,588
2019-01-24;16;25269,900;17209,513;199,288;340,125;7500,900;8,450;550,563
2019-01-24;17;25770,200;17202,413;51,713;359,475;7672,063;169,750;727,088
2019-01-24;18;26135,575;17217,938;189,925;317,963;7920,088;3,938;998,738
2019-01-24;19;25819,700;17313,725;21,838;238,875;8087,325;32,638;389,813
2019-01-24;20;25644,588;16536,788;10,975;229,675;8130,325;31,675;959,575
2019-01-24;21;24806,925;15577,338;9,238;183,900;8065,888;13,225;1160,413
2019-01-24;22;23383,638;14294,488;-4,200;106,375;8000,575;-27,113;1132,500
2019-01-24;23;21878,550;13839,413;-4,225;97,750;7849,638;-775,513;976,800
2019-01-24;24;20724,150;13586,013;-7,350;0,000;7705,288;-1432,575;877,725
