Data;Godzina;Krajowe zapotrzebowanie na moc;Sumaryczna generacja JWCD;Generacja PI;Generacja IRZ;Sumaryczna generacja nJWCD;Krajowe saldo wymiany miêdzysystemowej równoleg³ej;Krajowe saldo wymiany miêdzysystemowej nierównoleg³ej
2019-06-20;1;16616,300;10663,663;-6,188;0,000;4192,563;529,313;1230,750
2019-06-20;2;15819,350;9906,650;-6,338;0,000;4243,988;449,688;1228,550
2019-06-20;3;15298,538;9568,938;-6,475;0,000;4058,000;480,913;1201,513
2019-06-20;4;14953,763;9502,775;-6,288;0,000;3958,188;411,588;1089,900
2019-06-20;5;14272,550;9693,975;-8,225;0,000;3819,250;205,988;559,563
2019-06-20;6;13777,775;9743,425;-9,888;0,000;3684,738;82,300;284,838
2019-06-20;7;13891,250;9840,825;-9,575;0,000;3282,400;200,975;577,263
2019-06-20;8;14751,875;10429,388;-9,538;0,000;3015,713;534,063;781,363
2019-06-20;9;15595,975;11365,688;-7,238;0,000;2994,163;673,638;573,100
2019-06-20;10;16228,175;11920,938;46,850;0,000;3058,988;721,538;536,125
2019-06-20;11;16460,338;12066,775;71,150;0,000;3234,625;632,400;538,663
2019-06-20;12;16701,525;12134,038;136,725;0,000;3334,988;674,550;561,225
2019-06-20;13;16832,838;12391,238;241,363;0,000;3466,163;434,300;542,613
2019-06-20;14;16900,675;12373,875;233,200;0,000;3572,363;416,313;542,713
2019-06-20;15;16549,825;11804,938;144,663;0,000;3671,700;495,850;578,613
2019-06-20;16;16342,350;11413,700;-6,238;0,000;3724,075;440,163;767,625
2019-06-20;17;16091,250;10771,300;-6,275;0,000;3626,913;577,825;1117,638
2019-06-20;18;16094,088;10881,850;-6,500;0,000;3490,913;690,813;1033,825
2019-06-20;19;16080,413;10990,838;-6,175;0,000;3305,125;664,750;1126,250
2019-06-20;20;16368,050;11222,613;59,888;0,000;3271,275;676,188;1208,750
2019-06-20;21;16499,050;11679,225;50,988;0,000;3238,088;359,175;1229,125
2019-06-20;22;16794,225;11946,588;48,088;0,000;3153,088;469,525;1233,013
2019-06-20;23;16541,788;11710,138;0,450;0,000;3069,313;544,513;1231,200
2019-06-20;24;15412,125;10785,575;-6,513;0,000;3014,500;457,988;1175,538
