Data;Godzina;Krajowe zapotrzebowanie na moc;Sumaryczna generacja JWCD;Generacja PI;Generacja IRZ;Sumaryczna generacja nJWCD;Krajowe saldo wymiany miêdzysystemowej równoleg³ej;Krajowe saldo wymiany miêdzysystemowej nierównoleg³ej
2019-03-03;1;16210,250;8389,913;-58,625;0,000;7575,000;471,138;-161,038
2019-03-03;2;15623,200;8349,800;-218,363;0,000;7609,200;382,600;-495,413
2019-03-03;3;15347,488;8372,025;-396,013;0,000;7630,450;219,938;-476,988
2019-03-03;4;15063,013;8429,775;-422,513;0,000;7640,850;14,763;-598,225
2019-03-03;5;15071,563;8400,388;-421,250;0,000;7736,113;-51,238;-587,375
2019-03-03;6;15200,913;8592,650;-413,825;0,000;7863,425;-77,325;-760,463
2019-03-03;7;15023,250;7960,263;-351,513;0,000;8102,613;-91,700;-591,638
2019-03-03;8;15704,338;8114,925;-153,650;0,000;8188,163;169,513;-604,663
2019-03-03;9;16613,963;8423,925;9,325;0,000;8292,600;310,775;-394,275
2019-03-03;10;17365,188;8482,575;27,338;0,000;8439,863;307,375;159,613
2019-03-03;11;17804,313;8694,625;28,750;0,000;8530,325;216,888;378,350
2019-03-03;12;17933,988;8721,075;29,050;0,000;8819,788;50,725;358,913
2019-03-03;13;18074,863;8737,213;177,838;0,000;8981,975;114,600;256,125
2019-03-03;14;18144,975;8795,700;170,675;0,000;9040,200;88,538;239,213
2019-03-03;15;17744,863;8698,775;54,513;0,000;9081,175;-52,275;35,225
2019-03-03;16;17412,550;8203,050;-11,275;0,000;9149,700;39,388;32,600
2019-03-03;17;17384,275;8050,850;146,938;0,000;9198,250;135,938;8,575
2019-03-03;18;18215,400;8443,363;392,800;0,000;9239,488;250,850;285,613
2019-03-03;19;19149,638;8894,838;653,563;0,000;9004,113;361,050;895,463
2019-03-03;20;19371,350;8920,225;739,950;0,000;8952,650;473,413;1044,688
2019-03-03;21;18957,388;8796,263;663,800;0,000;8853,700;408,850;912,025
2019-03-03;22;18107,900;8868,750;206,325;0,000;8577,638;464,475;211,713
2019-03-03;23;17248,788;8661,413;-8,200;0,000;8400,425;208,413;-1,538
2019-03-03;24;16371,650;8122,613;-8,688;0,000;8232,213;150,500;-122,775
