Data;Godzina;Krajowe zapotrzebowanie na moc;Sumaryczna generacja JWCD;Generacja PI;Generacja IRZ;Sumaryczna generacja nJWCD;Krajowe saldo wymiany miêdzysystemowej równoleg³ej;Krajowe saldo wymiany miêdzysystemowej nierównoleg³ej
2019-07-30;1;16626,500;12303,100;-6,388;0,000;3242,838;406,288;688,075
2019-07-30;2;16043,825;12252,875;-7,913;0,000;3231,025;194,525;378,150
2019-07-30;3;15724,113;12314,000;-6,613;0,000;3231,338;-8,813;198,750
2019-07-30;4;15638,450;12332,100;-58,563;0,000;3190,013;-7,838;190,363
2019-07-30;5;15690,663;12532,513;-301,663;0,000;3183,500;79,813;203,163
2019-07-30;6;15833,325;12206,300;-324,263;0,000;3206,200;277,400;476,350
2019-07-30;7;18038,763;13608,475;-89,738;0,000;3152,800;608,038;768,963
2019-07-30;8;20027,050;14813,350;-5,538;0,000;3079,275;967,638;1168,800
2019-07-30;9;21358,175;15980,163;-7,075;0,000;3083,875;1033,888;1263,275
2019-07-30;10;21933,525;16492,038;-7,363;0,000;3153,400;1033,213;1272,438
2019-07-30;11;21885,675;16295,925;-7,213;0,000;3366,475;965,525;1271,088
2019-07-30;12;22305,063;16373,938;85,000;0,000;3601,613;1068,163;1270,100
2019-07-30;13;22465,463;16482,900;509,925;0,000;3743,213;983,375;1272,888
2019-07-30;14;22438,200;16159,750;215,025;0,000;4030,863;989,425;1270,225
2019-07-30;15;21892,763;15332,100;-2,813;0,000;4416,325;898,488;1265,475
2019-07-30;16;21614,513;15012,888;-6,375;0,000;4520,900;923,738;1164,438
2019-07-30;17;21148,638;14315,638;-6,488;0,000;4771,100;817,925;1256,688
2019-07-30;18;20830,088;13454,950;53,438;0,000;5091,038;1033,438;1264,475
2019-07-30;19;20545,488;13248,425;486,938;0,000;5052,750;1030,625;1214,550
2019-07-30;20;20535,725;13712,988;690,113;0,000;4556,913;1003,575;1265,875
2019-07-30;21;20677,013;14071,288;565,600;0,000;4347,675;995,013;1271,100
2019-07-30;22;20466,500;13984,163;251,950;0,000;4240,875;985,663;1269,513
2019-07-30;23;19031,588;12735,313;-2,650;0,000;4081,375;956,425;1272,600
2019-07-30;24;17530,175;11702,013;18,050;0,000;3965,925;651,975;1228,950
