Data;Godzina;Krajowe zapotrzebowanie na moc;Sumaryczna generacja JWCD;Generacja PI;Generacja IRZ;Sumaryczna generacja nJWCD;Krajowe saldo wymiany miêdzysystemowej równoleg³ej;Krajowe saldo wymiany miêdzysystemowej nierównoleg³ej
2019-12-01;1;16127,888;8648,200;-210,175;0,000;6707,238;442,450;544,238
2019-12-01;2;15554,288;8853,625;-282,150;0,000;6592,750;48,263;347,450
2019-12-01;3;15171,138;8781,900;-349,575;0,000;6517,100;-46,075;272,650
2019-12-01;4;14990,188;8797,525;-348,600;0,000;6357,925;-74,488;263,050
2019-12-01;5;15013,163;8798,875;-348,163;0,000;6302,038;1,338;262,613
2019-12-01;6;15127,363;8836,875;-331,125;0,000;6335,725;17,638;276,713
2019-12-01;7;15592,150;8823,713;-215,050;0,000;6355,650;180,188;454,675
2019-12-01;8;15698,563;8529,213;-213,375;0,000;6316,988;431,375;642,713
2019-12-01;9;16362,200;8466,425;-86,425;0,000;6312,163;667,663;1001,475
2019-12-01;10;17250,713;8903,375;8,725;0,000;6262,750;813,600;1280,050
2019-12-01;11;17845,775;9181,975;10,575;0,000;6278,325;1040,738;1359,200
2019-12-01;12;18054,575;9576,575;-6,825;0,000;6247,163;880,400;1360,850
2019-12-01;13;18315,338;9947,100;-9,288;0,000;6203,063;817,600;1356,200
2019-12-01;14;18522,625;9824,913;-10,425;0,000;6193,463;1162,875;1358,900
2019-12-01;15;18237,250;9519,700;-8,600;0,000;6208,538;1156,725;1360,463
2019-12-01;16;18362,425;9687,775;-7,538;0,000;6336,400;984,700;1359,925
2019-12-01;17;19339,800;10748,638;10,575;0,000;6632,925;606,025;1359,900
2019-12-01;18;19547,200;10983,825;48,550;0,000;6753,938;457,613;1358,613
2019-12-01;19;19581,375;11225,588;0,038;0,000;6782,588;228,375;1357,925
2019-12-01;20;19550,625;10886,675;-7,650;0,000;6847,913;466,225;1358,838
2019-12-01;21;19162,625;10138,613;-7,388;0,000;6894,488;797,013;1345,625
2019-12-01;22;18328,913;9339,488;-7,600;0,000;6955,613;889,325;1156,875
2019-12-01;23;17652,350;8928,775;-7,813;0,000;6973,513;804,475;957,413
2019-12-01;24;16723,813;8520,425;-8,025;0,000;6903,625;576,750;733,750
