Data;Godzina;Krajowe zapotrzebowanie na moc;Sumaryczna generacja JWCD;Generacja PI;Generacja IRZ;Sumaryczna generacja nJWCD;Krajowe saldo wymiany miêdzysystemowej równoleg³ej;Krajowe saldo wymiany miêdzysystemowej nierównoleg³ej
2019-06-12;1;17750,488;12211,025;-18,738;76,625;5190,113;90,363;270,488
2019-06-12;2;17025,700;11812,713;-48,138;78,000;5132,763;-56,888;182,213
2019-06-12;3;16579,650;11718,950;-343,375;78,138;4988,613;37,425;179,100
2019-06-12;4;16505,038;11979,888;-360,025;80,275;4736,225;-30,675;183,800
2019-06-12;5;16152,900;11686,288;-359,275;77,550;4682,563;-50,963;197,863
2019-06-12;6;16604,800;11958,263;-283,263;79,238;4599,700;7,888;333,050
2019-06-12;7;19396,375;14063,650;-9,250;79,350;4185,913;477,000;674,650
2019-06-12;8;21720,413;16083,538;-6,988;78,250;3787,825;857,850;993,150
2019-06-12;9;22908,613;17172,350;46,700;79,838;3697,888;927,738;1113,950
2019-06-12;10;23330,263;17435,850;71,750;79,325;3853,188;859,950;1180,325
2019-06-12;11;23397,113;17260,625;206,813;78,388;4094,813;797,975;1232,950
2019-06-12;12;23684,900;17216,050;364,913;79,538;4366,788;807,188;1282,725
2019-06-12;13;23740,400;17187,113;368,875;75,775;4609,363;724,175;1257,575
2019-06-12;14;23717,538;16929,038;289,863;76,888;4887,850;771,325;1147,138
2019-06-12;15;23307,300;16645,613;152,138;76,838;4922,800;680,213;1066,163
2019-06-12;16;23169,538;16581,075;208,400;76,775;4839,325;617,313;1139,625
2019-06-12;17;22772,763;16683,563;202,763;77,213;4686,250;207,563;1208,813
2019-06-12;18;22508,788;16268,813;345,688;77,388;4568,688;386,963;1298,513
2019-06-12;19;22178,425;15609,063;432,538;76,575;4330,775;917,075;1328,213
2019-06-12;20;22135,125;15487,813;390,863;76,050;4476,013;857,825;1328,038
2019-06-12;21;21994,800;15000,850;385,025;74,875;4861,813;807,913;1327,413
2019-06-12;22;21722,788;14451,550;283,025;75,250;5260,588;699,525;1327,138
2019-06-12;23;20673,088;13221,188;2,788;76,888;5219,213;916,775;1326,675
2019-06-12;24;19024,113;12387,050;23,850;76,838;4859,888;508,813;1307,188
