Data;Godzina;Krajowe zapotrzebowanie na moc;Sumaryczna generacja JWCD;Generacja PI;Generacja IRZ;Sumaryczna generacja nJWCD;Krajowe saldo wymiany miêdzysystemowej równoleg³ej;Krajowe saldo wymiany miêdzysystemowej nierównoleg³ej
2019-10-09;1;17674,388;10494,450;-119,688;0,000;7062,950;-5,675;251,675
2019-10-09;2;17065,838;10404,050;-454,813;0,000;6834,363;37,438;252,538
2019-10-09;3;16658,413;10216,375;-570,988;0,000;6793,550;-24,988;250,625
2019-10-09;4;16737,063;10384,338;-674,463;0,000;6747,250;34,213;251,313
2019-10-09;5;16981,075;10755,588;-671,488;0,000;6698,213;-56,313;256,500
2019-10-09;6;17789,038;10854,113;-411,363;0,000;6745,888;189,450;416,413
2019-10-09;7;20483,663;13012,163;-31,338;0,000;6746,400;299,988;455,425
2019-10-09;8;22232,650;15464,388;55,938;0,000;6807,338;-29,425;-0,150
2019-10-09;9;23220,213;16524,975;-7,238;0,000;6691,638;41,113;-28,013
2019-10-09;10;23340,013;16617,388;216,738;0,000;6571,338;46,613;112,525
2019-10-09;11;22968,325;16316,625;34,663;0,000;6520,538;-87,700;231,588
2019-10-09;12;23140,038;16208,088;-7,600;0,000;6565,325;-47,875;426,350
2019-10-09;13;22974,588;15867,250;-8,013;0,000;6464,513;62,475;606,525
2019-10-09;14;22749,225;15788,400;-7,913;0,000;6157,375;-5,275;825,225
2019-10-09;15;22436,375;15686,938;-7,763;0,000;5792,775;43,238;922,063
2019-10-09;16;22320,950;15718,750;28,175;0,000;5455,638;57,450;1098,500
2019-10-09;17;22126,463;15449,425;28,163;0,000;5211,038;391,550;1084,663
2019-10-09;18;22310,338;15899,138;90,000;0,000;5255,863;367,188;803,575
2019-10-09;19;23384,825;16896,438;139,413;0,000;5640,038;209,900;645,750
2019-10-09;20;23956,113;16516,963;273,313;0,000;5911,938;904,413;638,625
2019-10-09;21;23109,125;14777,563;265,238;0,000;6104,013;986,525;1249,363
2019-10-09;22;21413,388;12895,188;130,713;0,000;6161,075;1021,838;1343,225
2019-10-09;23;19788,538;11132,788;62,900;0,000;6267,338;1070,050;1330,913
2019-10-09;24;18497,563;10663,163;-4,400;0,000;6126,500;828,513;885,738
