Data;Godzina;Krajowe zapotrzebowanie na moc;Sumaryczna generacja JWCD;Generacja PI;Generacja IRZ;Sumaryczna generacja nJWCD;Krajowe saldo wymiany miêdzysystemowej równoleg³ej;Krajowe saldo wymiany miêdzysystemowej nierównoleg³ej
2019-03-01;1;17834,413;9622,938;-8,238;69,700;7468,438;418,250;345,513
2019-03-01;2;17408,938;9686,263;-8,763;69,650;7205,213;460,900;77,388
2019-03-01;3;17195,600;9726,050;-7,463;69,813;7085,700;454,450;-52,988
2019-03-01;4;17304,163;10138,188;-206,550;69,600;6808,613;525,438;52,038
2019-03-01;5;17533,250;10455,950;-320,650;69,825;6624,150;476,600;303,813
2019-03-01;6;18339,913;11168,775;-320,275;69,613;6444,100;466,125;586,000
2019-03-01;7;20546,588;12553,763;-89,975;69,825;6344,025;630,488;1113,100
2019-03-01;8;22414,338;14244,175;-4,725;72,613;6299,638;593,025;1290,250
2019-03-01;9;23326,375;15090,000;12,350;97,125;6213,700;804,325;1228,913
2019-03-01;10;23655,388;15518,475;94,800;94,150;6136,575;684,675;1321,288
2019-03-01;11;23425,400;15324,263;194,850;99,613;6091,938;704,363;1312,138
2019-03-01;12;23615,763;15466,413;193,675;99,513;6138,163;709,338;1314,788
2019-03-01;13;23676,725;15618,613;287,638;99,525;6279,325;473,450;1326,013
2019-03-01;14;23782,588;15548,788;250,325;99,588;6443,788;475,375;1324,075
2019-03-01;15;23356,750;15095,175;-0,313;99,625;6536,650;415,800;1312,975
2019-03-01;16;23188,588;14556,775;-6,188;99,475;6813,113;510,238;1316,813
2019-03-01;17;22952,563;14271,700;-6,188;99,550;6844,925;527,038;1319,663
2019-03-01;18;23508,513;14742,350;11,825;99,600;6927,088;534,800;1321,275
2019-03-01;19;24220,563;15277,575;34,038;99,500;7119,750;496,550;1325,538
2019-03-01;20;24006,650;15139,050;134,850;99,488;7089,988;465,125;1327,375
2019-03-01;21;23268,288;14499,500;147,400;98,288;6948,550;519,925;1325,450
2019-03-01;22;21783,888;13217,575;46,375;64,650;6732,288;529,750;1321,788
2019-03-01;23;20248,638;11828,138;-5,275;0,000;6552,875;554,038;1329,775
2019-03-01;24;19126,388;10841,288;-11,675;0,000;6412,500;558,500;1330,863
