Data;Godzina;Krajowe zapotrzebowanie na moc;Sumaryczna generacja JWCD;Generacja PI;Generacja IRZ;Sumaryczna generacja nJWCD;Krajowe saldo wymiany miêdzysystemowej równoleg³ej;Krajowe saldo wymiany miêdzysystemowej nierównoleg³ej
2019-11-25;1;15838,888;9096,413;51,675;0,000;6240,163;392,550;129,250
2019-11-25;2;15464,913;9329,900;-148,425;0,000;6112,113;138,938;37,013
2019-11-25;3;15257,375;9359,363;-297,363;0,000;5946,450;236,725;10,713
2019-11-25;4;15306,688;9722,550;-542,838;0,000;5898,750;364,413;-135,738
2019-11-25;5;15759,275;10427,600;-658,875;0,000;5835,838;92,825;68,450
2019-11-25;6;16962,525;11139,525;-542,625;0,000;5793,900;268,525;308,888
2019-11-25;7;20391,488;13338,513;-124,563;0,000;5780,238;900,125;495,700
2019-11-25;8;22525,800;15693,413;189,800;0,000;5885,238;286,863;664,138
2019-11-25;9;23717,088;16450,213;34,838;0,000;5877,325;414,200;980,463
2019-11-25;10;24117,363;16228,338;11,250;0,000;5792,563;904,100;1210,888
2019-11-25;11;23990,188;15811,538;12,263;0,000;5801,638;1146,425;1241,400
2019-11-25;12;24228,263;15802,838;39,938;0,000;5733,613;1461,688;1242,175
2019-11-25;13;24417,750;15966,088;26,050;0,000;5743,838;1482,238;1242,288
2019-11-25;14;24490,250;15921,488;82,463;0,000;5717,000;1622,150;1243,713
2019-11-25;15;24212,575;15809,400;164,925;0,000;5700,788;1482,600;1222,538
2019-11-25;16;24308,850;16232,513;292,338;0,000;5794,238;1330,788;943,050
2019-11-25;17;25181,825;17302,738;372,813;0,000;5996,850;688,400;1193,400
2019-11-25;18;24993,950;17179,563;479,850;0,000;6106,250;532,838;1176,650
2019-11-25;19;24481,900;16877,838;516,413;0,000;6029,463;437,750;1149,550
2019-11-25;20;24233,525;16183,863;664,900;0,000;5934,700;901,025;1230,950
2019-11-25;21;23479,750;14880,975;408,563;0,000;5872,375;1497,325;1239,663
2019-11-25;22;21916,588;13293,850;263,563;0,000;5874,325;1533,838;1233,688
2019-11-25;23;20212,675;11561,500;2,388;0,000;5842,213;1597,913;1225,900
2019-11-25;24;18879,725;10323,100;-30,638;0,000;5827,663;1543,163;1231,288
