Data;Godzina;Krajowe zapotrzebowanie na moc;Sumaryczna generacja JWCD;Generacja PI;Generacja IRZ;Sumaryczna generacja nJWCD;Krajowe saldo wymiany miêdzysystemowej równoleg³ej;Krajowe saldo wymiany miêdzysystemowej nierównoleg³ej
2019-05-11;1;16860,313;10692,988;-7,825;77,488;4300,063;592,225;1290,200
2019-05-11;2;16213,875;10733,700;-10,863;78,550;4363,888;333,125;798,788
2019-05-11;3;15865,088;10525,975;-11,800;79,163;4550,463;296,425;511,638
2019-05-11;4;15682,563;10443,500;-11,125;78,863;4563,838;235,600;451,813
2019-05-11;5;15540,438;10800,575;-10,838;78,838;4447,250;53,300;257,050
2019-05-11;6;15208,225;10354,313;-11,913;79,738;4363,400;169,875;340,500
2019-05-11;7;16280,775;11017,875;-10,313;79,963;4254,813;365,613;655,475
2019-05-11;8;17736,888;12363,963;65,475;79,025;4046,750;514,163;821,550
2019-05-11;9;19007,575;13381,650;83,038;77,263;4087,063;725,400;823,688
2019-05-11;10;19660,888;14015,888;76,713;78,863;4100,150;726,213;828,475
2019-05-11;11;19743,538;13923,275;253,263;102,500;4202,238;801,325;828,200
2019-05-11;12;19763,213;13833,188;72,800;106,325;4343,188;774,638;823,088
2019-05-11;13;19498,500;13534,450;22,413;81,263;4370,250;779,900;825,963
2019-05-11;14;19132,325;13208,050;65,763;80,738;4335,713;774,050;826,800
2019-05-11;15;18482,038;12729,050;-3,738;78,688;4249,975;692,525;821,025
2019-05-11;16;18168,338;12470,825;30,625;79,350;4237,975;646,438;826,188
2019-05-11;17;18017,338;12264,313;88,700;79,250;4251,463;687,213;821,138
2019-05-11;18;17765,213;12072,138;-3,738;78,813;4272,813;602,075;824,200
2019-05-11;19;17763,725;12011,400;65,175;77,363;4373,513;562,488;822,300
2019-05-11;20;17926,363;12094,025;344,125;78,575;4381,100;625,888;831,475
2019-05-11;21;18454,438;12450,288;429,850;80,725;4502,738;691,250;821,163
2019-05-11;22;18411,238;12231,438;381,563;78,700;4641,988;740,288;818,800
2019-05-11;23;17100,900;10961,900;38,638;78,188;4628,588;718,875;815,763
2019-05-11;24;15935,488;9959,100;-7,538;78,063;4736,900;426,888;826,313
