Data;Godzina;Krajowe zapotrzebowanie na moc;Sumaryczna generacja JWCD;Generacja PI;Generacja IRZ;Sumaryczna generacja nJWCD;Krajowe saldo wymiany miêdzysystemowej równoleg³ej;Krajowe saldo wymiany miêdzysystemowej nierównoleg³ej
2019-01-27;1;17353,838;10720,413;-13,288;0,000;6776,400;521,225;-649,900
2019-01-27;2;16717,075;9978,725;-11,913;0,000;6926,238;482,588;-654,588
2019-01-27;3;16335,950;9616,838;-12,375;0,000;7123,200;251,438;-644,788
2019-01-27;4;16087,488;9273,625;-12,888;0,000;7324,525;155,475;-650,850
2019-01-27;5;16055,425;9088,450;-12,950;0,000;7532,400;93,588;-641,163
2019-01-27;6;16111,675;8943,775;-13,488;0,000;7711,050;84,200;-605,725
2019-01-27;7;16623,225;8874,363;-173,100;0,000;7966,175;143,300;-179,913
2019-01-27;8;16880,338;8833,188;-193,588;0,000;8177,800;184,963;-119,813
2019-01-27;9;17683,725;9138,588;-77,250;0,000;8323,838;433,300;-135,113
2019-01-27;10;18885,038;10988,700;62,800;0,000;8396,338;96,188;-587,550
2019-01-27;11;19443,075;11676,975;71,288;0,000;8374,850;24,750;-630,125
2019-01-27;12;19817,450;12036,050;31,225;0,000;8342,950;78,338;-622,513
2019-01-27;13;19873,350;11848,475;-2,888;0,000;8335,700;216,300;-520,550
2019-01-27;14;19981,175;11806,150;-7,850;0,000;8360,188;361,913;-530,575
2019-01-27;15;19556,900;11433,513;-8,088;0,000;8461,013;297,775;-622,875
2019-01-27;16;19273,050;11395,463;-8,350;0,000;8467,788;240,888;-826,375
2019-01-27;17;19848,938;11827,900;-8,938;0,000;8594,475;90,550;-665,175
2019-01-27;18;20816,375;12178,513;52,150;0,000;8909,613;-41,813;-234,938
2019-01-27;19;20877,400;12283,650;87,450;0,000;9025,488;-200,950;-222,263
2019-01-27;20;20968,538;12261,688;16,875;0,000;9051,663;-157,638;-175,775
2019-01-27;21;20416,950;11779,513;7,325;0,000;9090,800;-195,375;-241,450
2019-01-27;22;19534,675;11477,250;-6,300;0,000;8968,263;-164,938;-728,188
2019-01-27;23;18753,575;11219,275;-7,325;0,000;8936,750;-678,888;-709,163
2019-01-27;24;17752,088;10180,813;-78,525;0,000;8782,675;-397,500;-721,263
