Data;Godzina;Krajowe zapotrzebowanie na moc;Sumaryczna generacja JWCD;Generacja PI;Generacja IRZ;Sumaryczna generacja nJWCD;Krajowe saldo wymiany miêdzysystemowej równoleg³ej;Krajowe saldo wymiany miêdzysystemowej nierównoleg³ej
2019-12-07;1;18388,513;8600,588;-33,938;0,000;9283,475;150,275;397,125
2019-12-07;2;17527,600;8420,913;-318,013;0,000;9249,275;-13,350;202,475
2019-12-07;3;17263,838;8519,638;-644,738;0,000;9191,575;-58,075;264,500
2019-12-07;4;17050,550;8747,438;-824,488;0,000;9086,975;-200,363;255,188
2019-12-07;5;17211,425;8910,400;-821,913;0,000;9119,150;-125,263;140,950
2019-12-07;6;17419,838;9025,700;-819,813;0,000;9204,238;-86,163;107,513
2019-12-07;7;18541,413;9549,950;-593,250;0,000;9301,825;0,825;292,375
2019-12-07;8;19615,375;9495,513;-33,250;0,000;9469,750;28,850;663,525
2019-12-07;9;20695,313;10087,338;-7,625;0,000;9559,375;14,013;1050,900
2019-12-07;10;21528,800;10767,900;-7,513;0,000;9705,425;-254,475;1336,600
2019-12-07;11;21922,700;11070,575;63,613;0,000;9795,038;-265,963;1343,913
2019-12-07;12;22070,913;11042,150;73,775;0,000;9932,438;-227,350;1345,525
2019-12-07;13;21937,363;10506,638;180,550;0,000;10011,563;91,275;1344,725
2019-12-07;14;21760,988;10160,650;148,738;0,000;10071,550;188,325;1345,588
2019-12-07;15;21003,600;9411,938;240,050;0,000;10067,050;189,888;1345,138
2019-12-07;16;21213,213;9716,438;304,550;0,000;9970,363;191,038;1346,125
2019-12-07;17;21850,313;10427,425;427,400;0,000;9902,250;179,675;1345,150
2019-12-07;18;21639,575;10297,613;466,613;0,000;9896,088;154,800;1301,625
2019-12-07;19;21183,950;9716,113;416,563;0,000;9851,538;277,500;1346,563
2019-12-07;20;20830,625;9100,950;405,813;0,000;9904,638;523,263;1321,350
2019-12-07;21;20287,250;9109,763;237,325;0,000;9825,888;335,488;1036,250
2019-12-07;22;19207,300;8611,138;-7,125;0,000;9689,200;200,363;731,188
2019-12-07;23;18306,500;8400,613;-7,788;0,000;9326,525;195,963;414,300
2019-12-07;24;17130,563;7975,575;-8,263;0,000;9086,325;38,725;57,475
