Data;Godzina;Krajowe zapotrzebowanie na moc;Sumaryczna generacja JWCD;Generacja PI;Generacja IRZ;Sumaryczna generacja nJWCD;Krajowe saldo wymiany miêdzysystemowej równoleg³ej;Krajowe saldo wymiany miêdzysystemowej nierównoleg³ej
2019-10-03;1;17065,700;10168,000;-325,463;0,000;5612,050;817,738;801,413
2019-10-03;2;16492,688;10293,600;-379,263;0,000;5622,250;416,450;545,163
2019-10-03;3;16215,388;10398,475;-566,838;0,000;5639,513;318,100;433,325
2019-10-03;4;16188,738;9948,650;-349,175;0,000;5602,863;458,775;536,113
2019-10-03;5;16289,875;9724,550;-349,088;0,000;5515,838;657,150;746,575
2019-10-03;6;17071,800;9705,288;-396,713;0,000;5455,363;1284,000;1037,288
2019-10-03;7;19671,488;12468,100;54,313;0,000;5262,850;1202,888;777,575
2019-10-03;8;21444,150;14071,713;-7,425;0,000;5152,588;1259,600;975,088
2019-10-03;9;22494,875;15026,938;-3,775;0,000;4966,788;1528,063;980,625
2019-10-03;10;22646,413;15241,450;-3,563;0,000;4958,575;1414,025;1041,825
2019-10-03;11;22367,763;15065,313;9,700;0,000;4900,638;1328,200;1083,013
2019-10-03;12;22524,625;14989,363;11,450;0,000;5018,838;1289,838;1237,375
2019-10-03;13;22506,088;14983,575;-1,725;0,000;5095,375;1149,000;1292,063
2019-10-03;14;22412,638;14888,963;-3,725;0,000;5138,125;1093,625;1303,225
2019-10-03;15;22121,925;14383,863;-3,600;0,000;5054,213;1386,025;1303,450
2019-10-03;16;21906,663;14067,313;-3,563;0,000;5109,450;1425,850;1307,088
2019-10-03;17;21570,200;13588,950;-3,900;0,000;5171,625;1521,538;1298,225
2019-10-03;18;21581,263;13546,363;15,425;0,000;5090,213;1722,575;1226,475
2019-10-03;19;22567,725;14763,175;589,563;0,000;5165,150;1593,563;1047,963
2019-10-03;20;23563,650;15432,613;916,863;0,000;5315,350;1655,513;1161,938
2019-10-03;21;22924,850;14525,650;785,638;0,000;5380,850;1723,650;1301,850
2019-10-03;22;21291,325;12812,225;674,750;0,000;5388,025;1802,338;1302,288
2019-10-03;23;19479,738;11132,088;621,213;0,000;5318,463;1737,113;1304,900
2019-10-03;24;18172,163;10277,300;-72,313;0,000;5210,263;1547,663;1304,838
