Data;Godzina;Krajowe zapotrzebowanie na moc;Sumaryczna generacja JWCD;Generacja PI;Generacja IRZ;Sumaryczna generacja nJWCD;Krajowe saldo wymiany miêdzysystemowej równoleg³ej;Krajowe saldo wymiany miêdzysystemowej nierównoleg³ej
2019-10-12;1;17251,138;8825,988;-96,063;0,000;8342,538;-58,400;248,588
2019-10-12;2;16618,825;8708,875;-552,900;0,000;8277,963;-31,600;220,588
2019-10-12;3;16170,525;8862,550;-678,350;0,000;8229,888;-97,188;-149,650
2019-10-12;4;16010,688;8818,413;-679,488;0,000;8226,638;-31,688;-316,725
2019-10-12;5;16062,800;8758,375;-676,250;0,000;8246,988;-38,613;-223,088
2019-10-12;6;16216,950;8665,188;-673,725;0,000;8281,300;-36,188;-9,888
2019-10-12;7;17039,975;8840,300;-364,738;0,000;8345,675;-23,838;243,963
2019-10-12;8;17906,388;9225,275;-80,988;0,000;8340,100;84,113;340,625
2019-10-12;9;18967,863;9921,175;-3,688;0,000;8181,300;325,963;547,088
2019-10-12;10;19686,063;10541,913;-4,188;0,000;7792,813;569,063;793,163
2019-10-12;11;19625,700;10018,050;15,150;0,000;7546,738;943,825;1117,175
2019-10-12;12;19419,988;10052,700;17,850;0,000;7327,713;916,188;1128,350
2019-10-12;13;19178,375;9909,463;-1,650;0,000;7040,938;1099,875;1128,700
2019-10-12;14;18909,775;9486,313;11,038;0,000;6960,363;1336,388;1131,675
2019-10-12;15;18398,575;9167,563;65,063;0,000;6886,463;1198,413;1150,050
2019-10-12;16;18194,588;9170,975;-7,588;0,000;6550,963;1298,475;1182,650
2019-10-12;17;18229,738;9342,488;32,150;0,000;6218,075;1418,500;1251,975
2019-10-12;18;18388,313;9731,675;203,488;0,000;6083,788;1377,000;1201,500
2019-10-12;19;19793,675;11102,425;200,275;0,000;6289,888;1340,888;1065,838
2019-10-12;20;20158,588;11432,300;75,563;0,000;6567,813;987,788;1173,100
2019-10-12;21;19475,388;10323,275;29,100;0,000;6456,550;1385,088;1320,125
2019-10-12;22;18368,388;9434,938;-3,550;0,000;6337,938;1474,800;1140,363
2019-10-12;23;17204,225;9438,450;46,413;0,000;6219,688;769,013;790,363
2019-10-12;24;16109,850;8958,063;-8,438;0,000;6162,138;446,425;556,913
