Data;Godzina;Krajowe zapotrzebowanie na moc;Sumaryczna generacja JWCD;Generacja PI;Generacja IRZ;Sumaryczna generacja nJWCD;Krajowe saldo wymiany miêdzysystemowej równoleg³ej;Krajowe saldo wymiany miêdzysystemowej nierównoleg³ej
2019-07-20;1;16449,150;11256,375;-6,088;0,000;3478,575;660,338;1055,438
2019-07-20;2;15853,175;11413,288;-6,400;0,000;3415,650;338,363;695,963
2019-07-20;3;15464,813;11528,738;-126,100;0,000;3317,538;253,425;497,288
2019-07-20;4;15168,713;11379,563;-142,463;0,000;3233,350;180,863;519,550
2019-07-20;5;14692,888;11279,013;-142,288;0,000;3234,425;18,200;307,750
2019-07-20;6;14456,375;11091,125;-142,725;0,000;3212,413;40,338;264,713
2019-07-20;7;15350,063;11568,975;-91,750;0,000;3186,925;184,063;503,650
2019-07-20;8;16911,263;12627,425;-7,938;0,000;3062,675;466,100;766,675
2019-07-20;9;18126,750;12939,513;-6,525;0,000;3053,775;917,350;1228,050
2019-07-20;10;18958,988;13823,288;20,000;0,000;3051,825;824,750;1266,313
2019-07-20;11;19376,788;14098,475;24,875;0,000;3154,188;864,950;1268,975
2019-07-20;12;19589,075;14252,025;62,338;0,000;3165,150;918,588;1269,200
2019-07-20;13;19435,850;14074,513;43,813;0,000;3165,150;941,888;1269,175
2019-07-20;14;18986,313;13752,263;44,163;0,000;3144,938;832,563;1271,000
2019-07-20;15;18340,500;13069,225;-0,025;0,000;3140,350;873,700;1267,600
2019-07-20;16;18168,950;12868,800;-6,425;0,000;3160,038;907,963;1242,188
2019-07-20;17;17967,550;12809,113;161,463;0,000;3231,038;730,000;1206,050
2019-07-20;18;17812,288;12617,375;451,425;0,000;3259,875;766,338;1178,813
2019-07-20;19;17736,663;12467,438;674,600;0,000;3241,713;769,125;1261,200
2019-07-20;20;17788,338;12597,163;558,350;0,000;3242,713;770,488;1181,200
2019-07-20;21;17629,488;12246,475;435,388;0,000;3352,125;768,388;1268,600
2019-07-20;22;17913,163;12342,988;33,413;0,000;3563,950;740,938;1271,463
2019-07-20;23;17087,000;11127,525;-6,288;0,000;3849,213;874,888;1252,725
2019-07-20;24;15912,563;10297,313;-6,300;0,000;4276,838;578,738;774,125
