Data;Godzina;Krajowe zapotrzebowanie na moc;Sumaryczna generacja JWCD;Generacja PI;Generacja IRZ;Sumaryczna generacja nJWCD;Krajowe saldo wymiany miêdzysystemowej równoleg³ej;Krajowe saldo wymiany miêdzysystemowej nierównoleg³ej
2019-05-25;1;16437,738;10533,550;-5,838;0,000;4016,900;595,888;1301,775
2019-05-25;2;15741,700;10117,900;-6,838;0,000;4041,763;539,575;1050,800
2019-05-25;3;15381,913;10021,838;-6,538;0,000;4216,113;389,475;760,350
2019-05-25;4;15255,275;10415,700;-9,238;0,000;4307,400;-125,663;664,050
2019-05-25;5;14826,950;10209,875;-10,150;0,000;4248,688;98,875;282,900
2019-05-25;6;14650,588;10045,775;-9,975;0,000;4263,663;104,913;255,388
2019-05-25;7;15799,338;10758,150;-10,663;0,000;4174,638;313,250;564,288
2019-05-25;8;17168,150;11826,025;513,663;0,000;3939,238;436,100;967,925
2019-05-25;9;18312,200;12504,963;372,500;0,000;3949,988;553,513;1307,175
2019-05-25;10;18946,638;12899,363;187,688;0,000;4177,638;544,763;1328,325
2019-05-25;11;19174,050;12845,250;133,125;0,000;4403,988;607,400;1323,288
2019-05-25;12;19337,438;12859,150;128,000;0,000;4553,175;620,825;1305,838
2019-05-25;13;19111,600;12350,813;100,450;0,000;4771,750;683,300;1305,900
2019-05-25;14;18699,175;11726,913;34,750;0,000;4949,513;703,463;1332,825
2019-05-25;15;17972,250;11003,313;0,888;0,000;5094,775;541,475;1327,388
2019-05-25;16;17679,988;10708,413;-2,875;0,000;5112,000;523,350;1332,938
2019-05-25;17;17443,025;10446,613;94,013;0,000;4981,188;690,950;1323,638
2019-05-25;18;17257,200;10322,725;337,113;0,000;4937,825;667,063;1330,338
2019-05-25;19;17175,875;10321,950;551,538;0,000;4819,163;700,075;1328,625
2019-05-25;20;17268,888;10661,063;661,675;0,000;4549,200;715,688;1340,713
2019-05-25;21;17535,375;11079,288;695,700;0,000;4359,938;762,738;1327,625
2019-05-25;22;17826,163;11326,413;776,938;0,000;4332,238;840,075;1336,113
2019-05-25;23;16967,988;10594,925;502,838;0,000;4319,550;732,500;1329,538
2019-05-25;24;15712,425;9586,388;121,550;0,000;4314,738;527,963;1300,738
