Data;Godzina;Krajowe zapotrzebowanie na moc;Sumaryczna generacja JWCD;Generacja PI;Generacja IRZ;Sumaryczna generacja nJWCD;Krajowe saldo wymiany miêdzysystemowej równoleg³ej;Krajowe saldo wymiany miêdzysystemowej nierównoleg³ej
2019-04-29;1;14796,950;9131,850;-35,763;0,000;5274,825;149,613;279,813
2019-04-29;2;14429,288;9458,800;-280,475;0,000;5072,750;120,950;54,788
2019-04-29;3;14101,225;9630,225;-482,438;0,000;4959,725;-50,775;41,888
2019-04-29;4;14243,963;9834,613;-479,913;0,000;4818,450;29,875;41,750
2019-04-29;5;14513,225;10207,188;-594,375;0,000;4831,788;11,713;53,850
2019-04-29;6;14821,038;10165,825;-728,400;0,000;4871,788;162,175;350,650
2019-04-29;7;17399,150;12127,750;-185,688;0,000;4906,575;367,275;184,213
2019-04-29;8;19641,063;14367,538;-6,313;0,000;4780,238;428,063;78,475
2019-04-29;9;20864,813;15527,975;-6,400;0,000;4727,263;555,625;64,800
2019-04-29;10;21237,750;15833,838;125,150;0,000;4752,550;500,525;162,000
2019-04-29;11;21179,200;15514,800;51,725;0,000;4941,138;494,125;233,975
2019-04-29;12;21412,200;15334,700;51,413;0,000;5296,813;526,750;250,175
2019-04-29;13;21412,813;15117,675;51,388;0,000;5595,763;546,500;157,563
2019-04-29;14;21341,625;14972,813;196,413;0,000;5761,875;470,050;138,450
2019-04-29;15;20909,113;14552,163;6,225;0,000;5788,850;530,288;48,350
2019-04-29;16;20757,625;14388,450;-3,650;0,000;5894,250;455,300;23,925
2019-04-29;17;20434,375;13839,200;-3,038;0,000;5986,475;482,738;131,413
2019-04-29;18;20142,838;13270,738;14,088;0,000;6128,013;572,713;169,775
2019-04-29;19;19986,050;13111,075;167,175;0,000;6146,825;517,850;221,050
2019-04-29;20;20402,700;13815,250;414,463;0,000;5934,688;437,625;221,463
2019-04-29;21;21120,850;14354,188;546,750;0,000;6163,413;506,775;94,288
2019-04-29;22;20421,788;13493,050;647,400;0,000;6057,163;620,188;261,188
2019-04-29;23;18815,888;11814,888;398,613;0,000;5875,375;524,838;619,013
2019-04-29;24;17409,200;10654,975;58,263;0,000;5729,025;443,988;599,600
