Data;Godzina;Krajowe zapotrzebowanie na moc;Sumaryczna generacja JWCD;Generacja PI;Generacja IRZ;Sumaryczna generacja nJWCD;Krajowe saldo wymiany miêdzysystemowej równoleg³ej;Krajowe saldo wymiany miêdzysystemowej nierównoleg³ej
2019-01-23;1;19334,438;11657,638;-11,463;85,800;7719,700;-314,038;292,175
2019-01-23;2;18680,675;11631,013;-95,713;85,800;7593,963;-557,175;112,925
2019-01-23;3;18336,638;11423,688;-323,938;85,925;7614,575;-460,125;88,500
2019-01-23;4;18463,225;11399,313;-323,425;85,988;7675,700;-386,163;97,413
2019-01-23;5;18776,863;11587,600;-250,775;85,988;7771,850;-451,413;123,838
2019-01-23;6;19463,788;11773,475;-6,450;85,800;7840,938;-620,000;480,525
2019-01-23;7;22164,463;13836,450;-4,875;85,800;7851,250;-65,288;557,500
2019-01-23;8;24079,613;15821,588;-4,200;85,800;7911,900;-32,775;379,013
2019-01-23;9;25040,600;16265,888;28,275;85,675;7995,300;15,713;774,375
2019-01-23;10;25546,475;16334,513;50,700;85,800;7965,575;87,588;1166,150
2019-01-23;11;25541,875;16490,113;70,513;86,113;7885,688;-23,900;1197,613
2019-01-23;12;25796,413;16756,913;-0,738;86,363;7803,788;46,425;1192,538
2019-01-23;13;25788,288;16724,613;-6,413;86,488;7666,838;212,125;1199,225
2019-01-23;14;25814,713;16997,550;97,000;86,738;7536,700;84,813;1203,325
2019-01-23;15;25472,200;16693,300;-4,288;86,800;7573,338;67,188;1139,325
2019-01-23;16;25016,800;16611,700;-4,438;86,900;7586,700;-210,050;1032,738
2019-01-23;17;25519,500;16491,875;32,138;86,800;7798,000;60,613;1169,550
2019-01-23;18;25939,500;16606,025;87,575;86,800;8006,838;140,813;1187,250
2019-01-23;19;25525,550;16164,838;43,650;86,800;8250,063;-69,963;1186,800
2019-01-23;20;25352,088;15997,613;17,675;86,800;8264,200;-80,875;1183,825
2019-01-23;21;24705,600;15588,725;11,225;86,800;8220,275;-282,275;1186,500
2019-01-23;22;23101,888;14298,550;11,000;86,800;8029,213;-401,513;1191,450
2019-01-23;23;21727,638;14299,250;183,650;86,800;7848,800;-1591,488;1177,900
2019-01-23;24;20438,950;13194,588;-8,538;86,950;7773,050;-1514,325;989,863
