Data;Godzina;Krajowe zapotrzebowanie na moc;Sumaryczna generacja JWCD;Generacja PI;Generacja IRZ;Sumaryczna generacja nJWCD;Krajowe saldo wymiany miêdzysystemowej równoleg³ej;Krajowe saldo wymiany miêdzysystemowej nierównoleg³ej
2019-05-15;1;17130,738;11058,838;-9,838;0,000;5448,275;369,325;267,313
2019-05-15;2;16504,075;10863,038;-11,013;0,000;5393,613;55,725;205,825
2019-05-15;3;16279,150;10812,275;-125,138;0,000;5342,625;37,538;210,175
2019-05-15;4;16203,475;10936,413;-214,688;0,000;5271,600;-14,838;220,950
2019-05-15;5;16223,825;11130,638;-330,825;0,000;5243,738;-33,900;211,138
2019-05-15;6;16500,938;11151,963;-144,875;0,000;5221,100;36,575;233,350
2019-05-15;7;19208,175;12921,313;-5,538;0,000;5355,650;363,713;572,475
2019-05-15;8;21433,175;15001,613;-3,288;0,000;5516,700;322,763;589,238
2019-05-15;9;22470,725;15846,450;246,075;0,000;5611,713;416,300;593,475
2019-05-15;10;22865,913;15946,788;539,775;0,000;5655,925;631,613;645,550
2019-05-15;11;22802,525;15777,113;248,088;0,000;5754,963;587,475;698,838
2019-05-15;12;23091,000;15857,225;354,025;0,000;5945,463;480,038;805,425
2019-05-15;13;23215,050;15690,838;163,325;4,050;6050,975;669,163;811,513
2019-05-15;14;23160,525;15360,088;144,275;13,763;6356,725;629,988;811,250
2019-05-15;15;22738,775;14848,738;0,675;33,613;6434,200;641,200;811,338
2019-05-15;16;22409,513;14461,225;-1,163;51,500;6536,400;601,388;811,963
2019-05-15;17;22089,213;14066,538;20,950;65,200;6551,650;658,050;810,188
2019-05-15;18;21799,163;13848,200;196,938;70,888;6398,725;755,813;803,288
2019-05-15;19;21499,950;13802,538;451,575;95,750;6200,325;681,738;818,138
2019-05-15;20;21779,713;14191,163;450,563;100,250;6134,975;629,875;831,225
2019-05-15;21;21998,663;14394,938;426,175;100,163;6234,725;543,050;835,500
2019-05-15;22;21277,400;13861,363;228,125;98,963;6262,563;338,838;822,238
2019-05-15;23;19655,300;12864,950;169,688;74,038;6118,550;147,588;543,525
2019-05-15;24;18253,850;12022,488;227,288;70,313;6034,888;-19,775;232,163
