Data;Godzina;Krajowe zapotrzebowanie na moc;Sumaryczna generacja JWCD;Generacja PI;Generacja IRZ;Sumaryczna generacja nJWCD;Krajowe saldo wymiany miêdzysystemowej równoleg³ej;Krajowe saldo wymiany miêdzysystemowej nierównoleg³ej
2019-05-31;1;16628,688;11617,488;-21,863;0,000;4155,950;175,450;705,238
2019-05-31;2;15996,938;11823,275;-285,125;0,000;4231,000;-11,488;244,425
2019-05-31;3;15731,775;11373,625;-325,375;0,000;4521,838;-22,888;188,975
2019-05-31;4;15604,988;11134,425;-324,850;0,000;4622,613;-13,500;186,238
2019-05-31;5;15379,288;10885,588;-400,325;0,000;4685,475;4,863;208,188
2019-05-31;6;15804,588;10806,463;-441,850;0,000;4714,350;170,038;565,700
2019-05-31;7;18155,188;12304,550;-28,663;0,000;4577,475;351,050;955,263
2019-05-31;8;20156,563;13973,900;-2,738;0,000;4209,600;694,313;1284,425
2019-05-31;9;21113,463;14977,275;31,663;0,000;4013,725;829,713;1299,100
2019-05-31;10;21467,988;15333,063;33,250;0,000;4033,500;832,125;1285,513
2019-05-31;11;21272,738;14987,075;33,750;0,000;4251,825;759,175;1284,788
2019-05-31;12;21559,538;15093,900;33,313;0,000;4461,638;729,400;1280,225
2019-05-31;13;21639,200;14896,550;-2,563;0,000;4628,125;842,813;1280,375
2019-05-31;14;21500,288;14731,950;-4,338;0,000;4765,475;729,875;1280,850
2019-05-31;15;21173,700;14361,188;70,513;0,000;4727,513;822,800;1278,050
2019-05-31;16;21043,638;14346,538;85,588;0,000;4634,875;791,725;1282,475
2019-05-31;17;20785,488;14201,263;61,288;0,000;4565,938;746,450;1279,188
2019-05-31;18;20535,838;14056,213;46,638;0,000;4392,025;815,038;1283,400
2019-05-31;19;20255,163;14047,875;315,600;0,000;4163,600;773,888;1278,813
2019-05-31;20;20386,400;14302,500;447,138;0,000;4030,838;777,475;1279,325
2019-05-31;21;20357,050;14414,863;235,813;0,000;3934,650;731,863;1285,550
2019-05-31;22;20292,013;14414,338;73,313;0,000;3815,563;782,438;1293,488
2019-05-31;23;19056,800;13193,513;2,900;0,000;3749,125;841,238;1285,575
2019-05-31;24;17530,275;11770,575;-6,188;0,000;3720,613;775,775;1285,600
