Data;Godzina;Krajowe zapotrzebowanie na moc;Sumaryczna generacja JWCD;Generacja PI;Generacja IRZ;Sumaryczna generacja nJWCD;Krajowe saldo wymiany miêdzysystemowej równoleg³ej;Krajowe saldo wymiany miêdzysystemowej nierównoleg³ej
2019-09-18;1;16334,075;8311,838;-437,538;0,000;8219,150;30,088;221,050
2019-09-18;2;15823,525;8286,813;-919,063;0,000;8299,663;-2,138;158,913
2019-09-18;3;15430,063;8048,850;-1011,550;0,000;8284,850;-64,650;178,013
2019-09-18;4;15549,863;8215,988;-1007,938;0,000;8116,438;31,963;194,213
2019-09-18;5;15875,438;8632,050;-1006,363;0,000;8104,738;-31,025;181,238
2019-09-18;6;16622,025;9310,888;-922,788;0,000;7973,088;73,250;187,913
2019-09-18;7;18618,725;10387,350;-130,213;0,000;7919,713;178,850;269,450
2019-09-18;8;20493,388;12578,425;154,725;0,000;7767,700;17,575;133,325
2019-09-18;9;21535,250;13496,163;350,375;0,000;7712,988;17,838;312,188
2019-09-18;10;21640,013;13297,413;85,125;0,000;7815,513;-19,413;555,888
2019-09-18;11;21274,038;12908,825;3,488;0,000;7884,850;-51,413;539,425
2019-09-18;12;21520,963;12918,613;-2,613;0,000;7940,538;-2,025;674,663
2019-09-18;13;21454,275;12873,150;-2,550;0,000;7920,563;-5,675;677,950
2019-09-18;14;21313,275;12835,563;-2,700;0,000;7784,975;50,288;656,413
2019-09-18;15;20852,988;12447,238;-2,700;0,000;7719,688;14,750;678,150
2019-09-18;16;20770,250;12396,025;-3,000;0,000;7677,400;20,538;680,913
2019-09-18;17;20631,775;12533,188;-2,963;0,000;7355,563;62,138;679,888
2019-09-18;18;20579,338;13074,550;175,000;0,000;6887,075;-55,300;679,563
2019-09-18;19;20886,088;13763,350;315,488;0,000;6446,938;3,150;681,850
2019-09-18;20;22417,513;14799,213;322,825;0,000;6267,813;758,013;598,400
2019-09-18;21;22198,825;14599,688;361,525;0,000;6129,775;801,538;683,275
2019-09-18;22;20601,663;13224,788;270,963;0,000;5874,038;810,188;703,675
2019-09-18;23;18939,463;11567,725;268,438;0,000;5807,700;850,650;731,225
2019-09-18;24;17514,538;10082,538;-3,263;0,000;5764,888;943,350;735,450
