Data;Godzina;Krajowe zapotrzebowanie na moc;Sumaryczna generacja JWCD;Generacja PI;Generacja IRZ;Sumaryczna generacja nJWCD;Krajowe saldo wymiany miêdzysystemowej równoleg³ej;Krajowe saldo wymiany miêdzysystemowej nierównoleg³ej
2019-06-06;1;16959,513;10961,688;110,688;79,150;5561,988;180,025;293,175
2019-06-06;2;16265,388;11079,688;-579,125;76,188;5511,913;57,875;198,350
2019-06-06;3;15847,913;11124,800;-882,538;78,388;5389,538;29,400;198,213
2019-06-06;4;15720,838;11057,575;-972,025;78,788;5423,900;6,938;203,763
2019-06-06;5;15329,775;10758,988;-1106,375;78,800;5445,063;-28,475;267,138
2019-06-06;6;15974,263;11244,813;-968,150;77,988;5425,388;46,838;230,875
2019-06-06;7;18601,963;13194,675;-68,238;78,900;4825,700;113,400;532,313
2019-06-06;8;20860,800;15608,013;-2,500;79,100;4377,875;304,525;572,525
2019-06-06;9;21753,288;16797,375;85,913;77,700;4420,725;-79,825;628,138
2019-06-06;10;21979,925;16583,325;125,338;77,688;4752,975;-116,275;769,925
2019-06-06;11;21937,275;16148,825;128,888;78,725;5115,188;-131,013;812,563
2019-06-06;12;22402,825;16229,550;207,538;76,625;5431,388;-109,875;858,163
2019-06-06;13;22524,225;16212,750;321,975;77,675;5482,363;60,388;779,613
2019-06-06;14;22500,975;15744,875;188,788;80,063;5334,375;510,400;924,363
2019-06-06;15;22132,550;15365,600;43,975;78,775;5219,988;493,238;1069,288
2019-06-06;16;22011,800;15283,513;44,375;79,950;4978,388;534,500;1234,738
2019-06-06;17;21689,575;15109,163;161,563;77,350;4842,200;528,888;1222,725
2019-06-06;18;21327,013;14833,450;178,925;80,288;4749,063;491,175;1269,088
2019-06-06;19;21141,300;14819,113;430,475;77,475;4672,388;539,225;1125,100
2019-06-06;20;21201,938;15044,925;714,338;78,263;4468,750;466,750;1226,663
2019-06-06;21;21268,775;15440,613;659,550;78,463;4506,363;206,088;1122,600
2019-06-06;22;21006,463;15093,013;481,238;79,238;4538,375;409,725;977,000
2019-06-06;23;19701,613;13511,100;270,938;76,375;4388,525;566,900;1255,075
2019-06-06;24;18190,800;12185,575;-6,500;80,163;4258,400;484,988;1277,600
