Data;Godzina;Krajowe zapotrzebowanie na moc;Sumaryczna generacja JWCD;Generacja PI;Generacja IRZ;Sumaryczna generacja nJWCD;Krajowe saldo wymiany miêdzysystemowej równoleg³ej;Krajowe saldo wymiany miêdzysystemowej nierównoleg³ej
2019-03-05;1;17526,288;8523,150;-768,363;0,000;9856,350;41,938;-121,825
2019-03-05;2;17043,975;8669,575;-1147,025;0,000;9742,963;36,575;-252,650
2019-03-05;3;16666,188;8293,488;-1142,838;0,000;9780,113;-4,000;-258,225
2019-03-05;4;16699,738;8223,625;-1139,300;0,000;9912,975;-24,575;-265,875
2019-03-05;5;16975,063;8378,800;-1135,325;15,775;10050,100;-50,013;-257,288
2019-03-05;6;17892,000;8865,763;-792,738;60,500;10140,338;-2,713;-315,413
2019-03-05;7;19830,938;9454,575;-80,563;69,625;10277,188;205,913;-22,950
2019-03-05;8;21810,288;10355,325;-5,488;72,575;10428,313;327,963;706,000
2019-03-05;9;22735,475;10950,000;13,513;96,813;10491,338;563,263;748,838
2019-03-05;10;22896,688;10944,088;32,425;99,563;10539,650;536,513;900,425
2019-03-05;11;22736,338;10835,525;173,988;99,563;10508,825;532,538;887,200
2019-03-05;12;23060,100;11034,413;352,675;99,550;10496,263;550,588;1002,450
2019-03-05;13;23125,763;11235,625;314,463;99,563;10411,750;539,113;965,250
2019-03-05;14;23227,063;11183,100;271,375;99,538;10519,000;463,088;1075,100
2019-03-05;15;22833,613;10748,013;8,513;99,475;10473,300;521,650;1109,125
2019-03-05;16;22597,750;10612,375;-4,138;99,525;10419,363;503,850;1062,763
2019-03-05;17;22491,975;10842,200;-5,938;99,738;10138,550;486,938;1019,850
2019-03-05;18;22964,413;11918,025;12,450;99,575;9859,963;372,100;813,313
2019-03-05;19;23757,763;13153,275;282,925;99,625;9453,663;281,038;880,513
2019-03-05;20;23723,463;13009,275;138,100;99,688;9214,725;399,513;1118,650
2019-03-05;21;23114,163;12235,350;43,925;98,488;9055,025;517,863;1323,050
2019-03-05;22;21581,263;11039,238;0,138;73,563;8783,938;451,913;1323,900
2019-03-05;23;20077,638;9892,663;-5,813;69,600;8663,825;541,575;992,600
2019-03-05;24;18756,925;9753,988;-12,400;69,588;8323,750;240,713;464,700
