Data;Godzina;Krajowe zapotrzebowanie na moc;Sumaryczna generacja JWCD;Generacja PI;Generacja IRZ;Sumaryczna generacja nJWCD;Krajowe saldo wymiany miêdzysystemowej równoleg³ej;Krajowe saldo wymiany miêdzysystemowej nierównoleg³ej
2019-04-07;1;14713,913;7447,900;-3,800;0,000;5811,838;379,638;1080,588
2019-04-07;2;14141,200;7601,313;-98,325;0,000;5537,938;341,900;761,963
2019-04-07;3;13806,613;7815,325;-252,150;0,000;5326,938;282,175;635,838
2019-04-07;4;13768,350;8328,875;-374,988;0,000;5117,438;145,638;554,163
2019-04-07;5;13747,725;8246,613;-480,100;0,000;5009,125;248,413;727,138
2019-04-07;6;13678,925;8277,675;-596,325;0,000;4968,950;256,138;779,188
2019-04-07;7;13678,125;7848,938;-573,488;0,000;5030,913;352,313;1020,300
2019-04-07;8;14469,375;8041,113;-395,725;0,000;5008,550;509,513;1312,550
2019-04-07;9;15404,588;8608,450;44,213;0,000;4812,175;671,188;1325,988
2019-04-07;10;16074,600;9488,225;93,588;0,000;4684,363;586,500;1326,950
2019-04-07;11;16458,313;9882,150;101,250;0,000;4636,388;624,900;1323,525
2019-04-07;12;16476,363;9853,013;13,188;0,000;4680,800;625,200;1324,450
2019-04-07;13;16341,313;9700,338;-1,588;0,000;4614,450;711,425;1326,163
2019-04-07;14;16275,213;9685,500;-0,050;0,000;4551,550;717,775;1326,500
2019-04-07;15;15914,713;9335,325;66,725;0,000;4567,913;694,425;1326,113
2019-04-07;16;15472,425;8919,188;-0,063;0,000;4581,738;650,763;1326,300
2019-04-07;17;15319,338;8811,750;70,750;0,000;4538,250;639,138;1323,413
2019-04-07;18;15457,963;9055,475;101,638;0,000;4559,163;521,325;1321,538
2019-04-07;19;15830,463;9440,175;25,938;0,000;4599,038;457,288;1337,350
2019-04-07;20;17011,013;10335,975;63,863;0,000;4831,975;507,025;1340,400
2019-04-07;21;17960,288;10912,188;73,175;0,000;5152,275;552,950;1341,200
2019-04-07;22;17259,950;10165,425;30,800;0,000;5219,075;551,300;1326,663
2019-04-07;23;16490,575;9482,225;1,600;0,000;5219,238;545,613;1247,675
2019-04-07;24;15530,200;8993,300;-178,313;0,000;5163,325;439,200;1118,925
