Data;Godzina;Krajowe zapotrzebowanie na moc;Sumaryczna generacja JWCD;Generacja PI;Generacja IRZ;Sumaryczna generacja nJWCD;Krajowe saldo wymiany miêdzysystemowej równoleg³ej;Krajowe saldo wymiany miêdzysystemowej nierównoleg³ej
2019-03-11;1;15450,225;7621,938;-395,588;0,000;8267,900;-47,325;19,725
2019-03-11;2;15092,988;7600,225;-631,175;9,038;8665,500;-60,938;-468,563
2019-03-11;3;14684,825;7337,800;-1011,538;26,413;9053,913;-164,275;-518,488
2019-03-11;4;14726,688;7363,950;-1094,450;43,438;9048,850;-24,288;-553,500
2019-03-11;5;15277,438;7960,625;-945,738;60,325;8900,000;7,225;-639,475
2019-03-11;6;16232,850;8456,725;-721,888;72,625;8748,650;-12,975;-227,663
2019-03-11;7;18818,463;9785,375;-282,988;98,475;8720,375;53,738;546,575
2019-03-11;8;21339,825;11487,500;50,188;99,538;8616,025;401,488;855,025
2019-03-11;9;22432,200;12063,388;189,325;99,438;8418,413;660,563;1304,413
2019-03-11;10;22965,150;12319,913;369,625;99,550;8638,688;674,963;1349,638
2019-03-11;11;22767,713;12408,188;392,138;99,413;8291,125;732,738;1344,850
2019-03-11;12;22983,013;12904,450;245,850;99,525;8096,275;634,800;1350,263
2019-03-11;13;23060,738;13365,063;180,163;99,513;7873,813;488,588;1345,888
2019-03-11;14;23184,125;13701,088;180,388;99,513;7670,075;474,963;1329,700
2019-03-11;15;22755,538;13281,225;-7,175;99,500;7607,163;526,188;1341,925
2019-03-11;16;22515,325;13265,375;-7,463;99,788;7334,850;576,150;1346,163
2019-03-11;17;22417,613;13290,838;21,338;99,638;7308,413;474,938;1349,600
2019-03-11;18;22847,013;13802,225;440,400;99,500;7286,813;399,775;1357,275
2019-03-11;19;23827,738;14680,500;938,638;99,475;7317,338;480,425;1352,300
2019-03-11;20;23973,763;14446,775;864,788;99,550;7712,200;478,463;1341,475
2019-03-11;21;23334,288;13364,125;782,713;98,575;8103,338;534,713;1345,613
2019-03-11;22;21751,588;11857,925;425,625;98,275;8074,463;530,088;1308,188
2019-03-11;23;20155,575;10573,463;82,588;73,525;7914,150;535,963;1146,438
2019-03-11;24;18923,900;10042,175;-77,575;69,638;7728,263;499,088;745,888
