Data;Godzina;Krajowe zapotrzebowanie na moc;Sumaryczna generacja JWCD;Generacja PI;Generacja IRZ;Sumaryczna generacja nJWCD;Krajowe saldo wymiany miêdzysystemowej równoleg³ej;Krajowe saldo wymiany miêdzysystemowej nierównoleg³ej
2019-03-08;1;17754,350;8916,913;-10,900;69,588;8582,588;17,663;250,613
2019-03-08;2;17122,675;8360,113;-201,813;69,713;8719,100;1,563;244,713
2019-03-08;3;16864,075;8377,588;-762,913;69,563;8973,275;28,813;251,413
2019-03-08;4;16877,088;8414,225;-918,850;69,800;9152,613;-33,525;263,975
2019-03-08;5;17182,763;8428,575;-900,713;69,638;9386,825;20,625;254,100
2019-03-08;6;17863,875;8503,763;-460,350;69,638;9593,775;-58,013;289,225
2019-03-08;7;19793,625;9246,325;-31,725;69,788;9725,550;176,138;680,000
2019-03-08;8;21609,088;10391,663;-4,275;73,313;9779,150;357,138;1087,938
2019-03-08;9;22356,775;10878,550;13,413;98,138;9852,600;507,038;1121,763
2019-03-08;10;22470,775;10838,975;64,025;99,450;9976,300;531,263;1133,413
2019-03-08;11;22265,925;10646,825;279,150;99,575;9972,888;532,688;1121,575
2019-03-08;12;22560,000;10866,750;373,100;99,363;10081,800;480,063;1133,888
2019-03-08;13;22556,338;10991,363;374,525;99,513;9947,913;509,313;1118,650
2019-03-08;14;22622,500;11109,638;299,263;99,513;9881,638;498,238;1136,813
2019-03-08;15;22152,838;10637,138;39,363;99,338;9877,825;517,788;1130,125
2019-03-08;16;21842,863;10351,575;-6,638;99,513;9905,900;452,975;1133,500
2019-03-08;17;21824,288;10328,588;67,950;99,575;9865,975;492,963;1134,163
2019-03-08;18;22223,738;11213,388;383,325;99,500;9877,875;-16,975;1148,313
2019-03-08;19;23192,550;12453,425;584,525;99,450;9887,525;-472,400;1325,738
2019-03-08;20;23300,313;12766,713;554,813;99,525;9842,475;-647,463;1346,550
2019-03-08;21;22539,775;11839,788;186,425;98,300;9612,063;-225,925;1335,613
2019-03-08;22;21158,000;10195,413;54,250;52,300;9407,650;245,500;1319,350
2019-03-08;23;19699,163;9261,350;-10,463;0,000;9115,238;396,475;944,863
2019-03-08;24;18495,775;9317,088;-10,325;0,000;8690,775;41,500;463,488
