Data;Godzina;Krajowe zapotrzebowanie na moc;Sumaryczna generacja JWCD;Generacja PI;Generacja IRZ;Sumaryczna generacja nJWCD;Krajowe saldo wymiany miêdzysystemowej równoleg³ej;Krajowe saldo wymiany miêdzysystemowej nierównoleg³ej
2019-04-03;1;17226,338;7686,725;-121,463;0,000;9448,650;3,263;227,825
2019-04-03;2;16691,888;7735,713;-497,900;0,000;9306,263;-76,788;231,988
2019-04-03;3;16305,075;7780,925;-788,138;0,000;9216,788;-135,113;235,750
2019-04-03;4;16405,900;7914,875;-812,663;0,000;9092,013;-18,550;232,925
2019-04-03;5;16647,988;8221,188;-810,413;0,000;9028,700;-30,775;242,300
2019-04-03;6;17422,513;8691,763;-577,050;0,000;9042,813;-4,213;269,050
2019-04-03;7;19380,775;9873,375;-57,213;0,000;9072,288;-213,725;702,475
2019-04-03;8;21354,388;11818,838;-6,663;0,000;8929,413;-478,838;1085,963
2019-04-03;9;22172,863;12889,250;171,363;0,000;8457,025;-423,125;1254,475
2019-04-03;10;22226,538;12826,025;155,225;0,000;7978,125;93,138;1330,938
2019-04-03;11;21710,275;12159,850;115,700;0,000;7833,100;385,338;1340,850
2019-04-03;12;21860,050;11815,000;9,163;0,000;8051,675;652,400;1343,425
2019-04-03;13;21693,750;11394,325;-3,225;0,000;8462,325;503,613;1341,338
2019-04-03;14;21563,500;10972,863;-3,913;0,000;8768,313;482,025;1337,850
2019-04-03;15;21251,425;10408,763;-4,250;0,000;8957,050;552,788;1332,488
2019-04-03;16;21153,225;10339,388;-5,625;0,000;8989,375;485,288;1337,038
2019-04-03;17;20923,363;10254,313;221,013;0,000;9036,588;291,413;1342,988
2019-04-03;18;20666,250;10223,988;302,063;0,000;8972,725;120,888;1343,250
2019-04-03;19;20689,750;11164,988;458,950;0,000;8704,538;-523,150;1339,325
2019-04-03;20;21938,975;12280,675;736,688;0,000;8905,563;-588,275;1342,738
2019-04-03;21;22469,863;11873,925;683,413;0,000;9295,125;-38,188;1342,538
2019-04-03;22;21139,413;11013,888;400,638;0,000;9382,400;-562,088;1314,613
2019-04-03;23;19379,263;9320,713;133,050;0,000;9381,225;-4,988;682,838
2019-04-03;24;18150,063;8483,350;-32,963;0,000;9376,788;-85,438;404,988
