Data;Godzina;Krajowe zapotrzebowanie na moc;Sumaryczna generacja JWCD;Generacja PI;Generacja IRZ;Sumaryczna generacja nJWCD;Krajowe saldo wymiany miêdzysystemowej równoleg³ej;Krajowe saldo wymiany miêdzysystemowej nierównoleg³ej
2019-05-18;1;16707,938;10853,113;-57,350;70,200;3914,050;709,350;1298,800
2019-05-18;2;15933,113;10644,163;-111,275;70,213;3924,350;541,213;942,613
2019-05-18;3;15489,750;10347,863;-10,538;70,213;3921,263;492,000;741,363
2019-05-18;4;15349,038;10415,575;-9,688;70,175;3945,475;385,788;616,088
2019-05-18;5;15009,625;10291,388;-11,263;70,200;3991,650;276,775;468,075
2019-05-18;6;14767,650;10086,488;-11,363;70,275;3944,463;309,250;445,188
2019-05-18;7;15939,800;10783,125;-10,813;70,038;3897,238;480,425;791,775
2019-05-18;8;17323,800;11667,188;-8,563;69,788;3738,225;657,350;1276,338
2019-05-18;9;18712,375;12922,050;20,313;69,313;3722,825;766,850;1312,588
2019-05-18;10;19460,338;13830,900;233,125;69,613;3599,738;729,688;1311,388
2019-05-18;11;19652,238;13957,013;267,413;69,200;3622,713;790,275;1294,763
2019-05-18;12;19743,788;14453,075;84,313;69,563;3704,013;740,550;863,013
2019-05-18;13;19489,200;14403,313;57,700;70,075;3702,363;570,675;823,463
2019-05-18;14;18992,363;13991,563;0,538;70,175;3769,063;420,463;821,238
2019-05-18;15;18325,088;13161,425;-6,300;70,550;3847,863;504,825;820,863
2019-05-18;16;18021,388;12819,600;-6,725;69,950;3880,825;502,550;824,063
2019-05-18;17;17711,075;12327,488;-6,388;70,313;3916,288;659,338;820,800
2019-05-18;18;17552,788;12131,738;-6,363;70,525;3865,063;738,813;825,950
2019-05-18;19;17428,725;12193,088;38,513;70,088;3720,550;686,175;829,413
2019-05-18;20;17599,100;12391,813;116,888;70,250;3712,875;671,425;822,300
2019-05-18;21;17815,938;12319,325;152,075;70,188;3936,750;747,863;813,913
2019-05-18;22;17997,100;12425,463;367,675;70,463;3959,825;790,913;827,100
2019-05-18;23;16867,138;11535,163;297,975;70,863;3932,638;611,738;801,875
2019-05-18;24;15633,588;10536,838;28,763;70,763;3944,200;536,575;625,813
