Data;Godzina;Krajowe zapotrzebowanie na moc;Sumaryczna generacja JWCD;Generacja PI;Generacja IRZ;Sumaryczna generacja nJWCD;Krajowe saldo wymiany miêdzysystemowej równoleg³ej;Krajowe saldo wymiany miêdzysystemowej nierównoleg³ej
2019-05-17;1;17056,988;12148,775;-7,575;70,200;3866,513;252,413;801,100
2019-05-17;2;16580,613;11883,588;-6,488;70,125;3923,800;193,525;591,438
2019-05-17;3;16188,675;11922,500;-7,525;70,275;3989,550;37,838;252,613
2019-05-17;4;16208,775;12282,488;-150,375;70,125;3906,638;-57,300;224,350
2019-05-17;5;16232,375;12362,150;-302,463;70,238;3919,338;16,463;238,675
2019-05-17;6;16378,513;11992,463;-184,800;70,138;3908,100;117,338;553,788
2019-05-17;7;18858,025;13800,088;-133,838;70,388;3901,038;492,225;804,050
2019-05-17;8;21023,488;15615,163;-6,438;70,075;3910,900;668,938;832,575
2019-05-17;9;22026,525;16580,413;90,813;70,050;3994,200;647,400;812,188
2019-05-17;10;22393,500;16960,588;104,163;70,000;4007,313;622,900;816,613
2019-05-17;11;22175,363;16808,200;104,400;69,950;3992,875;563,738;821,425
2019-05-17;12;22356,975;17082,613;109,200;70,213;3972,375;567,675;741,838
2019-05-17;13;22286,225;17154,925;230,238;94,450;3926,425;495,513;721,538
2019-05-17;14;22124,463;16963,113;-4,413;108,900;3985,138;453,000;742,638
2019-05-17;15;21644,325;16336,038;-6,800;71,413;4008,650;477,388;832,800
2019-05-17;16;21444,100;16081,575;-4,263;70,013;4036,763;512,650;825,038
2019-05-17;17;21080,663;15748,825;-2,850;70,238;3937,825;577,338;824,113
2019-05-17;18;20831,263;15597,888;14,775;70,313;3816,325;583,675;841,475
2019-05-17;19;20575,150;14946,363;17,988;70,100;3766,325;611,288;1263,725
2019-05-17;20;20621,475;15007,800;97,875;70,375;3755,675;551,975;1319,300
2019-05-17;21;20946,938;14957,638;136,088;70,275;3916,613;764,138;1318,050
2019-05-17;22;20685,738;14770,163;113,150;70,150;3941,975;676,538;1313,650
2019-05-17;23;19290,013;13453,125;11,350;70,238;3918,388;625,188;1306,600
2019-05-17;24;17948,950;12101,413;-5,025;70,188;3961,913;588,200;1309,813
