Data;Godzina;Krajowe zapotrzebowanie na moc;Sumaryczna generacja JWCD;Generacja PI;Generacja IRZ;Sumaryczna generacja nJWCD;Krajowe saldo wymiany miêdzysystemowej równoleg³ej;Krajowe saldo wymiany miêdzysystemowej nierównoleg³ej
2019-04-10;1;17032,138;9973,325;-8,163;0,000;6167,388;264,588;640,638
2019-04-10;2;16463,963;9959,650;-6,888;0,000;6016,275;146,200;350,038
2019-04-10;3;16086,625;9953,400;-6,863;0,000;5950,075;42,638;157,050
2019-04-10;4;16145,375;9890,888;-122,188;0,000;5960,213;156,813;264,388
2019-04-10;5;16452,813;9902,775;-163,575;0,000;5898,450;242,900;574,713
2019-04-10;6;16964,750;9945,150;-338,750;0,000;5855,375;445,475;1062,075
2019-04-10;7;19015,863;11417,700;-46,900;0,000;5884,213;624,525;1147,363
2019-04-10;8;21241,125;13494,738;-3,575;0,000;5827,588;773,175;1152,313
2019-04-10;9;22275,963;14612,075;22,950;0,000;5762,575;759,450;1152,350
2019-04-10;10;22581,750;14952,850;161,300;0,000;5703,238;793,263;1153,150
2019-04-10;11;22456,550;15022,725;258,775;0,000;5585,738;695,000;1160,263
2019-04-10;12;22690,988;15277,663;87,763;0,000;5563,200;696,313;1160,738
2019-04-10;13;22745,850;15414,938;4,888;0,000;5571,738;613,800;1160,425
2019-04-10;14;22586,425;15255,863;-3,675;0,000;5598,413;591,063;1160,613
2019-04-10;15;22123,788;14573,525;-3,138;0,000;5727,025;670,063;1161,288
2019-04-10;16;21831,288;14266,450;-3,175;0,000;5715,863;697,163;1161,200
2019-04-10;17;21516,963;13818,200;135,913;0,000;5718,650;825,738;1161,050
2019-04-10;18;21241,875;13542,650;496,100;0,000;5764,313;778,013;1160,913
2019-04-10;19;21148,500;13315,050;707,563;0,000;5890,600;788,925;1160,300
2019-04-10;20;22056,225;14067,438;748,688;0,000;6135,200;698,563;1160,300
2019-04-10;21;22788,963;14353,388;661,113;0,000;6464,625;823,763;1160,113
2019-04-10;22;21369,900;12977,313;362,675;0,000;6517,888;722,463;1161,125
2019-04-10;23;19698,700;11487,013;-4,338;0,000;6406,513;655,675;1161,863
2019-04-10;24;18321,538;10510,038;-84,225;0,000;6291,663;497,125;1112,875
