Data;Godzina;Krajowe zapotrzebowanie na moc;Sumaryczna generacja JWCD;Generacja PI;Generacja IRZ;Sumaryczna generacja nJWCD;Krajowe saldo wymiany miêdzysystemowej równoleg³ej;Krajowe saldo wymiany miêdzysystemowej nierównoleg³ej
2019-12-21;1;16949,888;8709,363;-238,925;70,050;8206,425;302,800;-16,263
2019-12-21;2;16208,138;8523,150;-583,075;70,113;8050,838;371,163;-138,763
2019-12-21;3;15835,600;8658,288;-970,688;70,063;7880,225;414,513;-147,575
2019-12-21;4;15700,500;8857,613;-820,513;70,013;7501,563;398,275;-232,725
2019-12-21;5;15850,138;8943,963;-793,663;70,038;7422,700;403,100;-121,788
2019-12-21;6;16174,763;9108,388;-767,150;70,013;7513,125;437,763;-123,338
2019-12-21;7;17331,250;9257,763;-432,125;69,963;7679,438;848,450;-29,563
2019-12-21;8;18300,063;9388,150;-90,800;69,975;7750,600;885,950;365,913
2019-12-21;9;19262,513;10216,263;-5,900;70,088;7471,188;841,613;735,700
2019-12-21;10;20221,500;11449,550;11,425;70,050;7204,400;816,613;752,913
2019-12-21;11;20560,188;11906,788;13,663;70,013;7030,075;885,275;745,313
2019-12-21;12;20537,125;12004,650;-4,088;70,063;6944,638;844,250;751,688
2019-12-21;13;20562,813;11952,263;-6,975;70,025;6822,400;1039,100;754,438
2019-12-21;14;20591,213;12134,975;-7,200;70,038;6655,988;1055,513;754,650
2019-12-21;15;20461,138;12089,213;-6,888;70,013;6554,013;1065,038;752,500
2019-12-21;16;20803,838;12500,350;280,263;70,075;6524,563;1033,938;750,713
2019-12-21;17;21722,975;13562,425;702,125;70,100;6555,963;857,625;753,200
2019-12-21;18;21711,838;13649,575;698,163;70,088;6374,900;919,825;765,000
2019-12-21;19;21363,263;13088,900;703,700;70,125;6105,525;908,525;1264,563
2019-12-21;20;21090,088;12809,838;559,200;69,700;5988,213;968,700;1329,888
2019-12-21;21;20480,163;12120,913;490,088;70,025;5932,513;1084,850;1348,938
2019-12-21;22;19292,688;11087,088;44,825;70,000;5832,363;1032,000;1348,988
2019-12-21;23;18146,925;10083,800;-9,825;69,988;5816,938;1147,613;1120,625
2019-12-21;24;16889,150;9106,663;-36,175;70,063;5756,213;1071,838;1008,213
