Data;Godzina;Krajowe zapotrzebowanie na moc;Sumaryczna generacja JWCD;Generacja PI;Generacja IRZ;Sumaryczna generacja nJWCD;Krajowe saldo wymiany miêdzysystemowej równoleg³ej;Krajowe saldo wymiany miêdzysystemowej nierównoleg³ej
2019-08-13;1;16217,763;10839,338;-81,650;0,000;3795,963;1025,000;651,625
2019-08-13;2;15678,025;11061,850;-252,175;0,000;3837,175;582,438;452,450
2019-08-13;3;15334,500;11281,175;-292,575;0,000;3784,350;237,763;328,375
2019-08-13;4;15296,188;11531,900;-542,750;0,000;3745,538;262,563;300,688
2019-08-13;5;15510,700;12030,538;-516,350;0,000;3690,800;100,875;203,113
2019-08-13;6;15524,663;11595,800;-515,613;0,000;3799,425;272,163;380,313
2019-08-13;7;17377,550;12782,950;-271,575;0,000;3983,338;641,900;245,413
2019-08-13;8;19393,500;14382,475;-29,275;0,000;4088,638;849,388;102,863
2019-08-13;9;20625,288;15531,163;-3,413;0,000;4032,250;856,550;215,675
2019-08-13;10;21118,388;15876,775;-3,600;0,000;4206,425;782,300;268,500
2019-08-13;11;21039,013;15444,813;-2,838;0,000;4541,975;776,225;287,200
2019-08-13;12;21285,538;15270,275;41,400;0,000;4857,188;819,725;342,775
2019-08-13;13;21365,000;15095,838;74,513;0,000;5115,350;798,300;360,150
2019-08-13;14;21382,625;15061,013;233,713;0,000;5183,425;771,188;371,038
2019-08-13;15;21070,038;15010,938;81,025;0,000;4937,100;831,263;295,750
2019-08-13;16;20981,113;14935,863;-2,900;0,000;4890,375;862,875;293,625
2019-08-13;17;20658,863;14658,988;-2,788;0,000;4933,275;775,150;297,788
2019-08-13;18;20328,163;14469,063;-2,750;0,000;4726,075;788,738;348,975
2019-08-13;19;20096,250;14494,938;-2,863;0,000;4623,538;654,063;326,838
2019-08-13;20;20240,088;14817,325;81,388;0,000;4277,388;731,675;418,388
2019-08-13;21;20787,463;15261,950;177,713;0,000;3931,375;948,350;650,813
2019-08-13;22;20234,550;14582,150;34,588;0,000;4063,038;938,900;667,013
2019-08-13;23;18632,725;12767,913;-6,188;0,000;4152,738;1065,313;663,163
2019-08-13;24;17209,975;11689,250;-7,525;0,000;4139,638;744,563;657,538
