Data;Godzina;Krajowe zapotrzebowanie na moc;Sumaryczna generacja JWCD;Generacja PI;Generacja IRZ;Sumaryczna generacja nJWCD;Krajowe saldo wymiany miêdzysystemowej równoleg³ej;Krajowe saldo wymiany miêdzysystemowej nierównoleg³ej
2019-05-23;1;16596,875;10863,763;-6,950;70,213;4768,288;217,475;766,563
2019-05-23;2;16021,250;10750,025;-8,688;70,163;4750,550;130,900;406,975
2019-05-23;3;15699,850;10841,688;-10,888;70,263;4679,963;-18,013;215,388
2019-05-23;4;15709,575;10933,575;-128,188;70,038;4708,188;-1,738;201,850
2019-05-23;5;15429,000;10830,113;-257,038;70,225;4678,988;-40,138;217,250
2019-05-23;6;15769,300;10708,663;-250,250;70,363;4663,000;120,600;527,825
2019-05-23;7;18340,050;12352,163;-6,350;70,138;4700,325;362,125;933,125
2019-05-23;8;20480,400;14035,638;-7,375;70,075;4737,275;693,150;1020,463
2019-05-23;9;21547,025;15005,363;111,325;70,175;4781,613;770,375;1002,975
2019-05-23;10;21798,813;15337,513;261,813;70,150;4725,775;659,075;1091,225
2019-05-23;11;21851,413;15359,563;98,013;70,213;4790,913;681,550;1039,050
2019-05-23;12;22198,938;15821,250;73,613;70,288;4781,325;686,525;931,638
2019-05-23;13;22271,313;15986,275;55,000;70,125;4851,200;661,900;792,413
2019-05-23;14;22142,275;15618,638;52,488;70,113;4935,325;696,000;905,138
2019-05-23;15;21737,475;14892,125;0,750;70,263;4955,413;615,125;1286,050
2019-05-23;16;21610,013;14781,900;-2,675;70,275;4866,063;653,550;1322,575
2019-05-23;17;21310,388;14733,975;15,550;70,250;4746,775;520,913;1324,150
2019-05-23;18;20978,563;14550,825;18,150;70,250;4612,613;524,738;1296,213
2019-05-23;19;20856,900;15005,300;59,075;70,338;4470,450;444,363;936,200
2019-05-23;20;21127,800;15376,513;189,138;70,275;4293,300;417,438;1036,188
2019-05-23;21;21245,375;15142,588;92,863;70,350;4213,925;631,013;1262,463
2019-05-23;22;20786,025;14694,775;52,950;70,263;4120,025;669,125;1308,813
2019-05-23;23;19278,950;13204,888;2,588;70,288;4020,650;765,488;1306,175
2019-05-23;24;17876,500;12110,550;-3,938;70,263;3909,600;567,963;1303,275
