Data;Godzina;Krajowe zapotrzebowanie na moc;Sumaryczna generacja JWCD;Generacja PI;Generacja IRZ;Sumaryczna generacja nJWCD;Krajowe saldo wymiany miêdzysystemowej równoleg³ej;Krajowe saldo wymiany miêdzysystemowej nierównoleg³ej
2019-05-14;1;16967,963;10403,000;-7,338;77,550;5120,038;651,000;809,938
2019-05-14;2;16397,375;10202,538;-57,638;75,350;5189,563;379,263;688,063
2019-05-14;3;16012,475;10315,563;-143,000;78,338;5203,425;169,150;464,138
2019-05-14;4;16081,325;10541,163;-317,550;79,513;5325,463;137,238;396,475
2019-05-14;5;16112,250;10541,813;-345,313;79,225;5356,413;162,350;397,288
2019-05-14;6;16286,025;10218,175;-343,663;77,475;5343,488;330,050;739,538
2019-05-14;7;18853,388;12107,263;-49,113;77,663;5491,263;485,838;822,975
2019-05-14;8;21141,500;14299,588;-7,138;77,800;5801,050;438,038;611,538
2019-05-14;9;22158,313;14740,275;74,075;78,000;6239,225;527,213;655,550
2019-05-14;10;22337,113;14472,138;102,463;10,138;6578,188;534,575;768,950
2019-05-14;11;22215,513;14027,663;104,938;0,000;6778,050;590,888;822,888
2019-05-14;12;22568,888;14320,688;105,063;0,000;6892,738;531,113;828,213
2019-05-14;13;22569,025;14296,375;7,213;0,000;6991,800;463,825;826,275
2019-05-14;14;22517,900;13989,663;-5,625;0,000;7158,150;556,938;820,275
2019-05-14;15;22138,950;13514,875;-6,325;0,000;7248,125;565,300;821,250
2019-05-14;16;21942,775;13445,738;-4,025;0,000;7183,838;494,288;818,800
2019-05-14;17;21666,750;13245,850;-3,700;0,000;7084,550;508,675;816,813
2019-05-14;18;21412,388;13234,800;48,475;0,000;6861,838;498,550;821,663
2019-05-14;19;21253,175;13256,963;234,350;0,000;6595,000;574,838;824,500
2019-05-14;20;21583,325;13843,625;232,200;0,000;6237,025;673,863;828,625
2019-05-14;21;21808,663;14205,288;180,600;0,000;5932,275;831,088;828,625
2019-05-14;22;21138,800;14009,088;140,838;0,000;5595,000;724,688;822,588
2019-05-14;23;19652,275;12622,913;5,363;0,000;5560,850;683,400;820,575
2019-05-14;24;18297,038;11560,438;-8,150;0,000;5520,063;429,950;802,100
