Data;Godzina;Krajowe zapotrzebowanie na moc;Sumaryczna generacja JWCD;Generacja PI;Generacja IRZ;Sumaryczna generacja nJWCD;Krajowe saldo wymiany miêdzysystemowej równoleg³ej;Krajowe saldo wymiany miêdzysystemowej nierównoleg³ej
2019-07-11;1;16282,638;10483,313;-7,638;0,000;4176,825;826,750;812,888
2019-07-11;2;15690,738;10553,025;-6,763;0,000;4198,875;386,588;565,700
2019-07-11;3;15313,588;10477,938;-12,100;0,000;4106,663;316,688;431,538
2019-07-11;4;15194,650;10594,363;-11,550;0,000;3970,463;218,000;428,900
2019-07-11;5;15098,563;10927,263;-10,725;0,000;3939,013;-23,013;269,238
2019-07-11;6;15287,938;10852,500;-10,125;0,000;3894,613;11,025;548,538
2019-07-11;7;17452,038;12715,825;-8,588;0,000;3656,250;426,488;671,588
2019-07-11;8;19529,413;15083,513;-9,263;0,000;3454,950;741,738;263,988
2019-07-11;9;20511,113;16293,488;-10,488;0,000;3437,413;703,763;96,313
2019-07-11;10;21033,125;16503,700;-9,038;0,000;3510,013;674,888;353,550
2019-07-11;11;20917,475;16169,950;11,488;0,000;3653,050;643,325;465,763
2019-07-11;12;21336,025;16467,000;13,675;0,000;3743,988;593,563;537,288
2019-07-11;13;21462,575;16666,338;49,000;0,000;3818,163;508,500;483,500
2019-07-11;14;21446,425;16735,375;28,088;0,000;3835,225;462,125;425,588
2019-07-11;15;20991,525;16346,663;71,925;0,000;3748,313;446,313;470,913
2019-07-11;16;20882,275;16219,263;139,125;0,000;3730,475;484,775;468,038
2019-07-11;17;20583,700;15630,038;11,813;0,000;3704,288;759,288;504,388
2019-07-11;18;20364,438;15431,938;-4,500;0,000;3588,888;884,288;470,113
2019-07-11;19;20188,975;15240,788;-6,013;0,000;3504,350;932,150;518,000
2019-07-11;20;20362,075;15419,838;56,963;0,000;3434,900;1014,338;495,613
2019-07-11;21;20332,913;15436,325;108,013;0,000;3398,113;963,025;535,200
2019-07-11;22;20270,288;14781,588;63,125;0,000;3423,550;1036,200;1038,563
2019-07-11;23;19218,563;13588,200;-3,625;0,000;3442,700;1030,238;1161,488
2019-07-11;24;17749,175;12319,113;-2,863;0,000;3390,125;889,313;1164,663
