Data;Godzina;Krajowe zapotrzebowanie na moc;Sumaryczna generacja JWCD;Generacja PI;Generacja IRZ;Sumaryczna generacja nJWCD;Krajowe saldo wymiany miêdzysystemowej równoleg³ej;Krajowe saldo wymiany miêdzysystemowej nierównoleg³ej
2019-06-28;1;16989,913;10774,063;-11,650;0,000;4167,675;792,475;1275,288
2019-06-28;2;16355,463;10466,125;-53,400;0,000;4095,663;708,175;1142,388
2019-06-28;3;15999,963;10555,138;-126,875;0,000;3979,538;615,775;987,363
2019-06-28;4;15862,075;10798,963;-368,775;0,000;3814,925;610,788;1013,888
2019-06-28;5;15432,488;10844,175;-391,075;0,000;3644,175;466,375;876,663
2019-06-28;6;15754,163;10664,863;-390,788;0,000;3525,050;725,200;1237,838
2019-06-28;7;18146,888;12822,738;-246,575;0,000;3378,125;936,125;1266,175
2019-06-28;8;20131,638;15014,350;-26,438;0,000;3298,738;768,513;1078,000
2019-06-28;9;21148,713;15491,825;22,225;0,000;3413,063;984,363;1268,213
2019-06-28;10;21544,475;15608,263;23,500;0,000;3688,725;977,925;1285,150
2019-06-28;11;21494,813;15351,088;41,875;0,000;3916,688;960,763;1283,688
2019-06-28;12;21880,113;15414,488;44,400;0,000;4197,138;994,900;1286,400
2019-06-28;13;22127,975;15702,538;86,475;0,000;4336,663;831,713;1271,250
2019-06-28;14;21971,925;15730,588;68,838;0,000;4369,050;751,738;1140,338
2019-06-28;15;21580,963;15543,213;-7,175;0,000;4365,025;737,713;954,975
2019-06-28;16;21518,325;15158,363;-4,125;0,000;4539,575;797,475;1038,450
2019-06-28;17;21245,538;14626,450;-3,825;0,000;4596,850;895,438;1138,163
2019-06-28;18;20723,963;14029,950;-2,988;0,000;4523,275;898,563;1282,025
2019-06-28;19;20552,100;13958,175;105,500;0,000;4320,713;996,688;1281,663
2019-06-28;20;20509,438;14274,000;140,825;0,000;4062,725;954,013;1228,363
2019-06-28;21;20293,725;14299,413;182,038;0,000;3892,050;937,513;1183,688
2019-06-28;22;20080,500;13820,763;131,925;0,000;3907,100;1087,500;1279,913
2019-06-28;23;19363,238;12949,263;48,650;0,000;4001,238;1137,938;1284,288
2019-06-28;24;17932,800;11625,963;-4,738;0,000;3946,588;1090,338;1280,138
