Data;Godzina;Krajowe zapotrzebowanie na moc;Sumaryczna generacja JWCD;Generacja PI;Generacja IRZ;Sumaryczna generacja nJWCD;Krajowe saldo wymiany miêdzysystemowej równoleg³ej;Krajowe saldo wymiany miêdzysystemowej nierównoleg³ej
2019-10-04;1;17190,650;10005,825;-732,863;0,000;5132,988;1501,575;1289,650
2019-10-04;2;16611,325;10043,463;-805,100;0,000;5119,438;1179,825;1075,588
2019-10-04;3;16313,575;10088,450;-803,150;0,000;4953,638;1088,425;990,175
2019-10-04;4;16383,750;10093,138;-799,963;0,000;4886,625;1151,538;1049,975
2019-10-04;5;16548,263;10026,013;-798,663;0,000;4788,638;1320,013;1214,750
2019-10-04;6;17406,275;10655,113;-705,075;0,000;4751,850;1419,500;1290,225
2019-10-04;7;19841,088;12900,000;-173,850;0,000;4792,825;1123,525;1204,925
2019-10-04;8;21717,825;15444,550;-4,050;0,000;4796,263;658,138;826,775
2019-10-04;9;22673,175;15872,300;-4,050;0,000;4777,975;1144,738;886,238
2019-10-04;10;22801,575;15763,025;46,925;0,000;4788,275;1276,825;982,325
2019-10-04;11;22496,700;15355,675;30,663;0,000;4812,900;1301,650;1025,788
2019-10-04;12;22608,350;15570,050;16,313;0,000;4830,100;1033,250;1179,550
2019-10-04;13;22578,888;15698,650;24,775;0,000;4907,113;767,625;1212,238
2019-10-04;14;22562,375;15872,950;25,375;0,000;4867,425;604,875;1226,388
2019-10-04;15;22136,375;15451,938;-0,038;0,000;4738,825;654,888;1296,913
2019-10-04;16;21974,563;15179,113;-3,938;0,000;4721,450;775,275;1303,575
2019-10-04;17;21777,075;14756,938;-3,913;0,000;4733,000;991,763;1300,400
2019-10-04;18;21721,963;14628,100;-3,725;0,000;4805,500;1210,675;1081,575
2019-10-04;19;22689,138;15156,150;84,288;0,000;5041,088;1471,663;1021,488
2019-10-04;20;23407,825;15492,250;292,450;0,000;5347,475;1404,025;1173,113
2019-10-04;21;22620,100;14517,788;267,463;0,000;5319,925;1491,088;1296,100
2019-10-04;22;21045,300;13070,638;79,313;0,000;5301,750;1376,313;1305,150
2019-10-04;23;19421,000;11598,525;-8,425;0,000;5250,275;1283,225;1305,025
2019-10-04;24;18000,650;10249,375;-8,788;0,000;5141,688;1316,638;1305,725
