Data;Godzina;Krajowe zapotrzebowanie na moc;Sumaryczna generacja JWCD;Generacja PI;Generacja IRZ;Sumaryczna generacja nJWCD;Krajowe saldo wymiany miêdzysystemowej równoleg³ej;Krajowe saldo wymiany miêdzysystemowej nierównoleg³ej
2019-06-01;1;16288,325;10586,563;-6,413;0,000;3653,900;775,950;1290,813
2019-06-01;2;15612,413;10143,700;-6,563;0,000;3560,313;636,063;1289,188
2019-06-01;3;15152,713;9793,863;-9,025;0,000;3510,375;588,813;1281,113
2019-06-01;4;14927,825;9656,413;-9,713;0,000;3522,038;548,613;1215,613
2019-06-01;5;14430,075;9562,075;-9,750;0,000;3512,038;377,325;996,925
2019-06-01;6;14280,463;9567,188;-9,538;0,000;3416,375;323,275;987,775
2019-06-01;7;15330,963;10262,413;-9,013;0,000;3358,563;451,013;1273,200
2019-06-01;8;16868,863;11566,113;-5,513;0,000;3329,475;700,150;1287,538
2019-06-01;9;18231,375;12699,975;67,275;0,000;3445,788;831,188;1262,225
2019-06-01;10;19052,800;13477,738;120,238;0,000;3464,600;844,238;1289,738
2019-06-01;11;19183,288;13625,675;127,288;0,000;3517,438;758,688;1293,313
2019-06-01;12;19251,450;13568,088;128,188;0,000;3623,863;773,900;1291,688
2019-06-01;13;19104,100;13387,150;64,463;0,000;3648,513;805,888;1275,888
2019-06-01;14;18664,850;12865,025;3,263;0,000;3672,713;845,688;1293,913
2019-06-01;15;17976,625;12178,075;-3,613;0,000;3715,750;806,138;1292,088
2019-06-01;16;17691,625;11933,775;-2,650;0,000;3676,313;793,013;1291,450
2019-06-01;17;17445,950;11770,400;17,713;0,000;3611,263;772,125;1290,675
2019-06-01;18;17277,288;11571,338;259,900;0,000;3598,950;820,738;1290,125
2019-06-01;19;17212,950;11570,675;347,738;0,000;3558,225;797,613;1293,300
2019-06-01;20;17329,838;11717,025;369,088;0,000;3498,588;823,663;1296,588
2019-06-01;21;17353,000;11713,088;384,238;0,000;3555,513;784,900;1300,613
2019-06-01;22;17714,888;12118,088;226,625;0,000;3505,063;852,413;1244,325
2019-06-01;23;16898,100;11252,238;3,663;0,000;3616,238;752,550;1284,900
2019-06-01;24;15633,600;9941,688;-6,375;0,000;3742,413;672,400;1289,263
