Data;Godzina;Krajowe zapotrzebowanie na moc;Sumaryczna generacja JWCD;Generacja PI;Generacja IRZ;Sumaryczna generacja nJWCD;Krajowe saldo wymiany miêdzysystemowej równoleg³ej;Krajowe saldo wymiany miêdzysystemowej nierównoleg³ej
2019-08-11;1;14731,338;9150,263;-9,425;0,000;4652,325;541,925;395,563
2019-08-11;2;14080,788;9166,275;-82,600;0,000;4761,963;45,388;192,900
2019-08-11;3;13707,075;9117,138;-203,725;0,000;4627,350;-6,475;175,738
2019-08-11;4;13485,288;9149,013;-220,763;0,000;4412,363;-25,375;171,463
2019-08-11;5;13337,150;9253,925;-435,300;0,000;4383,600;-36,350;175,075
2019-08-11;6;12798,000;8778,025;-580,338;0,000;4523,738;-101,963;182,175
2019-08-11;7;13064,813;8882,075;-532,513;0,000;4556,200;-13,288;175,750
2019-08-11;8;13886,525;9428,125;-402,063;0,000;4107,038;360,450;393,525
2019-08-11;9;14750,538;9833,825;-30,425;0,000;3736,450;620,688;591,988
2019-08-11;10;15576,050;10478,425;-7,050;0,000;3670,900;795,025;641,113
2019-08-11;11;15927,500;10598,450;-6,575;0,000;3916,725;749,700;668,350
2019-08-11;12;16058,550;10325,700;30,963;0,000;4312,350;760,113;665,088
2019-08-11;13;16109,388;10160,788;42,388;0,000;4449,075;845,088;663,163
2019-08-11;14;16034,700;10228,538;-0,825;0,000;4328,988;828,388;669,725
2019-08-11;15;15832,388;10290,938;60,925;0,000;4091,225;794,613;665,375
2019-08-11;16;15615,188;10392,525;3,838;0,000;3844,438;716,088;667,738
2019-08-11;17;15540,875;10552,888;-6,213;0,000;3573,888;759,788;662,875
2019-08-11;18;15687,913;10994,913;-6,938;0,000;3308,513;714,750;673,963
2019-08-11;19;16012,488;11407,500;-6,888;0,000;3188,650;763,113;664,850
2019-08-11;20;16440,188;11827,725;-6,588;0,000;3141,775;823,863;659,013
2019-08-11;21;17207,913;12339,900;107,650;0,000;3155,575;1045,238;666,350
2019-08-11;22;17478,888;12519,200;191,213;0,000;3230,175;1065,225;676,725
2019-08-11;23;16527,763;11509,713;-7,013;0,000;3338,625;1030,463;667,600
2019-08-11;24;15382,775;10279,038;217,538;0,000;3480,213;990,325;649,850
