Data;Godzina;Krajowe zapotrzebowanie na moc;Sumaryczna generacja JWCD;Generacja PI;Generacja IRZ;Sumaryczna generacja nJWCD;Krajowe saldo wymiany miêdzysystemowej równoleg³ej;Krajowe saldo wymiany miêdzysystemowej nierównoleg³ej
2019-09-19;1;16472,925;9431,900;-379,875;0,000;5748,175;1009,525;673,725
2019-09-19;2;15989,425;9599,125;-549,500;0,000;5661,400;783,138;500,375
2019-09-19;3;15620,113;9711,138;-658,600;0,000;5545,850;597,263;428,325
2019-09-19;4;15606,950;9870,538;-781,438;0,000;5504,188;557,138;463,538
2019-09-19;5;15875,338;9863,000;-763,838;0,000;5375,475;824,250;583,275
2019-09-19;6;16628,250;10513,638;-573,700;0,000;5350,838;873,488;471,250
2019-09-19;7;18847,188;12167,188;-43,725;0,000;5326,075;852,863;544,888
2019-09-19;8;20855,575;14525,563;117,225;0,000;5353,325;260,875;723,350
2019-09-19;9;21671,750;15586,125;174,163;0,000;5032,313;324,975;733,975
2019-09-19;10;21757,225;16168,075;166,238;0,000;4893,888;-21,313;731,338
2019-09-19;11;21627,550;15860,200;13,288;0,000;5065,638;-16,750;731,963
2019-09-19;12;21814,600;15684,063;18,825;0,000;5383,013;26,925;734,513
2019-09-19;13;21727,438;15280,238;20,925;0,000;5734,838;-1,075;735,613
2019-09-19;14;21669,650;14950,400;-0,563;0,000;5901,625;95,975;735,825
2019-09-19;15;21204,125;14363,550;-2,763;0,000;6091,975;16,013;734,325
2019-09-19;16;21190,888;14185,588;-2,525;0,000;6223,313;52,338;734,075
2019-09-19;17;21025,388;14506,988;108,225;0,000;5751,450;38,650;735,013
2019-09-19;18;20897,063;14714,988;380,213;0,000;5488,163;-25,688;733,188
2019-09-19;19;21285,763;14989,650;230,250;0,000;5561,050;5,813;735,063
2019-09-19;20;22668,800;15856,250;251,650;0,000;5636,663;447,988;736,300
2019-09-19;21;22394,500;14808,913;330,400;0,000;5725,875;1139,575;736,050
2019-09-19;22;20681,763;13093,975;69,000;0,000;5800,263;1064,675;735,100
2019-09-19;23;19043,875;11568,450;-4,688;0,000;5789,600;968,338;733,213
2019-09-19;24;17644,763;10326,388;-7,750;0,000;5671,788;937,038;734,300
