Data;Godzina;Krajowe zapotrzebowanie na moc;Sumaryczna generacja JWCD;Generacja PI;Generacja IRZ;Sumaryczna generacja nJWCD;Krajowe saldo wymiany miêdzysystemowej równoleg³ej;Krajowe saldo wymiany miêdzysystemowej nierównoleg³ej
2019-09-06;1;16190,775;10537,800;-0,750;0,000;5151,413;335,025;207,325
2019-09-06;2;15715,688;10649,550;-366,988;0,000;5111,725;176,850;150,500
2019-09-06;3;15444,313;10574,763;-507,263;0,000;5118,700;105,038;153,350
2019-09-06;4;15486,975;10482,913;-480,263;0,000;5268,000;66,838;152,238
2019-09-06;5;15715,250;10754,400;-476,738;0,000;5137,500;136,325;167,338
2019-09-06;6;16163,375;10963,825;-357,250;0,000;5110,350;183,175;269,650
2019-09-06;7;18212,950;12648,075;-149,238;0,000;5109,038;318,088;286,575
2019-09-06;8;20120,563;14485,275;168,613;0,000;4774,525;414,775;448,338
2019-09-06;9;20801,200;14922,713;33,663;0,000;4323,563;710,275;855,538
2019-09-06;10;21016,663;15428,938;-7,075;0,000;4133,675;471,975;993,200
2019-09-06;11;20873,500;15157,150;48,238;0,000;4161,813;545,625;1020,663
2019-09-06;12;21120,325;15190,363;1,150;0,000;4088,750;788,875;1067,813
2019-09-06;13;21151,638;15314,113;63,538;0,000;4069,600;674,188;1102,400
2019-09-06;14;21031,225;15453,738;102,063;0,000;3912,075;596,225;1072,513
2019-09-06;15;20685,425;15206,288;-6,375;0,000;3705,025;553,988;1242,475
2019-09-06;16;20701,813;15330,500;-4,738;0,000;3602,638;531,900;1242,275
2019-09-06;17;20529,725;15339,413;-3,288;0,000;3475,725;733,950;984,013
2019-09-06;18;20324,875;15113,263;-5,013;0,000;3419,700;752,713;1044,013
2019-09-06;19;20228,138;14813,800;-4,175;0,000;3475,188;724,525;1217,900
2019-09-06;20;21225,463;15816,963;19,625;0,000;3574,338;863,788;971,663
2019-09-06;21;21629,275;15897,588;246,600;0,000;3626,463;995,763;1120,788
2019-09-06;22;19894,625;14068,475;168,975;0,000;3616,125;976,713;1252,188
2019-09-06;23;18309,438;12380,675;89,775;0,000;3539,950;1149,688;1256,575
2019-09-06;24;16943,163;10689,588;-4,550;0,000;3541,125;1488,775;1235,800
