Data;Godzina;Krajowe zapotrzebowanie na moc;Sumaryczna generacja JWCD;Generacja PI;Generacja IRZ;Sumaryczna generacja nJWCD;Krajowe saldo wymiany miêdzysystemowej równoleg³ej;Krajowe saldo wymiany miêdzysystemowej nierównoleg³ej
2019-03-16;1;17792,013;7938,838;-7,700;76,050;9845,463;90,438;-73,963
2019-03-16;2;16942,000;7321,775;-147,263;75,900;9908,413;-63,463;-67,225
2019-03-16;3;16650,713;7279,713;-758,688;76,113;10088,825;83,675;-36,200
2019-03-16;4;16624,525;7577,325;-1000,100;75,463;10088,363;12,588;-47,763
2019-03-16;5;16598,750;7730,788;-1011,825;76,575;10010,075;-71,675;-54,950
2019-03-16;6;16656,175;7665,825;-1008,700;74,638;10066,675;-2,013;-62,913
2019-03-16;7;17138,463;7998,625;-890,325;73,500;10065,900;14,575;-46,938
2019-03-16;8;18482,850;8592,825;-101,775;76,663;10109,550;1,663;-81,550
2019-03-16;9;19720,800;9456,713;161,775;77,100;10086,850;-55,000;251,663
2019-03-16;10;20456,613;10022,600;199,275;76,050;10012,675;-2,475;435,825
2019-03-16;11;20826,850;10014,338;196,338;75,150;10037,975;210,238;562,075
2019-03-16;12;20936,975;10410,488;597,550;75,788;10009,450;1,638;527,113
2019-03-16;13;20840,550;10108,538;36,113;75,988;9975,338;223,125;542,038
2019-03-16;14;20631,738;10398,438;76,663;75,463;9741,713;75,650;428,750
2019-03-16;15;20032,975;10175,625;-5,025;75,525;9381,550;58,325;427,550
2019-03-16;16;19599,225;9801,575;-74,075;73,638;8831,500;279,400;765,813
2019-03-16;17;19414,363;9745,363;-8,225;74,613;8106,225;437,100;1129,713
2019-03-16;18;19384,950;10354,938;62,950;73,450;7250,875;444,275;1339,163
2019-03-16;19;20543,300;11680,588;304,188;86,063;6996,250;525,950;1343,413
2019-03-16;20;20744,600;11686,725;335,325;77,150;7204,100;523,450;1337,575
2019-03-16;21;20111,975;10851,138;98,525;73,350;7373,975;557,738;1340,975
2019-03-16;22;18974,350;9604,800;32,500;74,875;7535,363;520,913;1327,638
2019-03-16;23;17811,713;8629,738;21,800;105,675;7559,875;440,188;1203,938
2019-03-16;24;16640,688;8760,313;210,313;163,800;7494,000;71,225;335,000
