Data;Godzina;Krajowe zapotrzebowanie na moc;Sumaryczna generacja JWCD;Generacja PI;Generacja IRZ;Sumaryczna generacja nJWCD;Krajowe saldo wymiany miêdzysystemowej równoleg³ej;Krajowe saldo wymiany miêdzysystemowej nierównoleg³ej
2019-02-27;1;17986,150;10296,413;-196,963;69,663;6953,438;94,225;845,975
2019-02-27;2;17473,900;10109,350;-354,575;69,500;6780,663;112,850;835,988
2019-02-27;3;17209,063;9819,700;-354,263;69,588;6631,425;283,263;835,763
2019-02-27;4;17191,350;9948,963;-353,413;69,500;6533,463;228,163;844,650
2019-02-27;5;17501,538;10359,338;-353,050;69,738;6538,325;372,113;595,388
2019-02-27;6;18436,313;11158,263;-352,238;69,513;6641,863;135,650;858,013
2019-02-27;7;20745,875;12633,400;-53,450;69,638;6748,813;230,138;1179,063
2019-02-27;8;22673,450;14234,800;-10,575;69,675;6954,275;325,013;1170,663
2019-02-27;9;23453,388;14558,863;10,975;69,513;6963,713;640,688;1305,663
2019-02-27;10;23553,725;14801,013;31,338;69,638;6792,588;684,938;1294,125
2019-02-27;11;23183,300;14662,488;150,000;69,650;6658,375;580,638;1297,063
2019-02-27;12;23227,513;14479,950;360,738;69,550;6881,475;555,700;1309,500
2019-02-27;13;23065,638;13977,550;271,925;69,550;7154,650;635,075;1298,950
2019-02-27;14;22951,400;13799,000;354,588;69,550;7293,563;567,200;1299,425
2019-02-27;15;22578,438;13045,563;364,388;69,463;7651,913;582,738;1302,813
2019-02-27;16;22210,688;12744,175;363,613;69,488;7683,675;516,025;1265,438
2019-02-27;17;22219,150;12676,163;351,025;69,588;7923,000;450,563;1175,025
2019-02-27;18;22970,938;12969,100;676,163;69,638;8367,325;498,863;1138,250
2019-02-27;19;23908,238;13393,188;720,838;60,713;8922,088;318,063;1269,488
2019-02-27;20;23834,875;12913,075;716,838;0,000;9385,900;227,275;1308,738
2019-02-27;21;23130,313;12175,425;590,713;0,000;9770,688;184,950;1001,663
2019-02-27;22;21566,300;11013,350;227,213;0,000;9766,000;174,138;622,900
2019-02-27;23;20052,913;10125,988;14,450;0,000;9663,863;22,538;253,550
2019-02-27;24;18849,313;9151,813;-140,925;0,000;9623,763;-11,813;236,775
