Data;Godzina;Krajowe zapotrzebowanie na moc;Sumaryczna generacja JWCD;Generacja PI;Generacja IRZ;Sumaryczna generacja nJWCD;Krajowe saldo wymiany miêdzysystemowej równoleg³ej;Krajowe saldo wymiany miêdzysystemowej nierównoleg³ej
2019-04-05;1;17100,863;8980,088;-267,550;69,800;8042,088;134,163;222,125
2019-04-05;2;16419,263;9108,488;-521,738;69,713;7764,550;-72,138;147,663
2019-04-05;3;16173,538;8981,488;-539,838;69,750;7578,463;5,738;150,013
2019-04-05;4;16078,938;9087,338;-536,613;69,738;7390,188;-25,913;165,175
2019-04-05;5;16351,125;9080,225;-503,675;69,738;7232,438;98,988;445,950
2019-04-05;6;16928,888;8822,925;-406,163;69,738;7175,600;339,375;1006,675
2019-04-05;7;18961,600;10238,650;-57,163;69,675;7224,588;451,775;1111,763
2019-04-05;8;20977,300;12361,163;-6,850;69,700;6911,000;481,375;1226,713
2019-04-05;9;21747,525;13821,700;135,550;69,663;6228,488;469,550;1240,050
2019-04-05;10;21774,138;14305,450;115,550;69,563;5705,513;504,663;1262,650
2019-04-05;11;21509,250;14105,413;98,750;69,613;5539,513;526,038;1349,563
2019-04-05;12;21650,288;14016,500;8,825;69,588;5716,400;585,775;1339,650
2019-04-05;13;21609,688;13771,938;-3,875;69,650;5895,638;622,563;1335,300
2019-04-05;14;21443,100;13551,088;-3,713;69,600;6032,613;536,525;1330,700
2019-04-05;15;21170,800;13200,175;-3,200;69,775;5929,638;713,150;1329,238
2019-04-05;16;21087,088;13225,938;-3,738;30,075;5833,250;703,013;1330,038
2019-04-05;17;20726,113;12896,288;-4,725;0,000;5846,100;644,300;1337,400
2019-04-05;18;20457,713;12501,888;24,675;0,000;5935,263;682,225;1344,938
2019-04-05;19;20314,538;12154,850;128,725;0,000;6156,138;677,913;1342,850
2019-04-05;20;21394,113;12604,500;153,463;0,000;6806,025;651,363;1344,963
2019-04-05;21;21917,025;12523,525;255,963;0,000;7423,525;636,663;1342,263
2019-04-05;22;20592,488;10798,663;333,138;0,000;7693,625;776,213;1338,550
2019-04-05;23;18867,175;9201,838;192,513;0,000;7594,575;748,638;1341,163
2019-04-05;24;17672,175;8483,213;-8,313;0,000;7506,388;566,788;1127,638
