Data;Godzina;Krajowe zapotrzebowanie na moc;Sumaryczna generacja JWCD;Generacja PI;Generacja IRZ;Sumaryczna generacja nJWCD;Krajowe saldo wymiany miêdzysystemowej równoleg³ej;Krajowe saldo wymiany miêdzysystemowej nierównoleg³ej
2019-08-30;1;17206,775;12976,175;-31,638;199,988;3489,125;388,638;386,875
2019-08-30;2;16600,575;13112,900;-249,125;198,400;3553,838;13,375;175,038
2019-08-30;3;16224,975;12699,713;-269,163;199,700;3632,550;-4,788;171,363
2019-08-30;4;16245,863;12669,113;-268,725;198,588;3653,900;22,675;169,888
2019-08-30;5;16450,250;12915,488;-269,625;199,950;3660,375;-23,050;168,725
2019-08-30;6;16709,300;13026,288;-248,363;199,375;3631,225;38,038;272,513
2019-08-30;7;18743,638;14603,338;-29,000;198,525;3712,250;304,275;160,013
2019-08-30;8;20753,188;16256,038;-3,025;198,525;3650,325;749,600;108,063
2019-08-30;9;21987,650;17252,863;-3,038;200,875;3484,138;801,650;458,938
2019-08-30;10;22618,738;17777,075;21,563;198,088;3436,825;773,713;643,563
2019-08-30;11;22780,713;17878,888;22,725;198,013;3498,175;757,550;661,088
2019-08-30;12;23129,663;18139,063;143,500;200,625;3598,913;750,775;651,338
2019-08-30;13;23299,063;18186,963;207,550;201,200;3665,588;808,988;653,425
2019-08-30;14;23327,438;18230,100;182,575;200,525;3694,475;767,013;651,850
2019-08-30;15;23014,513;17910,163;2,063;201,813;3688,813;769,438;649,413
2019-08-30;16;22751,125;17676,638;-70,663;200,550;3725,013;824,450;651,425
2019-08-30;17;22358,288;17355,775;-37,188;130,325;3702,475;707,838;649,325
2019-08-30;18;22012,638;16941,363;-5,250;121,288;3644,325;788,000;643,263
2019-08-30;19;21759,388;16737,750;-73,063;121,800;3600,725;822,400;672,138
2019-08-30;20;22018,975;16853,513;-5,688;121,313;3598,113;925,350;652,300
2019-08-30;21;22578,100;17151,500;47,400;104,600;3809,913;983,175;651,538
2019-08-30;22;21099,313;15656,438;2,400;0,000;3867,625;944,388;646,200
2019-08-30;23;19489,963;13874,000;-3,350;0,000;3924,225;1045,413;654,400
2019-08-30;24;18163,650;12677,563;-7,550;0,000;3942,450;897,425;661,238
