Data;Godzina;Krajowe zapotrzebowanie na moc;Sumaryczna generacja JWCD;Generacja PI;Generacja IRZ;Sumaryczna generacja nJWCD;Krajowe saldo wymiany miêdzysystemowej równoleg³ej;Krajowe saldo wymiany miêdzysystemowej nierównoleg³ej
2019-07-17;1;16273,725;11221,213;-117,550;0,000;4716,825;180,100;280,238
2019-07-17;2;15743,063;11370,100;-574,150;0,000;4771,338;64,925;111,775
2019-07-17;3;15328,938;11380,988;-982,113;0,000;4892,413;-52,625;99,338
2019-07-17;4;15382,300;11385,088;-985,875;0,000;4817,988;43,925;126,600
2019-07-17;5;15025,400;11371,900;-983,213;0,000;4584,125;-72,500;133,800
2019-07-17;6;15357,988;11555,938;-860,450;0,000;4490,888;46,613;135,250
2019-07-17;7;17491,200;12618,525;-131,675;0,000;4355,113;218,150;437,988
2019-07-17;8;19500,488;14295,138;-6,575;0,000;4250,788;355,375;605,700
2019-07-17;9;20428,613;14721,988;-4,475;0,000;4381,463;454,350;878,538
2019-07-17;10;20873,688;15006,113;-6,175;0,000;4496,863;469,588;907,938
2019-07-17;11;20972,975;14957,850;11,625;0,000;4657,550;432,613;933,200
2019-07-17;12;21335,175;15036,488;41,000;0,000;4850,450;462,800;986,463
2019-07-17;13;21410,500;15219,013;44,263;0,000;4860,225;386,825;952,013
2019-07-17;14;21397,425;15538,350;26,588;0,000;4619,413;384,600;866,075
2019-07-17;15;20992,775;15316,550;-1,513;0,000;4395,913;360,063;932,025
2019-07-17;16;20920,325;15414,050;-4,750;0,000;4255,000;403,513;854,713
2019-07-17;17;20627,175;15048,238;-4,388;0,000;4166,525;557,775;856,563
2019-07-17;18;20353,688;14704,100;-3,938;0,000;4004,213;779,338;860,538
2019-07-17;19;20085,625;14725,400;-3,063;0,000;3872,138;543,000;944,563
2019-07-17;20;20299,225;15216,938;-3,613;0,000;3730,013;379,875;971,863
2019-07-17;21;20307,675;14994,013;14,963;0,000;3659,888;709,125;936,588
2019-07-17;22;20232,013;14759,413;-0,375;0,000;3610,463;903,850;957,163
2019-07-17;23;19082,675;13402,900;-4,675;0,000;3569,488;933,913;1186,238
2019-07-17;24;17639,788;11995,088;-7,325;0,000;3515,850;937,250;1194,813
