Data;Godzina;Krajowe zapotrzebowanie na moc;Sumaryczna generacja JWCD;Generacja PI;Generacja IRZ;Sumaryczna generacja nJWCD;Krajowe saldo wymiany miêdzysystemowej równoleg³ej;Krajowe saldo wymiany miêdzysystemowej nierównoleg³ej
2019-10-08;1;17557,288;10170,213;-9,225;0,000;5774,413;824,250;809,550
2019-10-08;2;17024,188;10005,188;-26,813;0,000;6061,650;437,738;559,388
2019-10-08;3;16667,613;9846,138;-261,888;0,000;6422,463;261,175;405,000
2019-10-08;4;16688,288;9795,025;-334,513;0,000;6597,075;244,088;395,238
2019-10-08;5;16883,175;9538,388;-333,863;0,000;6762,800;406,725;520,825
2019-10-08;6;17758,250;9964,913;-249,700;0,000;6778,213;601,413;675,588
2019-10-08;7;20508,275;12841,788;-79,900;0,000;6968,325;515,113;270,325
2019-10-08;8;22290,700;14368,888;156,863;0,000;7160,900;695,650;74,113
2019-10-08;9;23139,250;15291,325;185,463;0,000;7084,300;541,963;223,463
2019-10-08;10;23307,138;15504,825;176,875;0,000;6761,363;655,550;397,125
2019-10-08;11;23070,388;14895,600;9,838;0,000;6713,525;1173,850;298,700
2019-10-08;12;23426,550;15172,000;-8,288;0,000;6904,575;1042,188;322,113
2019-10-08;13;23345,850;15091,750;-8,213;0,000;7102,313;789,163;384,225
2019-10-08;14;23373,800;14892,800;-8,113;0,000;7336,413;780,938;386,600
2019-10-08;15;22948,750;14343,575;-7,463;0,000;7685,000;538,138;403,563
2019-10-08;16;22915,588;13878,325;-5,275;0,000;8049,938;571,563;428,575
2019-10-08;17;22676,988;13690,925;-3,800;0,000;8253,625;458,975;292,225
2019-10-08;18;22773,075;13737,400;183,663;0,000;8333,950;524,750;183,663
2019-10-08;19;23558,038;14483,475;284,000;0,000;8495,413;640,650;-57,288
2019-10-08;20;23895,863;14468,288;437,913;0,000;8498,675;774,450;159,488
2019-10-08;21;23174,150;13254,338;406,488;0,000;8264,875;811,888;860,425
2019-10-08;22;21563,138;12387,413;258,075;0,000;7876,463;607,563;705,863
2019-10-08;23;19935,063;11549,750;-8,713;0,000;7574,013;314,850;514,313
2019-10-08;24;18667,775;11065,088;-7,600;0,000;7346,400;6,750;269,763
