Data;Godzina;Krajowe zapotrzebowanie na moc;Sumaryczna generacja JWCD;Generacja PI;Generacja IRZ;Sumaryczna generacja nJWCD;Krajowe saldo wymiany miêdzysystemowej równoleg³ej;Krajowe saldo wymiany miêdzysystemowej nierównoleg³ej
2019-09-05;1;16291,788;10349,675;-415,300;0,000;5775,350;321,050;267,000
2019-09-05;2;15817,688;10683,388;-594,838;0,000;5590,525;-6,850;147,538
2019-09-05;3;15534,088;10603,225;-593,475;0,000;5379,100;3,950;142,613
2019-09-05;4;15549,750;10700,125;-530,750;0,000;5208,750;29,438;146,313
2019-09-05;5;15702,588;10581,825;-321,288;0,000;5181,975;65,375;203,838
2019-09-05;6;16126,225;10592,488;-141,950;0,000;4996,075;274,350;404,738
2019-09-05;7;18185,350;12558,838;-22,050;0,000;4932,538;449,163;268,625
2019-09-05;8;20187,888;14281,275;-3,688;0,000;4744,750;808,013;359,175
2019-09-05;9;21000,788;15489,838;-3,638;0,000;4152,638;800,613;564,838
2019-09-05;10;21172,938;15858,000;-3,625;0,000;3999,913;429,750;895,663
2019-09-05;11;21040,350;15552,625;-3,475;0,000;4109,300;462,738;921,213
2019-09-05;12;21435,425;15698,250;13,725;0,000;4318,338;361,588;1067,750
2019-09-05;13;21530,200;15587,413;95,463;0,000;4358,388;571,550;1021,800
2019-09-05;14;21425,988;15511,813;211,563;0,000;4504,463;529,275;898,163
2019-09-05;15;21103,088;14879,363;140,625;0,000;4479,888;538,425;1218,963
2019-09-05;16;21015,438;14680,500;159,663;0,000;4569,913;541,675;1239,263
2019-09-05;17;20827,788;14501,163;126,688;0,000;4806,138;413,700;1122,938
2019-09-05;18;20578,738;13864,800;127,163;0,000;5132,400;351,875;1238,738
2019-09-05;19;20485,988;13541,950;139,875;0,000;5335,075;378,150;1236,925
2019-09-05;20;21473,000;14847,638;312,013;0,000;5269,750;514,513;851,500
2019-09-05;21;21982,375;14757,263;349,200;0,000;5262,275;761,663;1214,700
2019-09-05;22;20187,400;12955,575;261,050;0,000;5137,625;859,713;1253,450
2019-09-05;23;18350,963;11079,463;9,513;0,000;5134,500;931,100;1223,038
2019-09-05;24;17108,713;10440,100;-6,563;0,000;5155,713;709,988;815,838
