Data;Godzina;Krajowe zapotrzebowanie na moc;Sumaryczna generacja JWCD;Generacja PI;Generacja IRZ;Sumaryczna generacja nJWCD;Krajowe saldo wymiany miêdzysystemowej równoleg³ej;Krajowe saldo wymiany miêdzysystemowej nierównoleg³ej
2019-10-25;1;17021,000;9246,188;-252,888;0,000;5820,938;1019,875;1193,588
2019-10-25;2;16454,575;9293,313;-319,350;0,000;5722,463;783,600;985,013
2019-10-25;3;16158,400;9802,450;-658,200;0,000;5576,888;666,825;777,525
2019-10-25;4;16115,850;10082,888;-824,525;0,000;5547,300;483,275;835,988
2019-10-25;5;16567,163;9863,988;-869,838;0,000;5696,025;792,325;1088,625
2019-10-25;6;17429,050;10769,138;-766,213;0,000;5816,213;301,288;1320,000
2019-10-25;7;20291,900;13191,238;-134,950;0,000;5745,850;162,613;1342,913
2019-10-25;8;21827,300;14440,088;-14,200;0,000;5686,650;362,150;1347,175
2019-10-25;9;22523,813;14980,650;-6,538;0,000;5689,763;604,413;1266,050
2019-10-25;10;22621,475;15152,250;-4,050;0,000;5533,950;643,825;1309,013
2019-10-25;11;22203,100;14981,738;28,663;0,000;5376,625;511,950;1355,088
2019-10-25;12;22300,675;15176,238;31,688;0,000;5426,900;354,263;1362,325
2019-10-25;13;22277,413;14537,300;117,063;0,000;5700,288;698,725;1347,813
2019-10-25;14;22267,463;14302,225;249,825;0,000;5819,113;818,763;1346,275
2019-10-25;15;21857,813;13852,113;321,600;0,000;5917,150;755,663;1343,463
2019-10-25;16;21698,475;13590,388;223,613;0,000;5837,700;938,900;1344,225
2019-10-25;17;21524,675;13772,100;103,875;0,000;5587,625;836,938;1341,025
2019-10-25;18;22162,463;14152,825;3,625;0,000;5616,413;1050,438;1350,400
2019-10-25;19;23319,300;15403,838;-6,263;0,000;5897,225;669,825;1364,650
2019-10-25;20;23372,425;15260,463;134,763;0,000;5938,925;829,988;1367,450
2019-10-25;21;22513,338;14605,425;225,925;0,000;5911,675;652,750;1367,175
2019-10-25;22;20982,288;13004,713;175,088;0,000;5789,725;862,288;1350,550
2019-10-25;23;19224,663;11610,788;157,563;0,000;5447,413;837,313;1347,325
2019-10-25;24;17958,950;10702,363;43,863;0,000;5285,463;643,225;1347,625
