Data;Godzina;Krajowe zapotrzebowanie na moc;Sumaryczna generacja JWCD;Generacja PI;Generacja IRZ;Sumaryczna generacja nJWCD;Krajowe saldo wymiany miêdzysystemowej równoleg³ej;Krajowe saldo wymiany miêdzysystemowej nierównoleg³ej
2019-03-26;1;17394,900;9533,488;-12,425;146,925;6670,675;372,288;837,813
2019-03-26;2;16851,538;9554,375;-11,650;146,825;6823,075;112,838;378,375
2019-03-26;3;16606,713;9557,425;-143,050;146,150;6809,200;132,225;256,613
2019-03-26;4;16705,488;9797,850;-336,788;148,225;6864,988;134,925;247,450
2019-03-26;5;16890,338;9932,813;-275,125;146,113;6979,100;-7,275;269,625
2019-03-26;6;17250,163;9657,550;-146,700;148,450;7345,813;14,600;395,038
2019-03-26;7;19671,225;10554,200;-24,063;146,288;8008,563;310,225;830,100
2019-03-26;8;21720,113;11205,788;-6,850;150,038;8693,788;519,613;1307,025
2019-03-26;9;22661,488;11712,438;292,825;177,000;9038,825;589,688;1345,538
2019-03-26;10;22888,713;11664,813;521,938;177,888;9395,425;501,413;1351,338
2019-03-26;11;22834,688;11264,300;208,438;176,713;9782,050;447,200;1351,488
2019-03-26;12;23124,638;11365,475;64,213;177,588;10032,450;393,763;1345,588
2019-03-26;13;23292,225;11365,913;-4,363;175,238;10067,825;512,600;1351,713
2019-03-26;14;23208,750;11374,700;-6,763;177,863;9970,275;515,313;1356,413
2019-03-26;15;22633,363;10928,838;-6,963;176,225;9901,038;464,313;1344,775
2019-03-26;16;22389,138;10823,538;-7,263;176,975;9706,088;520,175;1347,188
2019-03-26;17;22291,438;10768,100;-6,800;176,875;9431,000;743,563;1354,113
2019-03-26;18;22307,775;11395,363;145,988;177,575;8956,700;712,200;1255,313
2019-03-26;19;23203,438;12507,738;260,475;176,975;8609,488;753,100;1341,563
2019-03-26;20;23876,775;13571,438;456,800;178,788;8310,950;647,738;1355,863
2019-03-26;21;23329,513;12981,088;254,500;177,250;8218,413;782,488;1353,088
2019-03-26;22;21655,288;11640,175;16,663;150,475;7895,038;786,400;1345,863
2019-03-26;23;19974,963;10400,863;-8,788;149,038;7408,750;840,013;1346,000
2019-03-26;24;18606,575;9578,713;-11,600;149,025;7040,825;765,100;1242,263
