Data;Godzina;Krajowe zapotrzebowanie na moc;Sumaryczna generacja JWCD;Generacja PI;Generacja IRZ;Sumaryczna generacja nJWCD;Krajowe saldo wymiany miêdzysystemowej równoleg³ej;Krajowe saldo wymiany miêdzysystemowej nierównoleg³ej
2019-12-28;1;15492,550;6836,063;-210,775;0,000;8706,700;115,650;53,700
2019-12-28;2;14890,700;7263,163;-422,775;0,000;8732,350;-302,013;-376,325
2019-12-28;3;14559,750;7088,175;-568,363;0,000;8567,863;125,763;-651,888
2019-12-28;4;14397,588;7054,663;-721,675;0,000;8676,500;-46,938;-563,675
2019-12-28;5;14554,213;6820,475;-720,088;0,000;8860,338;58,350;-461,175
2019-12-28;6;14950,625;7248,650;-431,088;0,000;8685,538;-90,575;-458,850
2019-12-28;7;15826,975;7685,825;-146,325;0,000;8577,113;-2,550;-288,763
2019-12-28;8;16484,438;7781,088;-17,638;0,000;8496,963;45,175;183,625
2019-12-28;9;17282,963;7773,813;-9,688;0,000;8374,025;389,000;753,638
2019-12-28;10;18551,438;8338,775;-9,538;0,000;8271,988;888,688;1055,375
2019-12-28;11;19328,638;8842,350;10,325;0,000;8056,725;1261,913;1172,325
2019-12-28;12;19576,325;9113,463;13,088;0,000;7879,163;1251,200;1340,000
2019-12-28;13;19649,950;9502,225;-4,763;0,000;7785,913;1038,263;1333,525
2019-12-28;14;19769,788;9483,763;-7,525;0,000;7685,575;1277,563;1332,850
2019-12-28;15;19595,938;9249,438;-7,300;0,000;7592,563;1424,350;1337,825
2019-12-28;16;19747,813;9358,375;10,888;0,000;7619,963;1435,613;1336,463
2019-12-28;17;20435,200;9567,675;34,913;0,000;7595,463;1928,225;1349,863
2019-12-28;18;20395,925;9586,675;38,288;0,000;7463,563;1998,288;1351,263
2019-12-28;19;20105,750;9511,525;-1,813;0,000;7362,550;1897,200;1344,675
2019-12-28;20;19918,663;9456,813;-7,325;0,000;7167,050;1954,725;1349,875
2019-12-28;21;19444,975;9133,038;-7,338;0,000;7065,838;1922,850;1334,375
2019-12-28;22;18486,363;8402,088;-9,338;0,000;6963,700;1795,825;1334,200
2019-12-28;23;17512,988;7842,725;-13,000;0,000;6791,900;1561,013;1337,050
2019-12-28;24;16424,688;7144,963;-126,675;0,000;6685,975;1406,925;1316,238
