Data;Godzina;Krajowe zapotrzebowanie na moc;Sumaryczna generacja JWCD;Generacja PI;Generacja IRZ;Sumaryczna generacja nJWCD;Krajowe saldo wymiany miêdzysystemowej równoleg³ej;Krajowe saldo wymiany miêdzysystemowej nierównoleg³ej
2019-11-02;1;14058,900;7431,913;-110,250;0,000;8102,613;-633,075;-722,413
2019-11-02;2;13691,863;7907,613;-581,575;0,000;7970,388;-862,475;-733,763
2019-11-02;3;13600,200;7810,500;-605,563;0,000;8032,175;-902,238;-721,375
2019-11-02;4;13539,950;7471,813;-603,513;0,000;8066,150;-664,238;-724,925
2019-11-02;5;13737,963;7269,650;-508,138;0,000;8079,213;-345,875;-747,700
2019-11-02;6;14273,588;7666,288;-456,975;0,000;8023,650;-228,338;-726,250
2019-11-02;7;15109,088;7713,525;-286,713;0,000;7983,475;-56,400;-244,375
2019-11-02;8;16047,100;7881,900;-79,250;0,000;7921,013;82,563;256,188
2019-11-02;9;17256,300;8691,363;-6,388;0,000;7840,275;303,988;434,200
2019-11-02;10;18024,963;9080,613;-5,813;0,000;7802,350;532,113;624,625
2019-11-02;11;18265,738;9038,900;10,625;0,000;7740,350;761,613;737,725
2019-11-02;12;18426,175;9140,375;-3,150;0,000;7668,950;887,475;746,900
2019-11-02;13;18455,500;9299,563;-3,925;0,000;7603,450;819,375;749,200
2019-11-02;14;18566,075;9525,475;-2,575;0,000;7529,688;769,975;750,400
2019-11-02;15;18384,238;9339,188;-4,800;0,000;7529,138;780,938;746,800
2019-11-02;16;18245,325;9151,275;-3,275;0,000;7591,400;757,213;745,538
2019-11-02;17;19034,000;9702,913;114,075;0,000;7809,375;789,950;745,175
2019-11-02;18;19560,313;9948,700;348,913;0,000;8036,413;836,775;748,438
2019-11-02;19;19389,925;9603,700;336,375;0,000;8195,025;857,288;747,575
2019-11-02;20;19182,538;9290,250;336,913;0,000;8295,313;881,463;730,250
2019-11-02;21;18513,263;8411,350;317,688;0,000;8205,138;789,813;1117,238
2019-11-02;22;17489,863;8010,288;6,363;0,000;7955,225;520,175;1023,563
2019-11-02;23;16500,163;7774,863;-11,500;0,000;7648,713;357,838;741,188
2019-11-02;24;15523,438;7700,513;-83,150;0,000;7329,175;152,325;433,025
