Data;Godzina;Krajowe zapotrzebowanie na moc;Sumaryczna generacja JWCD;Generacja PI;Generacja IRZ;Sumaryczna generacja nJWCD;Krajowe saldo wymiany miêdzysystemowej równoleg³ej;Krajowe saldo wymiany miêdzysystemowej nierównoleg³ej
2019-06-29;1;16538,238;10360,688;-11,513;0,000;3777,063;1136,138;1282,150
2019-06-29;2;15798,513;9916,788;-11,338;0,000;3621,425;1043,088;1231,488
2019-06-29;3;15249,275;9995,175;-11,400;0,000;3533,725;734,263;1003,138
2019-06-29;4;15151,275;10369,975;-139,500;0,000;3559,825;617,388;747,638
2019-06-29;5;14727,750;10640,738;-352,713;0,000;3719,100;239,763;485,550
2019-06-29;6;14489,525;10063,400;-88,075;0,000;3736,925;224,125;567,613
2019-06-29;7;15546,713;10576,413;-6,663;0,000;3529,488;580,913;868,188
2019-06-29;8;16897,788;11384,688;-6,163;0,000;3250,575;1017,738;1252,475
2019-06-29;9;18161,038;12342,500;20,175;0,000;3465,363;1073,725;1285,163
2019-06-29;10;19023,850;12679,563;24,063;0,000;3876,400;1192,988;1284,575
2019-06-29;11;19256,363;12500,888;45,350;0,000;4270,750;1205,913;1284,813
2019-06-29;12;19456,150;12492,425;47,825;0,000;4421,200;1273,238;1284,350
2019-06-29;13;19260,313;12458,575;47,938;0,000;4535,275;986,500;1285,700
2019-06-29;14;18968,775;12173,363;3,450;0,000;4499,288;1025,563;1284,450
2019-06-29;15;18396,438;11634,550;-2,488;0,000;4490,600;986,688;1283,113
2019-06-29;16;18163,675;11373,713;-2,963;0,000;4522,913;999,325;1267,425
2019-06-29;17;17967,675;11215,163;47,813;0,000;4583,988;889,125;1280,788
2019-06-29;18;17828,988;11129,525;523,713;0,000;4453,763;963,963;1283,475
2019-06-29;19;17697,025;11256,563;781,700;0,000;4164,525;990,800;1283,763
2019-06-29;20;17830,450;11855,488;881,188;0,000;3710,350;977,400;1283,075
2019-06-29;21;17687,688;11912,425;444,338;0,000;3556,988;938,313;1284,400
2019-06-29;22;17844,900;11854,025;327,900;0,000;3640,000;1062,463;1285,013
2019-06-29;23;17389,900;11444,550;128,900;0,000;3696,738;993,450;1267,563
2019-06-29;24;16209,738;10593,763;-4,800;0,000;3752,238;822,200;1052,663
