Data;Godzina;Krajowe zapotrzebowanie na moc;Sumaryczna generacja JWCD;Generacja PI;Generacja IRZ;Sumaryczna generacja nJWCD;Krajowe saldo wymiany miêdzysystemowej równoleg³ej;Krajowe saldo wymiany miêdzysystemowej nierównoleg³ej
2019-08-03;1;15825,325;11013,525;-9,925;0,000;3157,188;997,263;667,938
2019-08-03;2;15078,400;10325,138;-10,113;0,000;3146,088;968,463;646,163
2019-08-03;3;14678,275;9887,363;-9,713;0,000;3109,575;1026,550;659,913
2019-08-03;4;14551,575;9849,763;-9,925;0,000;3067,588;986,088;655,675
2019-08-03;5;14389,600;9760,738;-10,938;0,000;3099,975;906,713;630,450
2019-08-03;6;13975,188;9453,025;-10,513;0,000;3167,263;779,650;585,025
2019-08-03;7;14864,413;9988,325;-10,475;0,000;3201,188;1024,638;658,063
2019-08-03;8;16200,513;11436,825;-10,288;0,000;3066,138;1046,975;657,863
2019-08-03;9;17372,013;12636,838;-8,325;0,000;3110,763;973,575;657,088
2019-08-03;10;18204,700;13388,088;-6,388;0,000;3192,913;967,625;662,488
2019-08-03;11;18559,725;13630,463;20,088;0,000;3288,038;986,500;659,300
2019-08-03;12;18654,688;13609,375;24,188;0,000;3362,013;1020,713;665,100
2019-08-03;13;18505,763;13439,613;15,125;0,000;3415,850;995,525;656,525
2019-08-03;14;18191,238;13015,400;13,750;0,000;3534,688;989,738;657,588
2019-08-03;15;17673,363;12347,138;-4,363;0,000;3673,725;998,738;657,363
2019-08-03;16;17481,588;12141,188;-6,200;0,000;3696,150;982,500;663,538
2019-08-03;17;17331,925;11787,175;-6,475;0,000;3795,938;1092,000;664,175
2019-08-03;18;17112,688;11618,300;-6,463;0,000;3824,663;996,313;677,750
2019-08-03;19;17000,100;11715,100;-6,538;0,000;3664,963;962,150;662,675
2019-08-03;20;17189,100;11997,875;-6,338;0,000;3458,413;1083,163;652,363
2019-08-03;21;17368,900;12144,625;11,525;0,000;3539,750;1028,050;657,563
2019-08-03;22;17452,113;12331,525;-5,075;0,000;3455,025;1028,188;653,638
2019-08-03;23;16435,775;11348,675;-4,050;0,000;3383,575;1052,950;661,900
2019-08-03;24;15193,100;10411,513;-9,425;0,000;3331,750;799,088;665,350
