Data;Godzina;Krajowe zapotrzebowanie na moc;Sumaryczna generacja JWCD;Generacja PI;Generacja IRZ;Sumaryczna generacja nJWCD;Krajowe saldo wymiany miêdzysystemowej równoleg³ej;Krajowe saldo wymiany miêdzysystemowej nierównoleg³ej
2019-11-08;1;17481,625;9540,825;-145,350;429,988;6411,813;1171,275;512,463
2019-11-08;2;16964,450;9804,038;-257,563;428,775;6339,875;612,888;467,600
2019-11-08;3;16625,325;9905,800;-324,850;429,525;6293,663;404,413;352,238
2019-11-08;4;16684,113;9834,763;-325,413;379,263;6311,525;459,825;409,713
2019-11-08;5;16940,975;9786,225;-273,638;251,525;6260,000;680,300;493,413
2019-11-08;6;17818,575;10092,300;-29,088;250,088;6284,538;800,563;675,888
2019-11-08;7;20409,875;11718,313;-6,350;125,738;6364,713;1489,488;838,275
2019-11-08;8;22200,838;13803,788;-3,650;70,100;6416,138;1419,425;566,788
2019-11-08;9;23083,500;14440,988;-2,763;70,250;6426,163;1657,363;557,263
2019-11-08;10;23113,325;14273,175;15,563;70,125;6136,800;1616,775;1092,925
2019-11-08;11;22944,850;14204,700;20,625;70,300;5915,588;1678,250;1153,675
2019-11-08;12;23126,138;14506,800;178,050;70,225;5805,388;1666,250;1155,688
2019-11-08;13;23207,225;14583,913;148,375;70,088;5828,513;1677,500;1134,600
2019-11-08;14;23173,063;14711,525;94,963;71,363;5920,850;1698,025;849,013
2019-11-08;15;22924,863;14022,325;181,400;89,338;6297,075;1642,600;976,638
2019-11-08;16;22915,625;14131,163;-6,563;101,213;6656,738;1447,013;686,638
2019-11-08;17;23802,825;15050,163;-6,500;74,913;7111,025;1162,638;481,138
2019-11-08;18;24079,425;15663,275;64,688;60,650;7351,825;745,113;333,100
2019-11-08;19;23640,925;15586,000;21,550;0,000;7230,913;322,425;517,400
2019-11-08;20;23437,525;14268,363;-3,913;0,000;7096,938;965,238;1122,713
2019-11-08;21;22621,475;13512,438;-6,775;0,000;6982,363;997,800;1156,588
2019-11-08;22;21114,325;12041,713;-7,050;0,000;6658,125;1274,625;1156,013
2019-11-08;23;19522,288;10644,538;-9,675;0,000;6302,488;1488,613;1110,163
2019-11-08;24;18322,975;10371,738;-9,775;0,000;6138,850;1038,375;793,088
