Data;Godzina;Krajowe zapotrzebowanie na moc;Sumaryczna generacja JWCD;Generacja PI;Generacja IRZ;Sumaryczna generacja nJWCD;Krajowe saldo wymiany miêdzysystemowej równoleg³ej;Krajowe saldo wymiany miêdzysystemowej nierównoleg³ej
2019-01-15;1;18381,638;9282,050;-1052,975;25,688;10620,925;-18,663;-440,100
2019-01-15;2;17844,425;9652,863;-1530,713;44,225;10579,425;12,525;-853,438
2019-01-15;3;17537,875;9311,800;-1523,425;62,975;10661,425;-6,100;-888,875
2019-01-15;4;17562,675;9269,550;-1503,938;68,963;10717,588;18,763;-924,138
2019-01-15;5;17869,563;9446,425;-1317,325;69,975;10762,650;-82,313;-923,800
2019-01-15;6;18692,163;9899,413;-823,475;70,188;10757,775;-141,150;-987,813
2019-01-15;7;21466,050;11227,313;-57,338;70,200;10790,700;-37,288;-442,563
2019-01-15;8;23442,400;13875,125;14,338;69,975;10698,550;-793,588;-323,038
2019-01-15;9;24217,350;14139,425;14,363;70,088;10601,013;-394,913;-115,463
2019-01-15;10;24481,213;14300,375;32,925;70,163;10421,488;-446,150;230,500
2019-01-15;11;24456,338;14212,338;35,300;70,300;10351,613;-364,150;285,825
2019-01-15;12;24799,488;14521,250;16,188;70,025;10017,238;-38,025;320,550
2019-01-15;13;24903,438;14788,513;125,613;70,200;9803,775;28,163;308,050
2019-01-15;14;25033,300;15075,713;310,325;70,150;9590,000;55,825;323,838
2019-01-15;15;24533,588;14719,288;190,900;70,188;9368,100;195,775;263,675
2019-01-15;16;24216,700;14658,375;480,938;70,225;9281,650;77,650;209,575
2019-01-15;17;25041,838;15023,263;682,388;70,138;9281,100;226,463;527,738
2019-01-15;18;25264,463;14797,225;781,950;70,150;9641,300;242,013;593,663
2019-01-15;19;24824,663;13700,563;696,375;70,138;10026,650;280,388;827,650
2019-01-15;20;24579,663;13198,363;636,750;70,200;10119,963;304,463;974,463
2019-01-15;21;23842,650;12308,075;623,988;70,138;10379,413;110,088;1056,988
2019-01-15;22;22297,400;10531,313;297,313;70,063;10585,963;39,900;1158,675
2019-01-15;23;20835,238;9975,713;3,138;70,025;10624,638;168,000;86,763
2019-01-15;24;19489,050;9805,263;-46,425;70,113;10437,713;124,850;-809,938
