Data;Godzina;Krajowe zapotrzebowanie na moc;Sumaryczna generacja JWCD;Generacja PI;Generacja IRZ;Sumaryczna generacja nJWCD;Krajowe saldo wymiany miêdzysystemowej równoleg³ej;Krajowe saldo wymiany miêdzysystemowej nierównoleg³ej
2019-07-27;1;16288,275;10086,025;-6,300;0,000;4452,525;694,163;1062,963
2019-07-27;2;15485,163;10114,725;-56,200;0,000;4409,100;318,300;700,850
2019-07-27;3;15136,050;10247,600;-135,638;0,000;4324,288;207,813;489,663
2019-07-27;4;14967,613;10414,413;-257,350;0,000;4240,800;168,338;398,313
2019-07-27;5;14634,563;10463,488;-243,763;0,000;4201,350;-4,200;215,600
2019-07-27;6;14239,013;10222,200;-341,125;0,000;4211,425;-55,813;199,213
2019-07-27;7;15226,800;10651,888;-105,313;0,000;3945,450;280,213;490,025
2019-07-27;8;16687,538;11922,463;33,200;0,000;3516,063;440,538;817,275
2019-07-27;9;17647,700;12239,775;-6,463;0,000;3514,438;665,563;1236,550
2019-07-27;10;18631,500;12673,538;20,288;0,000;3875,838;814,375;1270,725
2019-07-27;11;18845,763;12487,388;43,688;0,000;4351,263;745,413;1272,325
2019-07-27;12;19138,650;12514,550;47,825;0,000;4541,888;811,213;1272,138
2019-07-27;13;19194,150;12511,350;3,663;0,000;4586,725;817,313;1271,513
2019-07-27;14;18751,013;12237,275;-2,950;0,000;4507,063;730,988;1271,500
2019-07-27;15;18215,575;11683,250;-2,863;0,000;4473,563;785,238;1272,738
2019-07-27;16;18098,463;11088,813;11,263;0,000;4977,700;765,150;1270,463
2019-07-27;17;17708,125;10749,238;219,638;0,000;4973,563;725,288;1264,075
2019-07-27;18;17505,713;10901,613;408,050;0,000;4803,138;719,150;1087,550
2019-07-27;19;17439,963;10867,363;479,975;0,000;4744,963;770,225;1062,888
2019-07-27;20;17473,275;10852,038;544,950;0,000;4846,063;716,063;1059,075
2019-07-27;21;17633,113;10730,500;440,913;0,000;4932,288;805,950;1167,125
2019-07-27;22;17739,738;10984,075;379,725;0,000;4755,388;781,738;1227,850
2019-07-27;23;16862,600;10788,575;11,825;0,000;5053,400;540,900;500,538
2019-07-27;24;15753,788;9677,900;-9,850;0,000;5212,300;488,038;396,163
