Data;Godzina;Krajowe zapotrzebowanie na moc;Sumaryczna generacja JWCD;Generacja PI;Generacja IRZ;Sumaryczna generacja nJWCD;Krajowe saldo wymiany miêdzysystemowej równoleg³ej;Krajowe saldo wymiany miêdzysystemowej nierównoleg³ej
2019-09-08;1;14218,088;8827,863;-9,450;0,000;3376,913;837,800;1187,300
2019-09-08;2;13714,888;8957,738;-9,988;0,000;3283,413;726,963;757,188
2019-09-08;3;13390,850;9037,113;-9,688;0,000;3198,988;590,225;576,963
2019-09-08;4;13230,188;9076,450;-10,250;0,000;3153,063;494,675;519,663
2019-09-08;5;13247,400;9226,688;-10,125;0,000;3090,863;447,125;492,800
2019-09-08;6;13097,350;9004,188;-11,238;0,000;3103,275;487,763;518,588
2019-09-08;7;12985,338;8800,163;-178,650;0,000;3131,825;593,588;640,288
2019-09-08;8;13620,125;8538,975;-305,313;0,000;3150,225;1200,788;1038,413
2019-09-08;9;14666,263;9440,463;-25,613;0,000;3110,875;1388,700;755,750
2019-09-08;10;15533,000;10460,838;-2,700;0,000;3090,163;1123,988;865,638
2019-09-08;11;15966,638;11043,175;-2,613;0,000;3113,063;838,675;977,988
2019-09-08;12;16166,238;11109,625;12,713;0,000;3023,950;1017,400;1021,413
2019-09-08;13;16186,788;10905,750;136,725;0,000;2952,313;1227,275;1111,050
2019-09-08;14;16187,963;10907,800;84,588;0,000;3002,238;1126,575;1166,438
2019-09-08;15;15784,150;10599,313;-2,613;0,000;3052,950;1093,988;1043,725
2019-09-08;16;15453,775;10186,975;-2,563;0,000;3138,538;1135,225;997,663
2019-09-08;17;15264,338;9996,788;-2,513;0,000;3202,413;1052,150;1015,288
2019-09-08;18;15415,450;10095,413;-2,700;0,000;3147,775;1082,688;1087,238
2019-09-08;19;15844,613;10462,550;-2,675;0,000;3183,463;1111,050;1086,138
2019-09-08;20;17001,438;11343,950;1,513;0,000;3209,500;1551,863;948,600
2019-09-08;21;17424,638;11249,988;106,375;0,000;3303,125;1738,450;1147,325
2019-09-08;22;16470,675;10339,288;79,613;0,000;3400,313;1679,138;1065,613
2019-09-08;23;15575,225;9821,463;-3,138;0,000;3475,050;1484,038;806,275
2019-09-08;24;14614,213;9199,338;-11,963;0,000;3468,275;959,813;1006,175
