Data;Godzina;Krajowe zapotrzebowanie na moc;Sumaryczna generacja JWCD;Generacja PI;Generacja IRZ;Sumaryczna generacja nJWCD;Krajowe saldo wymiany miêdzysystemowej równoleg³ej;Krajowe saldo wymiany miêdzysystemowej nierównoleg³ej
2019-07-05;1;16621,538;10442,925;124,563;73,450;5513,988;428,350;250,663
2019-07-05;2;15998,000;10082,588;-7,600;73,588;5681,950;93,975;148,488
2019-07-05;3;15637,463;9565,425;-87,438;75,850;5993,238;24,588;149,250
2019-07-05;4;15614,875;9983,300;-689,225;74,825;6229,175;-55,738;151,313
2019-07-05;5;15417,813;9723,150;-810,038;74,900;6333,138;14,125;151,713
2019-07-05;6;15673,025;9999,950;-751,538;74,950;6330,850;-46,650;144,738
2019-07-05;7;17824,300;11292,738;-131,825;74,875;6099,100;134,763;430,025
2019-07-05;8;19644,225;12487,275;-6,463;74,100;5894,650;558,450;715,850
2019-07-05;9;20596,713;12813,963;235,838;75,275;5846,413;1002,775;942,563
2019-07-05;10;21105,113;13235,463;162,000;75,600;5937,363;993,525;941,938
2019-07-05;11;21147,113;13111,413;-2,888;75,850;6049,988;1038,550;952,738
2019-07-05;12;21514,050;13386,363;24,038;75,088;6184,513;993,625;952,850
2019-07-05;13;21517,300;13382,488;45,575;74,500;6234,175;969,400;939,375
2019-07-05;14;21420,200;13226,425;21,750;74,875;6346,538;901,225;953,600
2019-07-05;15;21012,150;12748,075;-0,388;74,825;6351,538;964,088;952,913
2019-07-05;16;20790,413;12737,088;-4,100;74,750;6174,138;927,075;952,913
2019-07-05;17;20540,850;12568,725;-6,038;75,200;6067,863;942,175;953,088
2019-07-05;18;20208,688;12327,650;-6,025;74,663;5930,338;995,988;956,838
2019-07-05;19;20072,925;12452,900;-6,363;76,175;5699,113;952,313;970,600
2019-07-05;20;20144,575;12675,075;62,538;73,600;5214,013;1024,450;1233,850
2019-07-05;21;19963,450;13205,875;48,200;74,700;4616,750;940,363;1211,850
2019-07-05;22;19639,825;12977,600;-6,100;75,475;4459,825;1007,200;1205,563
2019-07-05;23;18849,475;12105,163;-6,413;76,350;4569,750;980,338;1205,088
2019-07-05;24;17531,788;10712,450;-6,475;76,163;4651,763;973,213;1205,288
