Data;Godzina;Krajowe zapotrzebowanie na moc;Sumaryczna generacja JWCD;Generacja PI;Generacja IRZ;Sumaryczna generacja nJWCD;Krajowe saldo wymiany miêdzysystemowej równoleg³ej;Krajowe saldo wymiany miêdzysystemowej nierównoleg³ej
2019-05-03;1;14354,050;7757,200;-34,188;70,238;6557,375;16,113;59,925
2019-05-03;2;13697,788;7495,188;-273,100;70,188;6395,863;20,863;61,325
2019-05-03;3;13351,563;7396,788;-462,550;70,150;6345,650;15,900;58,375
2019-05-03;4;13279,888;7323,350;-479,075;70,238;6379,988;6,700;52,688
2019-05-03;5;13164,463;7465,775;-776,550;70,163;6474,975;-29,163;36,175
2019-05-03;6;12685,788;7902,050;-705,988;70,150;6173,213;-496,925;-184,788
2019-05-03;7;13011,113;8341,625;-353,288;70,150;5837,775;-785,950;-26,700
2019-05-03;8;13725,863;8729,050;-87,425;70,275;5680,450;-664,063;68,738
2019-05-03;9;14646,863;9073,850;42,813;70,388;5839,688;-661,413;410,925
2019-05-03;10;15364,613;9073,113;29,450;70,188;5662,775;54,550;653,750
2019-05-03;11;15798,188;9396,363;101,550;70,338;5600,288;23,625;789,650
2019-05-03;12;15914,713;9669,125;74,425;70,125;5442,950;34,063;786,913
2019-05-03;13;16045,438;9867,100;18,700;70,113;5414,563;-12,525;792,638
2019-05-03;14;16041,238;9837,275;14,038;70,175;5438,063;-13,913;787,500
2019-05-03;15;15702,513;9329,575;-3,613;70,225;5458,550;175,688;746,475
2019-05-03;16;15396,325;9375,600;-6,338;70,013;5538,813;115,113;378,000
2019-05-03;17;15152,838;9325,725;-8,163;70,150;5330,688;113,063;395,725
2019-05-03;18;15193,700;9043,150;-6,675;70,238;5337,063;212,163;609,463
2019-05-03;19;15376,225;9398,438;73,175;70,275;5016,825;324,300;647,625
2019-05-03;20;15784,163;9850,363;294,525;70,050;4939,350;349,125;655,288
2019-05-03;21;16485,188;10506,325;538,013;70,075;4824,475;514,100;647,313
2019-05-03;22;16452,525;10413,013;663,338;70,200;4825,075;565,788;663,763
2019-05-03;23;15669,563;9649,825;146,238;70,088;4835,375;497,600;699,138
2019-05-03;24;14667,263;8518,563;-9,438;70,438;4966,263;537,750;657,450
