Data;Godzina;Krajowe zapotrzebowanie na moc;Sumaryczna generacja JWCD;Generacja PI;Generacja IRZ;Sumaryczna generacja nJWCD;Krajowe saldo wymiany miêdzysystemowej równoleg³ej;Krajowe saldo wymiany miêdzysystemowej nierównoleg³ej
2019-12-16;1;15990,113;8758,663;-977,250;0,000;9652,513;-855,850;-572,313
2019-12-16;2;15608,525;8788,588;-1073,888;0,000;9552,375;-1031,875;-617,550
2019-12-16;3;15463,438;8776,000;-1069,100;0,000;9287,988;-913,888;-609,513
2019-12-16;4;15474,025;9132,113;-1231,888;0,000;9134,513;-920,650;-634,200
2019-12-16;5;15894,013;9402,513;-1195,350;0,000;9011,838;-682,113;-638,675
2019-12-16;6;17043,450;9926,100;-1135,425;0,000;8718,725;-180,838;-280,988
2019-12-16;7;20312,063;11523,838;-187,038;0,000;8307,125;252,588;412,500
2019-12-16;8;22486,288;13673,750;121,075;0,000;8183,388;70,313;563,000
2019-12-16;9;23326,888;14395,788;-4,300;0,000;7979,688;310,563;649,850
2019-12-16;10;23621,863;14679,825;14,100;0,000;7705,363;494,713;753,375
2019-12-16;11;23369,225;14011,588;-1,775;0,000;7349,663;742,163;1274,213
2019-12-16;12;23624,775;14695,763;9,788;0,000;6899,113;729,463;1305,438
2019-12-16;13;23712,425;15063,850;258,800;0,000;6805,325;771,663;1086,675
2019-12-16;14;23952,638;15238,900;246,838;0,000;6861,713;649,900;1217,863
2019-12-16;15;23591,088;14703,563;-4,225;0,000;7046,025;742,088;1105,363
2019-12-16;16;23939,663;15063,950;135,450;0,000;7420,325;546,575;908,038
2019-12-16;17;24703,500;15301,488;653,638;0,000;7836,363;472,625;1094,913
2019-12-16;18;24430,513;14503,963;799,088;0,000;8002,663;623,850;1303,363
2019-12-16;19;24080,600;14683,613;913,650;0,000;8052,388;215,375;1137,563
2019-12-16;20;23900,300;13774,488;857,700;0,000;8040,288;798,600;1302,925
2019-12-16;21;23231,550;13136,475;622,775;0,000;7911,500;885,313;1306,575
2019-12-16;22;21722,500;12033,663;370,900;0,000;7769,013;623,738;1305,300
2019-12-16;23;20143,413;10547,038;-85,950;0,000;7703,313;675,025;1308,688
2019-12-16;24;18891,775;10193,750;-777,163;0,000;7541,263;684,463;1260,738
