Data;Godzina;Krajowe zapotrzebowanie na moc;Sumaryczna generacja JWCD;Generacja PI;Generacja IRZ;Sumaryczna generacja nJWCD;Krajowe saldo wymiany miêdzysystemowej równoleg³ej;Krajowe saldo wymiany miêdzysystemowej nierównoleg³ej
2019-03-23;1;17357,075;9399,113;-39,438;0,000;6048,650;638,313;1320,600
2019-03-23;2;16800,888;9302,125;-221,513;0,000;6254,375;508,513;956,525
2019-03-23;3;16437,813;9248,113;-222,750;0,000;6425,588;229,713;756,963
2019-03-23;4;16414,238;9223,763;-222,363;0,000;6622,125;260,813;527,275
2019-03-23;5;16467,763;9256,575;-222,513;0,000;6712,550;-30,863;754,150
2019-03-23;6;16236,888;9292,225;-340,750;0,000;6696,975;-105,813;692,675
2019-03-23;7;17032,125;9529,775;-356,925;0,000;6737,613;113,650;1007,500
2019-03-23;8;18573,075;10535,938;-121,563;0,000;6539,163;446,550;1167,000
2019-03-23;9;19570,813;11602,550;190,050;0,000;5942,925;703,338;1330,425
2019-03-23;10;20090,275;12358,588;122,350;0,000;5639,563;749,738;1342,288
2019-03-23;11;20132,388;12222,775;124,200;0,000;5783,488;791,450;1344,925
2019-03-23;12;19941,600;11804,738;123,975;0,000;6024,750;771,875;1351,075
2019-03-23;13;19630,763;11470,175;44,663;0,000;6029,250;796,825;1345,275
2019-03-23;14;19279,863;11054,513;-1,888;0,000;6114,363;783,788;1336,988
2019-03-23;15;18564,238;10375,088;-7,150;0,000;6069,375;770,388;1348,225
2019-03-23;16;18244,988;10199,950;-6,963;0,000;5943,913;753,375;1341,300
2019-03-23;17;18156,100;10177,888;115,175;0,000;6039,925;600,950;1338,313
2019-03-23;18;18202,563;10321,313;392,913;0,000;6049,388;483,788;1342,800
2019-03-23;19;19578,925;11273,888;868,913;0,000;6549,838;407,525;1344,088
2019-03-23;20;20048,000;11197,375;892,963;0,000;7093,375;407,900;1346,600
2019-03-23;21;19508,463;10551,538;419,963;0,000;7154,625;484,075;1326,188
2019-03-23;22;18384,513;10172,500;363,475;0,000;7238,350;181,338;802,863
2019-03-23;23;17262,388;9767,675;330,238;0,000;6954,738;82,475;469,038
2019-03-23;24;16000,913;8907,538;207,575;0,000;6731,338;92,600;286,188
