Data;Godzina;Krajowe zapotrzebowanie na moc;Sumaryczna generacja JWCD;Generacja PI;Generacja IRZ;Sumaryczna generacja nJWCD;Krajowe saldo wymiany miêdzysystemowej równoleg³ej;Krajowe saldo wymiany miêdzysystemowej nierównoleg³ej
2019-04-15;1;15639,188;8522,975;-817,263;0,000;7686,875;116,200;133,138
2019-04-15;2;15237,925;8527,300;-1008,300;0,000;7541,825;76,775;112,288
2019-04-15;3;14944,375;8795,725;-1128,013;0,000;7249,450;-26,425;65,275
2019-04-15;4;15118,525;9095,588;-1051,700;0,000;7011,738;14,700;58,950
2019-04-15;5;15551,775;9507,613;-837,688;0,000;6794,138;18,300;73,675
2019-04-15;6;16135,763;9648,675;-620,825;0,000;6579,913;118,763;417,825
2019-04-15;7;18785,600;11441,538;-28,288;0,000;6361,350;283,838;736,275
2019-04-15;8;21197,000;14042,663;-7,138;0,000;6014,275;273,438;875,275
2019-04-15;9;22155,888;15061,600;116,825;0,000;5582,900;498,600;1024,613
2019-04-15;10;22419,363;15322,350;307,263;0,000;5503,888;473,550;1133,263
2019-04-15;11;22141,700;14830,013;158,650;0,000;5789,100;483,988;1052,500
2019-04-15;12;22291,850;14565,138;123,563;0,000;6013,763;599,163;1126,975
2019-04-15;13;22280,075;14399,000;12,213;0,000;6052,650;702,850;1138,188
2019-04-15;14;22180,488;14320,150;-2,700;0,000;5992,050;741,825;1138,088
2019-04-15;15;21726,125;13850,263;-3,125;0,000;5987,188;747,388;1139,450
2019-04-15;16;21419,525;13501,038;-2,813;10,250;6086,125;693,613;1140,938
2019-04-15;17;21080,013;13127,938;-2,775;82,738;6191,563;622,750;1140,988
2019-04-15;18;20917,975;13223,238;247,213;150,813;6135,063;428,775;1141,013
2019-04-15;19;20890,775;13163,913;140,250;226,200;6135,725;443,425;1148,463
2019-04-15;20;21600,763;14312,875;102,750;228,713;6215,188;-84,363;1149,888
2019-04-15;21;22848,575;15387,075;264,050;189,450;6495,725;-184,563;1148,838
2019-04-15;22;21619,950;13902,388;179,525;75,413;6644,538;-65,725;1140,075
2019-04-15;23;19864,663;11912,150;15,863;0,000;6568,013;254,138;1139,425
2019-04-15;24;18511,475;10433,500;-4,488;0,000;6445,088;538,925;1108,913
