Data;Godzina;Krajowe zapotrzebowanie na moc;Sumaryczna generacja JWCD;Generacja PI;Generacja IRZ;Sumaryczna generacja nJWCD;Krajowe saldo wymiany miêdzysystemowej równoleg³ej;Krajowe saldo wymiany miêdzysystemowej nierównoleg³ej
2019-02-12;1;18088,863;9112,388;-849,838;0,000;9832,975;4,275;-7,450
2019-02-12;2;17487,675;8830,475;-1258,000;0,000;9803,663;-93,113;212,000
2019-02-12;3;17295,088;8653,263;-1302,613;0,000;9856,013;-28,663;120,125
2019-02-12;4;17445,038;8560,588;-1159,600;0,000;9992,263;5,050;47,413
2019-02-12;5;17741,438;9166,700;-769,838;0,000;9867,588;45,538;-566,113
2019-02-12;6;18550,238;9859,050;-465,575;0,000;9605,850;-4,000;-439,738
2019-02-12;7;20930,825;11169,638;-99,988;0,000;9571,463;51,750;239,675
2019-02-12;8;22720,413;12451,938;-6,675;0,000;9662,350;-62,638;680,838
2019-02-12;9;23683,275;12903,500;12,113;0,000;9574,888;201,125;1018,325
2019-02-12;10;24073,900;13423,413;15,675;0,000;9650,638;185,263;838,988
2019-02-12;11;23934,613;12970,563;35,163;0,000;9784,475;222,863;974,375
2019-02-12;12;24136,975;12952,450;34,550;0,000;9659,000;286,788;1256,225
2019-02-12;13;24119,138;12975,838;18,525;0,000;9507,000;370,075;1291,588
2019-02-12;14;24165,125;13060,388;164,375;0,000;9439,000;384,638;1294,250
2019-02-12;15;23688,438;12692,213;129,513;0,000;9285,013;439,238;1288,688
2019-02-12;16;23389,200;13069,225;401,288;0,000;8984,313;52,688;1284,313
2019-02-12;17;23468,250;13310,600;359,450;0,000;8796,125;81,225;1283,813
2019-02-12;18;24485,513;14351,775;384,713;0,000;8688,175;167,438;1281,250
2019-02-12;19;24699,600;14296,525;271,450;0,000;8784,613;373,750;1251,913
2019-02-12;20;24597,688;13911,250;38,613;0,000;8861,675;555,413;1287,038
2019-02-12;21;23866,400;13515,275;16,488;0,000;8813,325;256,875;1287,213
2019-02-12;22;22236,350;11902,275;5,050;0,000;8655,788;482,863;1212,600
2019-02-12;23;20858,488;11191,925;-8,563;0,000;8402,225;467,325;812,913
2019-02-12;24;19596,263;10831,663;-10,725;0,000;8310,013;356,375;119,388
