Data;Godzina;Krajowe zapotrzebowanie na moc;Sumaryczna generacja JWCD;Generacja PI;Generacja IRZ;Sumaryczna generacja nJWCD;Krajowe saldo wymiany miêdzysystemowej równoleg³ej;Krajowe saldo wymiany miêdzysystemowej nierównoleg³ej
2019-07-08;1;14300,838;9139,100;-214,750;75,425;4959,875;181,838;240,300
2019-07-08;2;13776,663;9024,963;-333,575;74,063;4943,838;2,563;146,738
2019-07-08;3;13603,888;9018,088;-373,538;75,800;4843,325;-28,350;147,563
2019-07-08;4;13618,163;8955,263;-394,888;76,650;4911,163;-1,000;147,700
2019-07-08;5;13364,213;8747,113;-395,325;74,688;4946,338;-80,538;147,038
2019-07-08;6;14003,650;9373,213;-394,125;74,025;4911,338;-13,000;137,888
2019-07-08;7;16698,225;11466,213;-91,900;72,863;4742,563;205,563;381,100
2019-07-08;8;18704,550;12914,350;-5,250;73,513;4864,388;244,325;687,975
2019-07-08;9;19839,125;13109,050;-4,675;73,888;5181,738;478,025;1080,813
2019-07-08;10;20543,863;13450,225;-4,288;74,675;5557,725;431,788;1110,450
2019-07-08;11;20580,313;13219,688;13,425;75,850;5773,900;477,450;1117,738
2019-07-08;12;20956,600;13598,388;42,263;74,413;5806,088;468,725;1083,938
2019-07-08;13;21114,125;13589,250;28,750;75,225;6021,663;501,025;1008,925
2019-07-08;14;21023,288;13505,700;24,575;76,650;6065,513;431,800;1025,638
2019-07-08;15;20486,538;13101,550;-0,438;74,763;5851,400;418,375;1117,888
2019-07-08;16;20296,950;12968,650;-3,863;76,250;5862,513;453,875;1024,313
2019-07-08;17;20135,400;12428,675;-4,125;74,175;5875,050;758,525;1082,375
2019-07-08;18;19814,963;12182,138;-3,775;75,450;5665,975;814,475;1161,525
2019-07-08;19;19664,738;12380,688;11,825;75,925;5336,875;784,513;1167,325
2019-07-08;20;19889,838;12952,413;252,388;74,500;5002,950;777,600;1161,125
2019-07-08;21;19924,963;13189,138;330,363;75,525;4673,038;939,238;1128,650
2019-07-08;22;19731,638;12942,563;67,238;77,588;4620,338;1008,613;1166,700
2019-07-08;23;18662,788;11793,988;-4,050;75,025;4798,000;913,388;1166,475
2019-07-08;24;17294,138;10354,925;-3,725;74,038;5004,875;797,325;1148,313
