Data;Godzina;Krajowe zapotrzebowanie na moc;Sumaryczna generacja JWCD;Generacja PI;Generacja IRZ;Sumaryczna generacja nJWCD;Krajowe saldo wymiany miêdzysystemowej równoleg³ej;Krajowe saldo wymiany miêdzysystemowej nierównoleg³ej
2019-04-25;1;16796,875;10096,500;-87,375;0,000;6509,850;184,313;104,988
2019-04-25;2;16263,338;10129,950;-408,713;0,000;6367,075;129,250;45,775
2019-04-25;3;15854,488;10213,788;-654,863;0,000;6184,625;69,163;45,900
2019-04-25;4;15880,575;10375,325;-742,713;0,000;6118,650;89,775;46,025
2019-04-25;5;16106,363;10519,588;-740,175;0,000;6070,325;203,275;55,413
2019-04-25;6;16195,825;10441,475;-721,525;0,000;5946,238;284,000;248,588
2019-04-25;7;18426,425;11591,100;-81,138;0,000;5876,325;407,350;635,050
2019-04-25;8;20617,275;13887,513;3,250;0,000;5339,438;716,525;676,675
2019-04-25;9;21452,125;15379,238;111,463;0,000;4736,063;663,438;685,950
2019-04-25;10;21847,025;15709,275;250,363;0,000;4518,075;750,488;881,013
2019-04-25;11;21683,963;15620,088;90,175;0,000;4431,225;644,800;999,088
2019-04-25;12;22074,300;15738,938;532,088;0,000;4585,975;736,700;1026,613
2019-04-25;13;22045,475;15602,038;441,813;0,000;4554,400;922,625;982,925
2019-04-25;14;21948,263;15357,675;544,238;0,000;4579,013;920,888;1099,738
2019-04-25;15;21688,788;15104,513;301,463;0,000;4514,763;983,575;1089,775
2019-04-25;16;21594,075;15313,375;456,550;0,000;4440,838;801,513;1040,675
2019-04-25;17;21288,025;15365,738;327,738;0,000;4247,400;768,800;912,838
2019-04-25;18;21048,425;15408,663;85,813;0,000;4101,138;710,263;832,400
2019-04-25;19;20854,713;15249,225;14,700;0,000;4045,663;711,538;854,263
2019-04-25;20;21266,250;15184,863;43,863;0,000;4186,638;999,000;896,688
2019-04-25;21;22262,038;15873,438;48,125;0,000;4508,563;987,213;896,650
2019-04-25;22;21320,938;14606,613;3,875;0,000;4617,538;1027,750;1078,700
2019-04-25;23;19334,900;12844,288;-4,900;0,000;4629,975;759,250;1120,363
2019-04-25;24;17978,988;11727,338;-39,250;0,000;4657,400;539,375;1105,688
