Data;Godzina;Krajowe zapotrzebowanie na moc;Sumaryczna generacja JWCD;Generacja PI;Generacja IRZ;Sumaryczna generacja nJWCD;Krajowe saldo wymiany miêdzysystemowej równoleg³ej;Krajowe saldo wymiany miêdzysystemowej nierównoleg³ej
2019-04-23;1;12866,950;6288,263;-920,875;0,000;7412,938;55,188;45,875
2019-04-23;2;12576,925;6559,963;-1394,263;0,000;7399,113;-3,713;22,288
2019-04-23;3;12481,575;6658,863;-1439,263;0,000;7402,425;40,375;-176,075
2019-04-23;4;12461,850;6749,713;-1515,500;0,000;7428,688;-21,213;-173,500
2019-04-23;5;12888,675;7199,488;-1480,563;0,000;7454,413;-81,088;-196,075
2019-04-23;6;13448,488;7585,363;-1269,350;0,000;7635,950;-207,538;-281,513
2019-04-23;7;16152,800;8583,050;-172,825;0,000;7812,688;-103,013;47,113
2019-04-23;8;18544,025;10318,513;7,950;0,000;7729,763;144,938;370,975
2019-04-23;9;19802,038;11058,050;11,113;0,000;7891,825;252,238;608,150
2019-04-23;10;20258,950;10853,838;37,588;0,000;8317,575;487,963;597,750
2019-04-23;11;20186,388;10567,375;44,800;0,000;8516,125;432,525;676,850
2019-04-23;12;20616,538;10709,513;45,675;0,000;8703,538;468,900;740,800
2019-04-23;13;20749,175;10850,725;28,825;0,000;8740,013;534,188;632,163
2019-04-23;14;20813,638;10896,763;-4,063;0,000;8749,300;555,550;626,538
2019-04-23;15;20476,988;10683,100;53,463;0,000;8691,200;480,188;626,238
2019-04-23;16;20362,638;10539,963;527,900;0,000;8650,488;559,825;626,775
2019-04-23;17;20245,850;10452,900;707,950;0,000;8654,388;528,388;627,500
2019-04-23;18;19997,775;10335,288;959,475;0,000;8572,500;443,325;656,750
2019-04-23;19;19971,475;10296,800;1048,675;0,000;8383,588;526,650;764,738
2019-04-23;20;20527,375;11079,813;1025,900;0,000;8226,563;456,913;762,938
2019-04-23;21;21479,725;11951,025;702,963;0,000;8066,975;514,263;949,525
2019-04-23;22;20433,388;11379,838;355,413;0,000;8037,138;339,463;686,425
2019-04-23;23;18861,788;10347,563;147,188;0,000;8021,100;168,475;349,475
2019-04-23;24;17489,475;9416,663;-7,725;0,000;8042,488;-13,875;65,763
