Data;Godzina;Krajowe zapotrzebowanie na moc;Sumaryczna generacja JWCD;Generacja PI;Generacja IRZ;Sumaryczna generacja nJWCD;Krajowe saldo wymiany miêdzysystemowej równoleg³ej;Krajowe saldo wymiany miêdzysystemowej nierównoleg³ej
2019-10-20;1;14928,150;8118,288;-60,650;0,000;5608,125;613,750;651,813
2019-10-20;2;14400,425;8201,563;-169,013;0,000;5441,113;433,338;493,538
2019-10-20;3;14069,675;8350,613;-328,500;0,000;5367,025;284,538;404,300
2019-10-20;4;13937,138;8468,188;-328,538;0,000;5263,513;190,750;352,738
2019-10-20;5;13960,913;8303,388;-326,850;0,000;5318,600;223,988;442,475
2019-10-20;6;14097,388;8451,950;-326,013;0,000;5361,213;315,650;296,250
2019-10-20;7;14542,700;8288,188;-326,150;0,000;5347,613;558,275;678,050
2019-10-20;8;14737,838;8183,988;-183,725;0,000;5305,788;400,275;1034,675
2019-10-20;9;15460,450;8769,938;-6,838;0,000;5260,463;393,838;1046,013
2019-10-20;10;16147,288;9433,675;10,688;0,000;4930,200;749,863;1043,763
2019-10-20;11;16421,788;9774,650;-4,350;0,000;4629,938;981,075;1042,775
2019-10-20;12;16431,750;9691,025;-8,300;0,000;4517,875;1184,150;1044,938
2019-10-20;13;16365,275;9575,488;-7,300;0,000;4488,963;1285,713;1023,963
2019-10-20;14;16455,863;10014,825;-6,675;0,000;4394,838;1057,363;992,538
2019-10-20;15;16035,088;9718,163;-6,188;0,000;4363,913;1024,388;939,938
2019-10-20;16;15859,438;9496,775;-6,663;0,000;4431,050;1069,550;873,025
2019-10-20;17;15946,475;9790,163;-6,913;0,000;4380,425;862,400;921,813
2019-10-20;18;16617,038;10505,100;0,588;0,000;4421,050;711,750;982,963
2019-10-20;19;18317,238;11685,775;84,700;0,000;4682,950;610,913;1338,375
2019-10-20;20;18671,500;11608,988;40,338;0,000;5042,913;663,000;1370,213
2019-10-20;21;18223,513;11216,338;22,238;0,000;5257,650;397,250;1368,363
2019-10-20;22;17329,013;10395,338;-5,775;0,000;5331,538;260,575;1352,100
2019-10-20;23;16438,375;9464,450;-10,238;0,000;5255,888;367,025;1367,475
2019-10-20;24;15498,600;9028,713;-9,425;0,000;5052,438;158,388;1269,813
