Data;Godzina;Krajowe zapotrzebowanie na moc;Sumaryczna generacja JWCD;Generacja PI;Generacja IRZ;Sumaryczna generacja nJWCD;Krajowe saldo wymiany miêdzysystemowej równoleg³ej;Krajowe saldo wymiany miêdzysystemowej nierównoleg³ej
2019-01-03;1;17615,813;8801,363;-164,638;0,000;10547,813;-1575,875;10,325
2019-01-03;2;16929,888;8734,163;-618,775;0,000;10380,200;-1563,325;-1,313
2019-01-03;3;16703,075;8813,888;-730,963;0,000;10297,725;-1590,638;-85,250
2019-01-03;4;16695,675;8957,763;-754,263;0,000;10370,938;-1602,675;-271,250
2019-01-03;5;17049,650;9575,100;-916,988;0,000;10386,225;-1674,500;-317,200
2019-01-03;6;17854,025;10627,825;-821,750;0,000;10218,500;-1592,325;-578,138
2019-01-03;7;20454,775;12158,425;-93,375;0,000;10180,188;-1260,850;-522,213
2019-01-03;8;22257,250;12871,463;-5,200;0,000;9922,363;-873,400;347,350
2019-01-03;9;23031,475;13332,300;-3,838;0,000;9830,788;-237,363;101,963
2019-01-03;10;23602,588;14006,450;14,150;0,000;9597,963;-190,288;193,263
2019-01-03;11;23522,625;13952,263;16,525;0,000;9558,213;-359,325;372,200
2019-01-03;12;23812,813;14201,325;16,325;0,000;9575,113;-184,750;216,413
2019-01-03;13;23823,200;13748,013;-0,375;0,000;9603,850;142,263;331,750
2019-01-03;14;24025,075;13924,975;-4,950;0,000;9713,063;56,850;332,000
2019-01-03;15;23817,163;14145,675;-5,275;0,000;9380,538;-36,350;327,225
2019-01-03;16;23774,263;14041,675;-4,038;0,000;9196,925;249,688;290,525
2019-01-03;17;24712,400;14457,913;13,513;0,000;9171,163;400,275;679,600
2019-01-03;18;24753,700;14702,450;69,375;0,000;9149,013;395,875;503,175
2019-01-03;19;24377,750;14484,000;50,363;0,000;8879,000;353,188;660,888
2019-01-03;20;24183,850;13938,500;20,188;0,000;8800,038;365,850;1091,350
2019-01-03;21;23460,563;13563,125;14,225;0,000;8528,475;135,963;1245,838
2019-01-03;22;22036,925;12837,225;-1,688;0,000;8205,375;-204,975;1206,500
2019-01-03;23;20651,425;12830,938;-4,263;0,000;7835,938;-1250,713;1240,550
2019-01-03;24;19331,363;12483,763;-8,188;0,000;7626,663;-1106,188;341,488
