Data;Godzina;Krajowe zapotrzebowanie na moc;Sumaryczna generacja JWCD;Generacja PI;Generacja IRZ;Sumaryczna generacja nJWCD;Krajowe saldo wymiany miêdzysystemowej równoleg³ej;Krajowe saldo wymiany miêdzysystemowej nierównoleg³ej
2019-04-22;1;12521,950;6839,988;-10,763;0,000;5150,200;165,838;380,625
2019-04-22;2;12076,313;6772,325;-11,800;0,000;5185,113;58,738;78,513
2019-04-22;3;11833,638;6469,813;-11,413;0,000;5305,763;11,413;59,438
2019-04-22;4;11688,425;6319,188;-10,663;0,000;5329,100;-2,925;59,175
2019-04-22;5;11782,088;6559,713;-190,950;0,000;5345,038;8,413;59,138
2019-04-22;6;11399,638;6401,088;-318,300;0,000;5339,650;-83,150;59,363
2019-04-22;7;11635,963;6619,075;-430,250;0,000;5358,388;28,275;59,613
2019-04-22;8;12319,463;7350,475;-60,125;0,000;4935,900;60,888;71,813
2019-04-22;9;13142,350;8055,388;160,113;0,000;4799,400;12,513;281,288
2019-04-22;10;13837,125;8077,163;12,713;0,000;5204,375;175,963;389,213
2019-04-22;11;14028,400;8081,625;65,950;0,000;5471,213;184,863;300,138
2019-04-22;12;14078,788;7825,013;91,188;0,000;5820,963;116,663;323,138
2019-04-22;13;14071,425;7487,363;261,338;0,000;6087,613;143,813;362,225
2019-04-22;14;13911,750;7291,488;274,525;0,000;6248,275;101,713;287,888
2019-04-22;15;13644,400;7221,988;83,075;0,000;6351,688;14,075;64,963
2019-04-22;16;13272,325;6747,025;-8,500;0,000;6583,950;-72,400;22,663
2019-04-22;17;13200,988;6910,400;125,875;0,000;6766,375;-49,138;-416,863
2019-04-22;18;13479,625;7034,488;349,588;0,000;6901,225;-20,525;-433,625
2019-04-22;19;13883,900;7371,600;401,913;0,000;6717,450;-12,988;-188,400
2019-04-22;20;14462,838;7955,875;109,438;0,000;6474,538;-1,550;45,913
2019-04-22;21;15698,638;8664,288;159,500;0,000;6628,025;88,275;332,275
2019-04-22;22;15451,400;7847,938;17,963;0,000;7069,525;141,575;419,500
2019-04-22;23;14728,488;7050,575;-8,425;0,000;7288,825;209,500;206,175
2019-04-22;24;13649,763;6178,638;-52,750;0,000;7453,288;37,150;45,838
