Data;Godzina;Krajowe zapotrzebowanie na moc;Sumaryczna generacja JWCD;Generacja PI;Generacja IRZ;Sumaryczna generacja nJWCD;Krajowe saldo wymiany miêdzysystemowej równoleg³ej;Krajowe saldo wymiany miêdzysystemowej nierównoleg³ej
2019-10-13;1;15031,775;7944,275;-10,988;0,000;6102,013;480,988;515,900
2019-10-13;2;14453,350;7792,500;-11,863;0,000;5928,588;364,075;380,888
2019-10-13;3;14078,863;7706,425;-12,338;0,000;5846,400;279,413;255,475
2019-10-13;4;13878,563;7810,000;-10,125;0,000;5588,213;284,338;204,875
2019-10-13;5;13962,250;7812,425;-28,075;0,000;5470,775;354,300;353,050
2019-10-13;6;14080,688;7713,600;-147,075;0,000;5358,700;562,738;590,088
2019-10-13;7;14506,100;8082,375;-187,088;0,000;5285,125;757,650;564,975
2019-10-13;8;14731,425;7730,788;-564,725;0,000;5436,775;892,213;1244,388
2019-10-13;9;15662,925;8123,163;-143,200;0,000;5492,350;866,913;1330,575
2019-10-13;10;16348,925;9070,913;11,700;0,000;5178,475;770,988;1330,763
2019-10-13;11;16577,188;9659,213;-5,438;0,000;4849,388;746,113;1333,300
2019-10-13;12;16593,100;9784,700;-7,900;0,000;4723,538;762,075;1332,300
2019-10-13;13;16507,788;9754,738;-9,388;0,000;4628,700;807,913;1332,275
2019-10-13;14;16419,550;9773,625;-8,013;0,000;4540,800;788,400;1331,538
2019-10-13;15;16196,538;9519,588;-6,400;0,000;4560,700;793,863;1330,275
2019-10-13;16;15918,288;9255,363;-8,350;0,000;4522,600;809,763;1331,525
2019-10-13;17;15901,675;9431,450;68,475;0,000;4418,150;734,488;1329,738
2019-10-13;18;16386,725;9869,850;169,563;0,000;4659,300;721,463;1145,538
2019-10-13;19;18165,600;11066,525;505,225;0,000;5261,813;733,650;1110,000
2019-10-13;20;18809,750;10842,713;537,388;0,000;5956,613;884,500;1132,788
2019-10-13;21;18330,000;9573,563;272,838;0,000;6716,450;744,738;1300,100
2019-10-13;22;17598,750;9094,000;264,575;0,000;7106,863;566,613;834,438
2019-10-13;23;16813,663;8528,663;100,313;0,000;7342,775;385,450;561,000
2019-10-13;24;15828,750;7974,838;-76,038;0,000;7553,575;65,088;316,863
