Data;Godzina;Krajowe zapotrzebowanie na moc;Sumaryczna generacja JWCD;Generacja PI;Generacja IRZ;Sumaryczna generacja nJWCD;Krajowe saldo wymiany miêdzysystemowej równoleg³ej;Krajowe saldo wymiany miêdzysystemowej nierównoleg³ej
2019-11-15;1;17577,400;9736,538;-688,113;186,050;7161,350;827,875;545,738
2019-11-15;2;16960,163;9996,688;-636,000;190,788;7278,738;47,513;287,138
2019-11-15;3;16706,938;9783,838;-736,963;190,675;7401,725;-5,688;268,713
2019-11-15;4;16702,613;9931,738;-751,938;189,763;7260,375;4,625;263,813
2019-11-15;5;17051,713;10081,975;-726,150;190,163;7391,188;47,275;267,713
2019-11-15;6;17928,988;10368,600;-606,838;190,200;7437,888;280,575;456,450
2019-11-15;7;20587,938;12064,613;-250,200;190,725;7527,438;577,638;671,013
2019-11-15;8;22265,850;12865,988;-5,938;190,025;7676,713;824,413;904,825
2019-11-15;9;23147,025;13552,863;-6,725;199,238;7600,288;1088,438;903,688
2019-11-15;10;23386,000;13511,413;-6,450;231,788;7432,350;1127,738;1321,525
2019-11-15;11;23305,563;13461,100;-4,938;235,125;7408,888;1083,100;1358,925
2019-11-15;12;23502,338;13631,913;-6,738;225,788;7510,313;1017,375;1358,213
2019-11-15;13;23562,175;13349,313;-6,875;220,863;7704,538;1163,425;1359,125
2019-11-15;14;23591,575;13519,250;64,463;223,588;7718,825;1088,275;1274,000
2019-11-15;15;23183,688;13095,600;32,738;231,238;7761,538;1079,475;1244,663
2019-11-15;16;23352,463;13259,413;-3,825;230,163;7889,563;1111,838;1093,975
2019-11-15;17;24238,613;13677,188;-4,175;154,350;8113,938;1350,025;1088,738
2019-11-15;18;24083,275;13519,025;11,600;85,850;8178,563;1234,400;1155,213
2019-11-15;19;23701,375;13506,663;-2,888;0,000;8103,675;897,600;1197,563
2019-11-15;20;23351,688;13227,850;150,725;0,000;8017,950;791,750;1327,725
2019-11-15;21;22536,013;12583,038;95,850;0,000;7758,338;865,150;1350,363
2019-11-15;22;21125,763;11388,563;67,925;0,000;7493,975;897,663;1356,425
2019-11-15;23;19614,450;9943,763;4,138;0,000;7325,638;1081,713;1273,763
2019-11-15;24;18368,388;9909,875;-8,075;0,000;7137,288;612,525;724,700
