Data;Godzina;Krajowe zapotrzebowanie na moc;Sumaryczna generacja JWCD;Generacja PI;Generacja IRZ;Sumaryczna generacja nJWCD;Krajowe saldo wymiany miêdzysystemowej równoleg³ej;Krajowe saldo wymiany miêdzysystemowej nierównoleg³ej
2019-02-09;1;18320,938;9251,425;-9,038;0,000;8985,638;420,988;-322,788
2019-02-09;2;17634,088;8959,638;-352,750;0,000;9076,025;291,125;-338,713
2019-02-09;3;17235,925;8964,500;-695,113;0,000;9250,425;44,400;-322,813
2019-02-09;4;17096,725;8964,363;-693,038;0,000;9327,163;-57,013;-446,463
2019-02-09;5;17240,488;9119,875;-691,213;0,000;9323,288;-37,913;-470,163
2019-02-09;6;17340,363;9097,238;-689,163;0,000;9442,263;-19,375;-487,375
2019-02-09;7;18194,788;9455,600;-414,100;0,000;9553,850;93,838;-498,588
2019-02-09;8;18976,650;9481,400;-48,788;0,000;9748,250;312,925;-510,013
2019-02-09;9;20269,438;10426,800;88,638;0,000;9809,663;332,875;-279,013
2019-02-09;10;21208,213;10906,050;166,438;0,000;9752,775;36,888;532,288
2019-02-09;11;21457,838;10787,650;173,738;0,000;9709,000;97,400;886,763
2019-02-09;12;21576,763;10786,425;261,075;0,000;9665,788;279,563;851,838
2019-02-09;13;21396,925;10561,100;386,463;0,000;9662,338;501,688;683,213
2019-02-09;14;21042,163;10552,375;464,725;0,000;9415,263;450,138;634,588
2019-02-09;15;20470,475;10551,450;332,225;0,000;9327,900;480,338;119,825
2019-02-09;16;20197,150;10499,850;124,225;0,000;9388,825;441,013;-125,125
2019-02-09;17;20361,575;10346,763;303,475;0,000;9523,113;15,325;475,488
2019-02-09;18;21325,313;10877,263;610,488;0,000;9638,050;-196,125;1012,150
2019-02-09;19;21277,825;10688,075;347,775;0,000;9970,713;-246,413;872,463
2019-02-09;20;21082,838;10539,013;427,763;0,000;9986,825;95,988;469,638
2019-02-09;21;20530,938;10390,763;231,900;0,000;10099,925;-3,613;67,575
2019-02-09;22;19324,450;9407,750;139,900;0,000;10175,463;37,488;-285,538
2019-02-09;23;18325,275;8283,813;9,313;0,000;10167,850;-36,400;-71,963
2019-02-09;24;17201,650;7376,013;-36,963;0,000;10028,038;-79,525;-84,650
