Data;Godzina;Krajowe zapotrzebowanie na moc;Sumaryczna generacja JWCD;Generacja PI;Generacja IRZ;Sumaryczna generacja nJWCD;Krajowe saldo wymiany miêdzysystemowej równoleg³ej;Krajowe saldo wymiany miêdzysystemowej nierównoleg³ej
2019-02-23;1;18286,125;9421,038;-10,888;79,938;7027,625;568,488;1284,125
2019-02-23;2;17666,850;9061,650;-10,850;86,950;6844,388;483,238;1290,675
2019-02-23;3;17195,175;8947,463;-10,638;106,363;6641,638;423,813;1194,888
2019-02-23;4;17093,888;8869,563;-10,575;131,950;6569,675;449,138;1212,338
2019-02-23;5;17251,288;9052,663;-10,425;148,463;6389,938;537,250;1280,088
2019-02-23;6;17411,563;9174,850;-10,913;155,725;6302,675;676,450;1271,525
2019-02-23;7;18024,813;9863,138;-10,325;159,875;6223,188;680,713;1269,313
2019-02-23;8;19133,438;10958,900;-7,563;159,925;6209,538;683,250;1286,625
2019-02-23;9;20486,225;12284,363;-6,688;159,188;6232,238;688,275;1291,525
2019-02-23;10;21317,238;13105,038;29,363;149,825;6248,375;708,413;1270,313
2019-02-23;11;21577,788;13297,550;34,663;148,425;6284,688;742,125;1272,913
2019-02-23;12;21696,888;13355,725;37,675;147,863;6336,825;730,688;1282,838
2019-02-23;13;21365,100;13102,650;2,238;149,225;6300,038;678,850;1285,700
2019-02-23;14;21116,750;12854,100;-2,988;148,963;6290,113;707,563;1280,313
2019-02-23;15;20534,013;12221,500;-2,650;149,063;6300,175;737,000;1279,438
2019-02-23;16;20184,425;11740,150;-5,363;150,263;6412,313;753,613;1280,825
2019-02-23;17;20112,450;11565,338;-6,813;150,325;6581,438;691,875;1274,338
2019-02-23;18;21018,450;12249,863;30,250;149,925;6795,700;700,188;1273,488
2019-02-23;19;21587,588;12609,025;88,113;149,938;7016,713;681,100;1280,888
2019-02-23;20;21313,113;12002,025;23,200;148,238;7338,500;710,900;1270,113
2019-02-23;21;20584,150;11139,550;13,300;149,713;7469,850;720,913;1265,800
2019-02-23;22;19531,138;10178,875;-4,125;150,525;7589,325;649,925;1121,388
2019-02-23;23;18538,200;9997,788;-10,700;149,875;7536,250;466,825;548,163
2019-02-23;24;17362,925;9176,263;-12,300;154,563;7522,338;222,875;462,700
