Data;Godzina;Krajowe zapotrzebowanie na moc;Sumaryczna generacja JWCD;Generacja PI;Generacja IRZ;Sumaryczna generacja nJWCD;Krajowe saldo wymiany miêdzysystemowej równoleg³ej;Krajowe saldo wymiany miêdzysystemowej nierównoleg³ej
2019-07-12;1;16551,975;11225,963;-2,900;0,000;3381,400;797,900;1160,413
2019-07-12;2;15820,825;10894,588;-2,863;0,000;3433,000;597,488;906,363
2019-07-12;3;15386,238;10885,663;-6,188;0,000;3479,288;343,025;689,450
2019-07-12;4;15386,088;10939,863;-7,450;0,000;3478,200;362,275;616,275
2019-07-12;5;15111,788;11238,650;-265,313;0,000;3487,213;222,938;432,438
2019-07-12;6;15285,263;11081,950;-323,850;0,000;3482,500;392,175;663,913
2019-07-12;7;17380,563;12484,675;-31,500;0,000;3393,825;844,750;687,250
2019-07-12;8;19446,938;15226,913;-6,263;0,000;3298,050;632,388;294,025
2019-07-12;9;20678,000;16785,263;14,700;0,000;3263,125;535,300;99,588
2019-07-12;10;21168,713;17133,750;151,100;0,000;3307,338;497,025;240,675
2019-07-12;11;21281,300;17202,000;149,938;0,000;3327,750;498,688;263,925
2019-07-12;12;21585,400;17185,213;391,288;0,000;3425,425;531,475;450,288
2019-07-12;13;21781,075;17026,400;340,363;0,000;3499,513;724,513;540,600
2019-07-12;14;21648,988;16891,713;240,213;0,000;3485,488;956,375;320,475
2019-07-12;15;21278,400;16794,313;142,550;0,000;3519,988;722,225;248,700
2019-07-12;16;21124,913;16603,500;0,675;0,000;3539,750;635,338;354,700
2019-07-12;17;20784,775;15858,375;-5,025;0,000;3550,888;916,213;461,225
2019-07-12;18;20445,788;15425,088;-3,763;0,000;3609,000;956,875;468,613
2019-07-12;19;20148,563;15130,738;-3,763;0,000;3653,475;938,700;434,125
2019-07-12;20;20272,325;15343,038;-2,888;0,000;3640,238;1008,363;280,100
2019-07-12;21;20059,575;14985,588;-4,513;0,000;3611,275;955,150;522,188
2019-07-12;22;19819,438;14184,675;-3,588;0,000;3635,250;928,925;1088,125
2019-07-12;23;18840,113;13073,013;-4,400;0,000;3689,250;932,788;1161,013
2019-07-12;24;17556,225;11762,025;-4,213;0,000;3610,338;1031,650;1164,200
