Data;Godzina;Krajowe zapotrzebowanie na moc;Sumaryczna generacja JWCD;Generacja PI;Generacja IRZ;Sumaryczna generacja nJWCD;Krajowe saldo wymiany miêdzysystemowej równoleg³ej;Krajowe saldo wymiany miêdzysystemowej nierównoleg³ej
2019-07-04;1;16475,513;10552,038;-7,013;73,963;4312,925;671,463;964,200
2019-07-04;2;15912,913;10680,913;-10,300;74,188;4163,350;431,200;658,288
2019-07-04;3;15644,425;11055,713;-251,413;75,650;4210,188;248,375;386,838
2019-07-04;4;15541,263;10930,563;-342,600;75,913;4441,075;195,963;319,613
2019-07-04;5;15048,088;10600,400;-344,050;75,225;4613,538;-4,550;194,075
2019-07-04;6;15365,838;10257,013;-227,775;74,950;4656,775;187,388;508,013
2019-07-04;7;17650,575;11821,700;-32,588;73,613;4461,475;591,438;816,775
2019-07-04;8;19556,563;13797,900;-3,713;74,650;4359,825;781,475;622,725
2019-07-04;9;20478,350;13843,313;-3,625;74,050;4710,663;1070,438;862,225
2019-07-04;10;20859,438;14057,863;-3,300;76,513;5052,075;737,775;1023,825
2019-07-04;11;20941,963;14079,800;-3,138;74,113;5284,275;666,800;918,488
2019-07-04;12;21294,350;14174,700;24,200;75,600;5428,700;843,650;848,200
2019-07-04;13;21310,550;14159,450;72,013;74,488;5503,775;930,613;730,888
2019-07-04;14;21215,413;13796,025;51,513;72,813;5653,463;935,938;843,250
2019-07-04;15;20976,700;13528,275;3,188;74,488;5563,925;971,300;921,325
2019-07-04;16;20792,450;13396,775;93,213;76,188;5473,063;958,300;969,388
2019-07-04;17;20508,788;13367,825;84,813;73,675;5312,750;595,763;1229,413
2019-07-04;18;20371,875;13111,375;-3,050;76,900;5365,638;744,250;1159,725
2019-07-04;19;20212,050;13118,788;165,838;73,125;5244,775;726,888;1129,638
2019-07-04;20;20431,813;13706,075;527,788;75,088;4982,100;734,875;1013,450
2019-07-04;21;20392,463;13505,350;559,338;75,663;4935,063;798,488;1155,225
2019-07-04;22;20220,938;12976,375;370,375;73,375;4958,775;1041,950;1245,950
2019-07-04;23;19164,888;11942,238;180,188;75,463;5196,563;778,475;1260,638
2019-07-04;24;17806,175;10413,288;-7,825;76,050;5374,200;815,863;1218,225
