Data;Godzina;Krajowe zapotrzebowanie na moc;Sumaryczna generacja JWCD;Generacja PI;Generacja IRZ;Sumaryczna generacja nJWCD;Krajowe saldo wymiany miêdzysystemowej równoleg³ej;Krajowe saldo wymiany miêdzysystemowej nierównoleg³ej
2019-10-07;1;15431,925;9367,388;-48,425;0,000;4989,888;802,563;325,575
2019-10-07;2;15058,038;9364,713;-7,788;0,000;4922,863;528,938;249,863
2019-10-07;3;14897,963;9630,338;-9,088;0,000;4937,538;85,838;252,000
2019-10-07;4;14981,275;9843,863;-145,175;0,000;4963,363;51,300;264,175
2019-10-07;5;15385,100;10313,363;-450,025;0,000;4949,638;200,338;373,650
2019-10-07;6;16576,325;10821,075;-226,338;0,000;4998,138;366,763;621,313
2019-10-07;7;19621,213;13427,838;55,288;0,000;5063,275;478,775;657,900
2019-10-07;8;21807,688;16571,475;-7,500;0,000;5062,088;203,150;-22,613
2019-10-07;9;22907,500;17146,175;30,025;0,000;5122,375;639,763;-0,938
2019-10-07;10;23008,875;17033,188;242,338;0,000;5162,588;806,250;15,388
2019-10-07;11;22604,475;16725,600;27,650;0,000;5111,775;768,400;9,463
2019-10-07;12;22629,013;16497,988;-4,513;0,000;5214,938;820,150;100,350
2019-10-07;13;22747,625;16287,875;92,638;0,000;5436,888;813,963;209,388
2019-10-07;14;22691,038;16177,888;129,363;0,000;5477,638;774,125;267,813
2019-10-07;15;22393,813;15695,125;10,238;0,000;5500,100;925,350;281,288
2019-10-07;16;22093,313;15253,913;-6,613;0,000;5451,625;981,975;406,800
2019-10-07;17;21939,850;15278,300;-4,563;0,000;5278,438;1028,263;354,650
2019-10-07;18;22036,875;15809,263;-6,800;0,000;5163,338;796,438;275,963
2019-10-07;19;23155,000;16899,888;115,750;0,000;5372,425;588,863;294,450
2019-10-07;20;23914,888;16995,250;305,513;0,000;5544,725;666,475;711,038
2019-10-07;21;23177,625;15419,838;98,588;0,000;5727,500;954,725;1091,825
2019-10-07;22;21555,813;13839,200;-4,900;0,000;5714,288;1004,863;1031,138
2019-10-07;23;19869,863;11793,938;-8,425;0,000;5667,413;1081,725;1340,838
2019-10-07;24;18481,950;10660,688;-10,725;0,000;5623,138;896,788;1323,263
