Data;Godzina;Krajowe zapotrzebowanie na moc;Sumaryczna generacja JWCD;Generacja PI;Generacja IRZ;Sumaryczna generacja nJWCD;Krajowe saldo wymiany miêdzysystemowej równoleg³ej;Krajowe saldo wymiany miêdzysystemowej nierównoleg³ej
2019-09-13;1;16494,088;10717,450;-7,700;0,000;4538,363;581,125;673,688
2019-09-13;2;16001,250;10973,875;-9,925;0,000;4492,825;226,800;321,200
2019-09-13;3;15659,438;11107,138;-177,550;0,000;4557,150;20,525;158,538
2019-09-13;4;15688,525;11075,050;-221,125;0,000;4663,500;16,663;165,338
2019-09-13;5;15993,163;11049,638;-338,325;0,000;4836,613;167,250;285,213
2019-09-13;6;16568,813;11028,225;-336,488;0,000;4947,850;494,713;441,663
2019-09-13;7;18560,600;12361,263;-2,100;0,000;5103,925;854,975;289,338
2019-09-13;8;20444,663;13879,713;-4,400;0,000;5285,788;799,725;484,338
2019-09-13;9;21227,413;14474,750;-2,950;0,000;5150,200;828,375;782,300
2019-09-13;10;21492,400;14491,900;-3,113;0,000;5350,675;786,275;871,038
2019-09-13;11;21355,313;13927,188;-0,300;0,000;5837,250;758,263;844,663
2019-09-13;12;21670,000;13596,400;86,613;0,000;6503,000;753,888;816,613
2019-09-13;13;21785,575;13312,025;266,113;0,000;6862,250;852,625;773,825
2019-09-13;14;21827,113;13789,325;353,400;0,000;6961,713;514,838;580,888
2019-09-13;15;21436,725;12729,588;41,563;0,000;7069,363;575,638;1080,000
2019-09-13;16;21314,488;12360,375;-3,013;0,000;7092,113;823,538;1048,250
2019-09-13;17;21018,550;12345,038;-3,088;0,000;6920,650;806,825;956,463
2019-09-13;18;20810,388;12221,425;-2,950;0,000;6624,338;1006,425;969,900
2019-09-13;19;20709,850;12029,950;-2,900;0,000;6237,425;1444,700;1000,613
2019-09-13;20;21755,650;13434,225;48,400;0,000;5941,000;1489,150;896,525
2019-09-13;21;21694,575;13057,350;163,150;0,000;5865,725;1525,000;1260,775
2019-09-13;22;20041,213;11584,988;54,313;0,000;5807,563;1441,988;1232,913
2019-09-13;23;18545,300;11374,988;-3,363;0,000;5726,813;833,925;626,300
2019-09-13;24;17305,550;10919,675;-3,375;0,000;5493,650;525,363;390,188
