Data;Godzina;Krajowe zapotrzebowanie na moc;Sumaryczna generacja JWCD;Generacja PI;Generacja IRZ;Sumaryczna generacja nJWCD;Krajowe saldo wymiany miêdzysystemowej równoleg³ej;Krajowe saldo wymiany miêdzysystemowej nierównoleg³ej
2019-11-27;1;17997,638;10301,763;-651,600;0,000;6221,375;1276,875;850,475
2019-11-27;2;17469,263;10673,600;-880,613;0,000;6233,863;900,275;548,588
2019-11-27;3;17062,800;10803,863;-1055,838;0,000;6246,175;659,225;417,125
2019-11-27;4;17209,550;10752,275;-1050,163;0,000;6328,888;735,963;442,063
2019-11-27;5;17492,438;10530,563;-1029,825;0,000;6357,875;959,438;677,400
2019-11-27;6;18333,525;10916,850;-912,688;0,000;6357,375;1440,125;540,525
2019-11-27;7;21097,725;12961,550;-117,025;0,000;6479,938;1167,763;612,425
2019-11-27;8;23072,013;15663,250;-3,775;0,000;6726,513;-2,575;686,875
2019-11-27;9;23954,525;16274,238;-3,913;0,000;6900,400;-54,488;849,625
2019-11-27;10;24102,300;16022,938;13,950;0,000;6872,650;-21,475;1242,913
2019-11-27;11;23855,638;15781,413;-2,438;0,000;6716,150;18,475;1351,775
2019-11-27;12;23985,150;15921,138;230,125;0,000;6715,713;-2,100;1355,313
2019-11-27;13;24001,988;15847,338;325,025;0,000;6803,450;36,350;1322,375
2019-11-27;14;24096,325;16129,438;268,150;0,000;6823,250;-12,738;1158,750
2019-11-27;15;23849,425;15837,250;13,813;0,000;6989,050;-69,463;1096,425
2019-11-27;16;24176,000;15955,788;200,163;0,000;7269,013;-60,963;1011,863
2019-11-27;17;24899,675;16181,675;359,125;0,000;7543,038;-37,713;1208,725
2019-11-27;18;24749,950;15909,738;455,513;0,000;7611,913;-6,025;1241,988
2019-11-27;19;24319,350;15652,538;605,988;0,000;7547,538;4,313;1121,025
2019-11-27;20;24064,750;15131,325;762,525;0,000;7526,350;59,413;1356,175
2019-11-27;21;23359,488;14530,713;733,088;0,000;7496,225;-27,338;1361,775
2019-11-27;22;21807,500;12842,413;339,275;0,000;7550,663;63,863;1358,538
2019-11-27;23;20316,800;11391,738;222,275;0,000;7564,388;27,688;1345,688
2019-11-27;24;18938,613;10154,163;-89,438;0,000;7578,375;-8,688;1313,213
