Data;Godzina;Krajowe zapotrzebowanie na moc;Sumaryczna generacja JWCD;Generacja PI;Generacja IRZ;Sumaryczna generacja nJWCD;Krajowe saldo wymiany miêdzysystemowej równoleg³ej;Krajowe saldo wymiany miêdzysystemowej nierównoleg³ej
2019-10-19;1;16701,438;8649,613;132,925;0,000;6207,213;683,375;1168,775
2019-10-19;2;16148,538;8688,425;-10,875;0,000;6060,538;489,663;925,388
2019-10-19;3;15708,938;8676,513;-10,700;0,000;5882,225;363,888;802,425
2019-10-19;4;15589,438;8697,875;-9,413;0,000;5630,663;427,225;847,950
2019-10-19;5;15478,175;8426,713;-10,650;0,000;5385,938;593,138;1090,750
2019-10-19;6;15643,288;8238,650;-10,550;0,000;5246,488;829,588;1340,900
2019-10-19;7;16777,075;9389,650;-78,138;0,000;5070,613;1080,925;1311,538
2019-10-19;8;17670,925;10670,988;-10,013;0,000;5091,913;856,600;1063,313
2019-10-19;9;18928,550;11968,350;-6,188;0,000;5007,763;916,413;1044,163
2019-10-19;10;19584,200;12721,538;11,513;0,000;4970,613;852,788;1043,488
2019-10-19;11;19665,863;12806,675;13,888;0,000;4939,600;878,538;1045,113
2019-10-19;12;19764,075;12938,600;13,863;0,000;4935,400;859,263;1044,163
2019-10-19;13;19692,663;12974,838;-4,138;0,000;4875,050;808,838;1046,775
2019-10-19;14;19374,913;12727,925;-6,675;0,000;4835,400;773,963;1045,063
2019-10-19;15;18785,213;12182,175;-6,375;0,000;4798,425;769,763;1043,063
2019-10-19;16;18576,800;11973,325;-6,350;0,000;4811,663;755,475;1045,075
2019-10-19;17;18470,825;11729,225;-6,300;0,000;4841,350;842,025;1062,675
2019-10-19;18;18779,038;11100,175;237,838;0,000;5037,838;1298,688;1341,313
2019-10-19;19;19955,125;11837,638;474,163;0,000;5371,025;1382,188;1366,875
2019-10-19;20;19940,950;11435,063;434,713;0,000;5642,238;1505,813;1366,000
2019-10-19;21;19236,500;10618,225;326,913;0,000;5765,150;1494,313;1366,663
2019-10-19;22;18016,338;9278,788;158,975;0,000;5907,438;1471,163;1368,300
2019-10-19;23;16886,863;8353,175;-9,288;0,000;5776,200;1441,563;1330,175
2019-10-19;24;15826,138;8374,650;-10,575;0,000;5784,675;823,725;854,413
