Data;Godzina;Krajowe zapotrzebowanie na moc;Sumaryczna generacja JWCD;Generacja PI;Generacja IRZ;Sumaryczna generacja nJWCD;Krajowe saldo wymiany miêdzysystemowej równoleg³ej;Krajowe saldo wymiany miêdzysystemowej nierównoleg³ej
2019-02-13;1;18479,313;10227,238;-10,338;0,000;8225,375;151,013;-107,313
2019-02-13;2;17946,250;9962,725;-36,013;0,000;8127,750;-1,938;-97,513
2019-02-13;3;17587,000;9568,938;-299,588;0,000;8273,525;-14,350;61,363
2019-02-13;4;17582,175;9409,138;-347,725;0,000;8527,938;-46,300;49,088
2019-02-13;5;17895,013;9514,350;-348,363;0,000;8913,625;44,275;-216,400
2019-02-13;6;18760,938;9850,525;-233,350;0,000;9234,000;180,088;-257,438
2019-02-13;7;21254,075;11339,400;-35,675;0,000;9482,700;143,113;323,363
2019-02-13;8;22913,600;12502,913;-7,813;0,000;9878,525;-152,775;703,188
2019-02-13;9;23907,250;12468,938;65,850;0,000;10191,300;381,175;881,600
2019-02-13;10;24325,250;12407,338;42,150;0,000;10362,163;511,500;1058,438
2019-02-13;11;24158,525;12193,425;36,150;0,000;10395,100;481,650;1101,088
2019-02-13;12;24526,125;12220,888;19,650;0,000;10554,850;479,688;1273,975
2019-02-13;13;24552,925;12283,650;-0,613;0,000;10495,475;513,725;1271,713
2019-02-13;14;24635,475;12364,638;263,888;0,000;10528,025;470,838;1283,150
2019-02-13;15;24125,688;12224,125;70,238;0,000;10582,575;482,400;846,275
2019-02-13;16;23630,650;11881,763;-2,763;0,000;10645,063;406,813;706,013
2019-02-13;17;23588,900;11913,300;15,163;0,000;10564,163;320,238;793,638
2019-02-13;18;24461,100;12217,138;36,325;0,000;10649,188;330,225;1267,250
2019-02-13;19;24397,163;12786,213;91,725;0,000;10574,675;-247,488;1282,450
2019-02-13;20;24170,750;12321,063;159,025;0,000;10225,238;339,638;1294,238
2019-02-13;21;23341,588;11856,838;278,025;0,000;9804,575;411,588;1276,250
2019-02-13;22;21905,963;11551,538;57,438;0,000;9641,188;215,463;508,688
2019-02-13;23;20350,063;10193,075;-8,375;0,000;9258,238;220,313;692,800
2019-02-13;24;19196,588;10128,613;-8,925;0,000;8903,988;118,800;62,325
