Data;Godzina;Krajowe zapotrzebowanie na moc;Sumaryczna generacja JWCD;Generacja PI;Generacja IRZ;Sumaryczna generacja nJWCD;Krajowe saldo wymiany miêdzysystemowej równoleg³ej;Krajowe saldo wymiany miêdzysystemowej nierównoleg³ej
2019-01-21;1;17137,463;11790,250;-11,913;0,000;7099,563;-1533,138;-203,075
2019-01-21;2;16767,850;11612,713;-28,650;0,000;7056,725;-1611,600;-259,513
2019-01-21;3;16596,063;11688,013;-147,250;0,000;7018,238;-1435,175;-525,725
2019-01-21;4;16733,250;12011,350;-378,425;7,325;6981,275;-1449,425;-426,288
2019-01-21;5;17094,713;12174,963;-409,413;35,563;7000,550;-1231,350;-436,650
2019-01-21;6;18212,763;12507,588;-373,013;69,425;7057,938;-672,600;-291,800
2019-01-21;7;21338,275;14417,438;-47,463;85,613;7111,338;-356,325;212,475
2019-01-21;8;23717,425;16523,538;18,838;83,875;7224,788;-155,225;126,338
2019-01-21;9;24658,900;17221,063;200,238;85,850;7161,463;-8,425;292,688
2019-01-21;10;25232,713;17145,113;215,763;85,800;7233,163;124,938;743,088
2019-01-21;11;25376,300;17132,725;58,813;85,800;7372,125;67,975;810,000
2019-01-21;12;25659,088;17020,800;33,563;85,800;7450,638;413,138;789,738
2019-01-21;13;25786,188;17169,800;-2,150;85,925;7504,700;238,050;894,663
2019-01-21;14;25866,250;17451,225;205,663;85,950;7458,413;90,575;876,388
2019-01-21;15;25190,313;17210,925;-6,775;85,888;7414,350;-113,000;691,763
2019-01-21;16;24925,013;17223,463;-6,313;85,863;7423,938;-163,200;447,125
2019-01-21;17;25295,050;16911,300;29,613;85,925;7509,863;165,950;712,350
2019-01-21;18;25797,525;17289,400;60,375;85,800;7616,263;228,088;667,675
2019-01-21;19;25356,763;17202,125;163,250;85,925;7678,950;91,138;388,600
2019-01-21;20;25280,088;17081,938;224,725;85,800;7607,775;-1,025;598,438
2019-01-21;21;24655,238;16761,963;304,500;85,988;7510,463;-208,100;602,750
2019-01-21;22;23112,825;15913,738;303,025;85,988;7417,375;-468,613;271,238
2019-01-21;23;21785,550;14437,600;4,975;85,863;7282,013;-543,825;625,125
2019-01-21;24;20408,900;13898,438;-8,063;85,988;7154,963;-783,663;154,688
