Data;Godzina;Krajowe zapotrzebowanie na moc;Sumaryczna generacja JWCD;Generacja PI;Generacja IRZ;Sumaryczna generacja nJWCD;Krajowe saldo wymiany miêdzysystemowej równoleg³ej;Krajowe saldo wymiany miêdzysystemowej nierównoleg³ej
2019-07-28;1;14659,413;8347,638;-9,575;0,000;5042,263;511,013;768,250
2019-07-28;2;13879,875;8412,450;-9,813;0,000;4724,863;253,713;495,625
2019-07-28;3;13565,475;8896,088;-130,425;0,000;4480,425;14,363;307,575
2019-07-28;4;13439,425;8883,475;-289,175;0,000;4594,538;13,038;240,450
2019-07-28;5;13243,913;8922,163;-388,188;0,000;4578,063;-56,825;191,213
2019-07-28;6;12822,413;8766,350;-666,288;0,000;4534,013;-9,488;198,375
2019-07-28;7;13256,575;8988,475;-794,950;0,000;4349,000;243,075;472,813
2019-07-28;8;14075,938;8798,475;-604,725;0,000;4054,450;701,088;1131,775
2019-07-28;9;15080,988;9203,525;-55,938;0,000;3894,925;783,463;1260,250
2019-07-28;10;16184,938;10343,075;-6,250;0,000;3807,113;903,525;1137,863
2019-07-28;11;16803,350;11113,338;90,925;0,000;3789,413;819,988;1089,438
2019-07-28;12;17025,800;11244,138;224,775;0,000;3845,513;817,363;1119,600
2019-07-28;13;17081,250;11030,150;0,138;0,000;3980,763;929,100;1144,900
2019-07-28;14;17205,063;11191,375;-2,175;0,000;4020,875;926,850;1071,938
2019-07-28;15;17042,050;11004,338;-2,775;0,000;4020,438;897,475;1124,963
2019-07-28;16;16880,063;11035,075;-2,738;0,000;3881,438;836,613;1127,738
2019-07-28;17;16795,213;11025,450;-2,800;0,000;3730,988;909,125;1132,575
2019-07-28;18;16831,138;11156,475;182,213;0,000;3609,963;1037,575;1032,775
2019-07-28;19;16939,150;11270,575;65,625;0,000;3518,150;1091,138;1068,863
2019-07-28;20;17207,300;11451,463;208,663;0,000;3590,025;1089,838;1084,163
2019-07-28;21;17359,875;11386,800;91,125;0,000;3861,988;946,338;1173,888
2019-07-28;22;17736,938;11313,500;29,763;0,000;4132,850;1037,550;1258,388
2019-07-28;23;16974,300;10384,400;0,463;0,000;4321,113;1012,188;1270,388
2019-07-28;24;15683,813;9484,713;-12,188;0,000;4193,538;799,800;1227,888
