Data;Godzina;Krajowe zapotrzebowanie na moc;Sumaryczna generacja JWCD;Generacja PI;Generacja IRZ;Sumaryczna generacja nJWCD;Krajowe saldo wymiany miêdzysystemowej równoleg³ej;Krajowe saldo wymiany miêdzysystemowej nierównoleg³ej
2019-08-20;1;16520,513;12199,950;-190,888;0,000;3464,388;588,125;458,813
2019-08-20;2;16031,500;12311,988;-190,500;0,000;3381,838;263,538;265,900
2019-08-20;3;15640,425;12325,738;-276,413;0,000;3325,288;104,675;162,800
2019-08-20;4;15628,275;12390,138;-334,425;0,000;3293,213;111,838;172,438
2019-08-20;5;15872,238;12594,688;-390,213;0,000;3262,688;146,888;260,588
2019-08-20;6;15938,425;12417,263;-547,250;0,000;3247,375;384,050;441,725
2019-08-20;7;17948,638;13627,575;-116,038;0,000;3243,288;592,088;609,075
2019-08-20;8;20028,150;15309,388;-3,850;0,000;3273,763;799,175;650,850
2019-08-20;9;21254,250;16495,275;42,588;0,000;3294,475;822,788;646,613
2019-08-20;10;21785,263;17042,988;98,338;0,000;3305,425;801,313;642,763
2019-08-20;11;21721,450;16943,575;104,025;0,000;3383,688;743,425;653,963
2019-08-20;12;22157,163;17178,938;103,875;0,000;3562,613;772,775;648,713
2019-08-20;13;22302,813;17230,875;132,225;0,000;3679,263;753,475;649,700
2019-08-20;14;22279,663;17223,563;171,000;0,000;3676,738;734,675;648,050
2019-08-20;15;21994,900;16911,375;88,663;0,000;3635,813;803,113;646,638
2019-08-20;16;21879,950;16911,513;71,650;0,000;3549,638;779,813;648,888
2019-08-20;17;21580,513;16623,938;113,250;0,000;3522,663;786,075;653,250
2019-08-20;18;21174,675;16252,838;306,875;0,000;3538,800;733,513;644,063
2019-08-20;19;20971,350;15911,188;463,550;0,000;3623,250;774,275;656,700
2019-08-20;20;21281,488;16006,488;769,750;0,000;3834,275;782,713;651,675
2019-08-20;21;21948,988;16549,763;896,200;0,000;3975,050;781,388;645,700
2019-08-20;22;20756,925;15152,738;290,075;0,000;4212,263;761,188;659,913
2019-08-20;23;19115,213;13367,925;7,000;0,000;4303,175;815,838;638,125
2019-08-20;24;17829,375;11909,313;-5,675;0,000;4566,250;730,038;634,925
