Data;Godzina;Krajowe zapotrzebowanie na moc;Sumaryczna generacja JWCD;Generacja PI;Generacja IRZ;Sumaryczna generacja nJWCD;Krajowe saldo wymiany miêdzysystemowej równoleg³ej;Krajowe saldo wymiany miêdzysystemowej nierównoleg³ej
2019-08-25;1;14464,713;8975,613;-6,225;0,000;4442,275;531,813;529,538
2019-08-25;2;13877,325;8828,250;-8,613;0,000;4363,450;349,288;348,488
2019-08-25;3;13527,163;9000,388;-10,325;0,000;4344,263;20,963;173,550
2019-08-25;4;13360,388;8973,863;-10,325;0,000;4242,838;0,063;158,938
2019-08-25;5;13248,650;8937,538;-10,113;0,000;4215,200;-50,600;161,038
2019-08-25;6;12953,725;8697,638;-123,825;0,000;4244,688;-24,600;164,038
2019-08-25;7;13161,725;8860,163;-191,138;0,000;4223,325;90,300;181,250
2019-08-25;8;14098,325;9517,838;-122,788;0,000;4019,275;319,125;365,438
2019-08-25;9;15080,688;10520,375;-6,625;0,000;3456,500;568,613;543,463
2019-08-25;10;16046,313;11338,563;-7,425;0,000;3322,325;758,325;640,888
2019-08-25;11;16557,800;11447,000;-8,163;0,000;3719,413;752,100;652,675
2019-08-25;12;16608,013;11117,550;11,413;0,000;4001,163;845,913;650,313
2019-08-25;13;16700,863;11268,375;39,625;0,000;3875,038;913,588;647,975
2019-08-25;14;16721,925;11406,225;25,488;0,000;3775,088;897,163;653,163
2019-08-25;15;16488,238;11287,863;-4,025;0,000;3691,363;871,950;649,438
2019-08-25;16;16383,875;11229,925;-7,063;0,000;3652,588;868,813;640,925
2019-08-25;17;16373,888;11187,800;-7,288;0,000;3687,150;861,838;650,375
2019-08-25;18;16549,513;11243,588;-8,125;0,000;3763,688;898,625;653,825
2019-08-25;19;16646,663;11426,775;20,588;0,000;3691,988;886,013;650,288
2019-08-25;20;17086,200;11752,150;102,288;0,000;3868,875;817,288;660,875
2019-08-25;21;18078,038;12224,225;81,588;0,000;4392,563;810,300;660,413
2019-08-25;22;17417,600;11082,450;53,625;0,000;4906,888;803,838;639,350
2019-08-25;23;16436,738;9966,100;0,675;0,000;5009,975;829,238;646,050
2019-08-25;24;15330,138;9069,825;-7,550;0,000;4882,538;782,063;612,588
