Data;Godzina;Krajowe zapotrzebowanie na moc;Sumaryczna generacja JWCD;Generacja PI;Generacja IRZ;Sumaryczna generacja nJWCD;Krajowe saldo wymiany miêdzysystemowej równoleg³ej;Krajowe saldo wymiany miêdzysystemowej nierównoleg³ej
2019-09-25;1;16962,950;11137,800;-13,925;0,000;4936,688;398,850;508,675
2019-09-25;2;16539,300;11106,700;-15,925;0,000;4842,025;263,413;347,200
2019-09-25;3;16182,713;11020,513;-100,363;0,000;4812,788;147,825;308,238
2019-09-25;4;16250,788;10990,963;-222,025;0,000;4884,988;258,525;342,063
2019-09-25;5;16514,975;11034,463;-497,825;0,000;4919,000;605,588;456,388
2019-09-25;6;17224,363;11330,925;-428,375;0,000;4898,700;838,975;589,038
2019-09-25;7;19613,438;13474,863;-27,800;0,000;5014,625;878,163;276,475
2019-09-25;8;21598,975;15829,213;-6,375;0,000;4942,638;672,900;157,288
2019-09-25;9;22491,100;16852,000;-4,513;0,000;4627,263;758,338;254,188
2019-09-25;10;22558,288;17075,988;-6,063;0,000;4358,175;749,100;387,150
2019-09-25;11;22357,788;17072,088;14,125;0,000;4305,688;691,175;295,913
2019-09-25;12;22501,638;16957,800;14,438;0,000;4353,425;721,500;484,925
2019-09-25;13;22522,738;16816,325;-1,813;0,000;4514,525;775,263;427,888
2019-09-25;14;22404,088;16862,125;-6,425;0,000;4368,813;641,025;535,000
2019-09-25;15;22170,500;16602,000;-3,213;0,000;4226,725;622,713;728,238
2019-09-25;16;22140,288;16582,738;-4,438;0,000;4207,888;617,913;742,000
2019-09-25;17;21924,763;16464,475;-4,525;0,000;4195,075;533,775;737,825
2019-09-25;18;21836,775;16406,613;-3,513;0,000;4268,838;473,225;695,863
2019-09-25;19;22330,000;16815,300;120,088;0,000;4356,688;710,950;445,413
2019-09-25;20;23481,400;17578,038;344,038;0,000;4556,475;769,375;580,088
2019-09-25;21;22923,825;16713,788;378,038;0,000;4657,588;833,975;731,225
2019-09-25;22;21238,350;14967,125;226,063;0,000;4541,700;1013,925;735,413
2019-09-25;23;19500,750;13300,713;-7,400;0,000;4410,525;1072,950;739,100
2019-09-25;24;18024,900;12174,475;-7,875;0,000;4255,788;899,563;718,100
