Data;Godzina;Krajowe zapotrzebowanie na moc;Sumaryczna generacja JWCD;Generacja PI;Generacja IRZ;Sumaryczna generacja nJWCD;Krajowe saldo wymiany miêdzysystemowej równoleg³ej;Krajowe saldo wymiany miêdzysystemowej nierównoleg³ej
2019-02-24;1;16371,650;9089,013;-10,725;160,213;7476,188;-163,988;-15,475
2019-02-24;2;15865,375;9088,950;-13,075;158,488;7417,750;-471,763;-152,600
2019-02-24;3;15515,350;9074,763;-12,000;159,038;7317,113;-535,388;-329,338
2019-02-24;4;15389,625;8964,925;-13,188;160,238;7237,038;-541,625;-262,563
2019-02-24;5;15324,775;9086,438;-11,338;159,113;7081,563;-467,313;-362,600
2019-02-24;6;15542,775;9328,575;-11,088;158,600;7076,738;-302,325;-546,850
2019-02-24;7;15691,363;9271,263;-12,150;156,550;6959,288;-3,250;-519,963
2019-02-24;8;16120,888;9630,550;-12,650;149,988;6901,700;-163,763;-232,388
2019-02-24;9;17119,188;9948,888;5,713;150,850;6688,350;402,738;92,213
2019-02-24;10;18015,975;10482,875;7,663;147,738;6458,850;463,638;630,875
2019-02-24;11;18568,500;11162,475;32,388;149,863;6347,150;464,763;605,063
2019-02-24;12;18663,500;11183,888;37,213;149,538;6259,563;377,513;848,313
2019-02-24;13;18641,688;10889,563;-0,375;150,288;6224,313;608,863;932,950
2019-02-24;14;18597,650;10540,038;-4,988;148,325;6263,825;570,850;1242,500
2019-02-24;15;18266,913;10018,200;-5,375;150,588;6345,113;640,663;1276,088
2019-02-24;16;17915,250;9690,588;-4,800;150,063;6450,050;519,488;1258,175
2019-02-24;17;17884,963;10382,100;130,025;149,538;6590,263;154,475;761,375
2019-02-24;18;18862,513;11057,875;331,463;149,038;7129,538;-569,000;1244,263
2019-02-24;19;19999,888;11644,475;736,950;148,175;7988,663;-900,613;1269,363
2019-02-24;20;20214,438;11479,438;714,150;148,225;8656,338;-1195,025;1280,400
2019-02-24;21;19687,013;10947,825;632,775;149,588;8896,363;-1418,513;1268,763
2019-02-24;22;18702,413;9989,013;241,838;147,725;8881,650;-1424,538;1268,313
2019-02-24;23;17851,713;9540,438;42,188;149,100;8755,363;-1434,088;1001,363
2019-02-24;24;16844,975;8849,125;-11,450;148,013;8597,275;-1304,400;717,225
