Data;Godzina;Krajowe zapotrzebowanie na moc;Sumaryczna generacja JWCD;Generacja PI;Generacja IRZ;Sumaryczna generacja nJWCD;Krajowe saldo wymiany miêdzysystemowej równoleg³ej;Krajowe saldo wymiany miêdzysystemowej nierównoleg³ej
2019-10-28;1;15086,288;8091,988;-65,363;78,900;6635,475;138,125;340,700
2019-10-28;2;14797,588;8162,375;-353,950;77,788;6636,550;96,363;262,613
2019-10-28;3;14636,688;8139,750;-353,375;75,463;6637,925;-49,663;268,238
2019-10-28;4;14796,575;8116,175;-369,500;76,625;6791,150;-3,725;269,500
2019-10-28;5;15257,225;8603,763;-485,550;77,675;6830,263;44,925;273,863
2019-10-28;6;16417,363;9486,575;-385,400;76,338;6974,525;-66,938;412,075
2019-10-28;7;19194,600;11416,038;-34,138;75,538;7241,838;-6,688;581,550
2019-10-28;8;21260,588;13413,388;-7,150;78,275;7167,550;259,188;431,113
2019-10-28;9;22221,838;14152,225;-7,025;78,400;6948,588;372,088;760,513
2019-10-28;10;22469,288;14262,000;35,075;77,300;6911,488;299,025;1008,325
2019-10-28;11;22270,325;14208,875;153,275;77,225;6898,100;-17,325;1200,538
2019-10-28;12;22598,313;14257,100;14,475;76,763;6897,513;159,438;1294,300
2019-10-28;13;22793,288;14500,100;-6,638;77,138;6851,863;97,475;1351,875
2019-10-28;14;22694,625;14422,563;-6,938;74,963;6653,600;256,463;1367,575
2019-10-28;15;22304,275;14025,725;-6,975;77,363;6464,575;452,375;1369,000
2019-10-28;16;22187,600;14472,638;-6,663;75,875;6199,200;164,450;1357,925
2019-10-28;17;22529,175;15116,875;10,263;75,938;5986,513;80,375;1349,400
2019-10-28;18;23377,913;16022,925;282,738;78,063;6043,038;-49,725;1360,950
2019-10-28;19;23098,613;15589,738;316,675;75,850;6062,688;90,125;1361,813
2019-10-28;20;22967,425;15214,950;387,113;77,800;6086,125;315,500;1362,975
2019-10-28;21;22515,925;15156,863;176,925;77,675;5991,163;-0,225;1373,500
2019-10-28;22;21007,775;13774,238;-4,288;76,500;5922,388;-45,238;1369,263
2019-10-28;23;19303,325;12091,025;-9,563;76,575;5724,675;146,350;1352,538
2019-10-28;24;18031,175;10887,725;-8,813;79,725;5508,288;302,225;1348,163
