Data;Godzina;Krajowe zapotrzebowanie na moc;Sumaryczna generacja JWCD;Generacja PI;Generacja IRZ;Sumaryczna generacja nJWCD;Krajowe saldo wymiany miêdzysystemowej równoleg³ej;Krajowe saldo wymiany miêdzysystemowej nierównoleg³ej
2019-04-09;1;16780,375;10461,500;-180,838;0,000;6263,550;92,013;155,213
2019-04-09;2;16252,563;10550,175;-432,850;0,000;6095,775;-17,375;59,513
2019-04-09;3;15925,900;10449,763;-546,700;0,000;5988,900;-26,025;59,313
2019-04-09;4;16008,925;10616,100;-628,025;0,000;5963,688;-8,613;66,375
2019-04-09;5;16359,000;10819,313;-676,638;0,000;6003,063;79,450;139,850
2019-04-09;6;16823,775;10390,538;-576,938;0,000;6030,138;371,400;620,513
2019-04-09;7;18735,138;11082,613;-206,513;0,000;6122,888;633,200;1109,213
2019-04-09;8;20798,813;12891,988;-3,963;0,000;6031,950;725,738;1149,888
2019-04-09;9;21671,750;13857,813;41,038;0,000;5888,375;785,400;1149,588
2019-04-09;10;21904,875;14162,113;91,625;0,000;5738,475;876,100;1150,138
2019-04-09;11;21744,400;14253,400;98,050;0,000;5562,113;790,013;1156,088
2019-04-09;12;22036,638;14562,688;43,463;0,000;5520,350;818,588;1149,625
2019-04-09;13;22011,475;14623,663;0,525;0,000;5484,600;776,963;1143,463
2019-04-09;14;21885,000;14319,913;-4,250;0,000;5643,388;796,288;1139,925
2019-04-09;15;21400,188;13778,350;-4,113;0,000;5664,950;824,038;1138,750
2019-04-09;16;21193,100;13561,388;-4,263;0,000;5728,825;778,425;1138,563
2019-04-09;17;20861,025;13073,213;-4,213;0,000;5833,713;823,063;1141,088
2019-04-09;18;20650,525;12723,038;-4,100;0,000;6016,200;772,463;1153,263
2019-04-09;19;20635,013;12586,400;132,563;0,000;6112,325;793,950;1154,500
2019-04-09;20;21596,150;13402,500;324,288;0,000;6281,650;768,363;1154,513
2019-04-09;21;22337,388;13884,925;246,413;0,000;6467,475;841,638;1154,163
2019-04-09;22;20890,300;12527,475;106,100;0,000;6457,938;770,900;1155,400
2019-04-09;23;19380,625;10972,200;-2,150;0,000;6424,550;844,900;1153,538
2019-04-09;24;18069,238;9999,500;-6,750;0,000;6281,250;677,100;1123,450
