Data;Godzina;Krajowe zapotrzebowanie na moc;Sumaryczna generacja JWCD;Generacja PI;Generacja IRZ;Sumaryczna generacja nJWCD;Krajowe saldo wymiany miêdzysystemowej równoleg³ej;Krajowe saldo wymiany miêdzysystemowej nierównoleg³ej
2019-02-21;1;17922,700;10351,850;-8,388;70,175;7080,675;459,388;51,325
2019-02-21;2;17272,075;10040,938;-10,463;70,113;6961,500;369,538;-83,638
2019-02-21;3;16976,488;9841,613;-8,613;70,138;6893,500;326,363;-69,850
2019-02-21;4;16831,963;9842,625;-27,400;70,088;6850,650;290,925;-113,838
2019-02-21;5;17192,813;10280,338;-322,663;70,413;6973,800;448,575;-184,125
2019-02-21;6;18028,263;10756,013;-346,850;70,138;7171,325;431,425;25,813
2019-02-21;7;20356,538;11804,525;-82,825;70,138;7469,225;434,275;730,700
2019-02-21;8;22160,213;13501,763;-7,275;70,238;7611,938;96,138;951,475
2019-02-21;9;23253,400;14178,825;11,138;70,163;7675,050;544,550;857,388
2019-02-21;10;23586,688;14462,500;298,588;70,325;7712,788;534,575;894,613
2019-02-21;11;23547,250;14521,238;78,463;70,400;7598,675;554,575;881,675
2019-02-21;12;23782,938;14391,350;119,338;70,200;7681,263;460,963;1258,863
2019-02-21;13;23887,538;14377,213;122,238;70,150;7721,350;523,388;1276,538
2019-02-21;14;23998,013;14534,225;300,675;70,188;7702,100;477,313;1291,713
2019-02-21;15;23707,938;14178,150;221,363;70,288;7761,363;498,700;1262,075
2019-02-21;16;23482,700;13959,538;-7,400;27,213;7858,688;515,788;1151,525
2019-02-21;17;23406,738;13992,063;40,500;0,000;7879,750;530,163;1011,325
2019-02-21;18;24024,875;14838,163;440,813;0,000;7792,150;480,775;918,588
2019-02-21;19;24105,488;14857,963;364,550;0,000;7813,925;469,400;971,488
2019-02-21;20;24041,500;14309,950;170,700;0,000;7985,900;525,113;1241,900
2019-02-21;21;23229,513;13633,900;43,088;0,000;7958,888;379,788;1279,988
2019-02-21;22;21778,213;12449,800;-5,538;0,000;8261,200;12,325;1075,925
2019-02-21;23;20309,700;10812,363;-10,488;0,000;8485,588;178,575;856,438
2019-02-21;24;19123,888;10180,038;-12,375;0,000;8700,500;207,575;60,725
