Data;Godzina;Krajowe zapotrzebowanie na moc;Sumaryczna generacja JWCD;Generacja PI;Generacja IRZ;Sumaryczna generacja nJWCD;Krajowe saldo wymiany miêdzysystemowej równoleg³ej;Krajowe saldo wymiany miêdzysystemowej nierównoleg³ej
2019-03-09;1;17508,800;7913,938;-191,438;0,000;8471,850;381,138;938,463
2019-03-09;2;16910,063;7492,450;-352,013;0,000;8308,113;428,650;1033,938
2019-03-09;3;16450,713;7383,013;-403,213;0,000;8200,250;330,263;944,713
2019-03-09;4;16381,388;7559,138;-486,050;0,000;8159,575;299,688;851,413
2019-03-09;5;16563,488;7804,350;-484,250;0,000;8253,963;298,550;690,063
2019-03-09;6;16583,850;8064,138;-483,938;0,000;8406,950;7,838;591,825
2019-03-09;7;17132,613;7882,050;-465,725;0,000;8540,188;286,400;891,263
2019-03-09;8;18456,713;8441,050;-207,200;0,000;8743,275;502,050;978,750
2019-03-09;9;19584,313;8997,238;194,213;0,000;8827,813;572,125;1190,338
2019-03-09;10;20236,888;9216,650;297,438;0,000;9233,500;458,600;1330,663
2019-03-09;11;20468,975;8862,038;191,950;0,000;9742,113;529,700;1341,638
2019-03-09;12;20575,138;8630,000;341,188;0,000;10115,313;486,988;1342,913
2019-03-09;13;20446,038;8488,950;342,688;0,000;10222,550;496,950;1245,675
2019-03-09;14;20252,425;8357,288;330,600;0,000;10353,250;422,713;1123,488
2019-03-09;15;19708,813;7975,800;133,375;0,000;10235,013;360,713;1138,700
2019-03-09;16;19395,000;7997,775;2,363;0,000;9976,725;434,738;989,875
2019-03-09;17;19421,900;8260,113;-6,750;0,000;9783,963;462,675;915,425
2019-03-09;18;19763,675;9066,588;139,413;0,000;9398,213;497,338;798,988
2019-03-09;19;20561,638;9864,875;544,363;0,000;9029,238;494,438;1175,538
2019-03-09;20;20429,313;10381,475;665,063;0,000;8673,400;439,088;946,975
2019-03-09;21;19845,638;9987,225;443,713;0,000;8527,613;393,363;945,938
2019-03-09;22;18741,263;9330,563;192,225;0,000;8796,750;24,788;604,738
2019-03-09;23;17620,675;8342,363;-1,150;0,000;8996,738;20,413;270,750
2019-03-09;24;16488,838;7284,338;-10,538;0,000;8986,238;0,463;235,775
