Data;Godzina;Krajowe zapotrzebowanie na moc;Sumaryczna generacja JWCD;Generacja PI;Generacja IRZ;Sumaryczna generacja nJWCD;Krajowe saldo wymiany miêdzysystemowej równoleg³ej;Krajowe saldo wymiany miêdzysystemowej nierównoleg³ej
2019-08-08;1;16434,163;11874,263;-249,763;0,000;3721,613;517,000;577,050
2019-08-08;2;15844,675;11586,563;-334,975;0,000;3931,738;277,125;389,200
2019-08-08;3;15502,688;11409,463;-384,725;0,000;4100,600;130,088;251,050
2019-08-08;4;15511,188;11506,000;-466,963;0,000;4228,963;53,513;191,488
2019-08-08;5;15444,775;11259,013;-348,013;0,000;4383,463;-51,963;206,250
2019-08-08;6;15410,038;10780,963;-457,338;0,000;4663,750;158,788;270,988
2019-08-08;7;17457,350;11820,425;-121,988;0,000;4807,975;492,813;466,925
2019-08-08;8;19503,463;13854,300;41,625;0,000;4773,388;716,400;173,750
2019-08-08;9;20618,638;14897,800;7,650;0,000;4789,575;735,738;203,950
2019-08-08;10;21184,813;15140,738;-6,375;0,000;5005,625;796,850;254,000
2019-08-08;11;21119,900;14805,263;-6,163;0,000;5254,900;735,325;340,888
2019-08-08;12;21425,063;14684,063;202,663;0,000;5492,888;838,075;417,213
2019-08-08;13;21526,838;14758,575;199,975;0,000;5575,175;783,850;412,963
2019-08-08;14;21615,138;14834,325;156,150;0,000;5499,075;859,438;428,350
2019-08-08;15;21292,613;14896,638;131,000;0,000;5312,188;792,275;303,663
2019-08-08;16;21117,450;14899,188;129,388;0,000;5120,763;757,475;351,000
2019-08-08;17;20758,200;14585,688;127,800;0,000;4916,725;807,513;453,813
2019-08-08;18;20419,050;14348,950;187,013;0,000;4742,413;729,188;608,713
2019-08-08;19;20058,650;14387,550;239,613;0,000;4438,988;735,338;508,075
2019-08-08;20;20161,888;14747,475;282,825;0,000;4042,200;790,150;584,750
2019-08-08;21;20628,125;15094,750;365,488;0,000;4015,263;915,538;605,325
2019-08-08;22;20293,563;14033,500;231,150;0,000;4575,750;1021,588;668,813
2019-08-08;23;18669,638;12382,000;170,488;0,000;4562,038;1053,475;689,200
2019-08-08;24;17207,638;11317,500;149,513;0,000;4449,425;791,500;666,538
