Data;Godzina;Krajowe zapotrzebowanie na moc;Sumaryczna generacja JWCD;Generacja PI;Generacja IRZ;Sumaryczna generacja nJWCD;Krajowe saldo wymiany miêdzysystemowej równoleg³ej;Krajowe saldo wymiany miêdzysystemowej nierównoleg³ej
2019-09-22;1;14714,563;8706,388;-10,288;0,000;4218,763;1093,038;706,200
2019-09-22;2;14146,113;8479,100;-28,350;0,000;4228,725;882,763;585,388
2019-09-22;3;13749,838;8584,388;-148,613;0,000;4294,863;550,700;473,263
2019-09-22;4;13557,150;8466,300;-148,038;0,000;4425,175;364,688;445,988
2019-09-22;5;13612,763;8392,150;-147,613;0,000;4471,913;410,275;486,663
2019-09-22;6;13774,125;8571,925;-148,825;0,000;4492,088;397,725;461,638
2019-09-22;7;13682,638;8436,738;-95,650;0,000;4394,425;415,350;531,963
2019-09-22;8;14336,163;8616,475;-9,750;0,000;4252,438;787,063;690,250
2019-09-22;9;15272,563;9525,513;-9,900;0,000;4205,488;842,525;710,288
2019-09-22;10;15944,138;10478,175;-10,000;0,000;4003,463;756,913;716,475
2019-09-22;11;16300,075;10700,063;-10,075;0,000;3979,200;913,600;714,975
2019-09-22;12;16219,500;10396,938;-9,838;0,000;4009,788;1109,313;711,038
2019-09-22;13;16179,450;10290,663;-9,813;0,000;4033,000;1154,863;712,038
2019-09-22;14;16091,713;10222,563;-9,650;0,000;3992,163;1174,925;711,175
2019-09-22;15;15729,263;9991,413;-10,400;0,000;3935,838;1104,063;709,825
2019-09-22;16;15436,325;9770,275;-9,713;0,000;3893,250;1073,538;710,600
2019-09-22;17;15494,575;9926,313;-10,100;0,000;3840,475;1026,913;710,475
2019-09-22;18;15756,038;10229,525;160,825;0,000;3890,275;938,288;711,625
2019-09-22;19;16548,538;10899,038;-10,063;0,000;4108,838;835,975;714,213
2019-09-22;20;18368,713;12654,238;348,300;0,000;4396,075;591,938;735,188
2019-09-22;21;18229,063;12086,225;96,900;0,000;4706,225;724,313;739,075
2019-09-22;22;17157,725;10477,363;-10,100;0,000;4765,425;1213,175;718,263
2019-09-22;23;16164,788;9530,738;-10,363;0,000;4786,163;1151,900;713,425
2019-09-22;24;15256,063;8860,225;-10,013;0,000;4699,963;1028,250;683,463
