Data;Godzina;Krajowe zapotrzebowanie na moc;Sumaryczna generacja JWCD;Generacja PI;Generacja IRZ;Sumaryczna generacja nJWCD;Krajowe saldo wymiany miêdzysystemowej równoleg³ej;Krajowe saldo wymiany miêdzysystemowej nierównoleg³ej
2019-09-16;1;14289,675;7283,050;-304,113;0,000;7085,900;43,575;187,700
2019-09-16;2;14015,463;7315,075;-654,750;0,000;7094,713;40,800;220,500
2019-09-16;3;13788,938;7269,475;-721,850;0,000;6971,950;45,025;225,325
2019-09-16;4;13724,488;7605,825;-720,325;0,000;6634,563;-13,938;222,188
2019-09-16;5;14219,338;8202,350;-717,050;0,000;6564,250;-45,513;221,238
2019-09-16;6;15203,775;8926,113;-610,013;0,000;6681,338;-1,163;214,013
2019-09-16;7;17735,675;10691,775;-167,388;0,000;6687,763;100,950;424,200
2019-09-16;8;19783,488;12440,900;-3,763;0,000;6659,100;-50,713;730,788
2019-09-16;9;20790,913;13411,913;-3,075;0,000;6625,513;-149,350;903,675
2019-09-16;10;20908,150;12565,913;-2,950;0,000;6800,175;440,625;1104,250
2019-09-16;11;20742,775;11549,663;68,338;0,000;7004,738;907,850;1286,625
2019-09-16;12;20940,525;11285,625;178,325;0,000;7176,338;1157,688;1330,050
2019-09-16;13;21104,100;11572,738;263,863;0,000;7254,150;961,250;1329,513
2019-09-16;14;21038,575;11558,675;242,963;0,000;7410,425;746,813;1326,600
2019-09-16;15;20777,288;11041,938;7,088;0,000;7317,863;1092,613;1324,400
2019-09-16;16;20755,113;11308,050;-2,713;0,000;7185,375;937,400;1329,163
2019-09-16;17;20509,088;11446,025;-2,675;0,000;6948,838;788,525;1330,438
2019-09-16;18;20455,250;11914,488;136,888;0,000;6553,925;665,875;1326,788
2019-09-16;19;20729,200;12050,988;155,800;0,000;6182,938;1180,988;1318,525
2019-09-16;20;22145,538;13964,163;208,963;0,000;6193,888;829,138;1156,725
2019-09-16;21;21826,788;13567,288;102,813;0,000;6355,313;619,863;1305,525
2019-09-16;22;20088,475;11231,688;-4,863;0,000;6479,588;1067,213;1328,813
2019-09-16;23;18258,688;9181,063;-6,788;0,000;6340,000;1429,000;1326,500
2019-09-16;24;17087,075;8423,163;-258,625;0,000;6313,325;1296,275;1321,613
