Data;Godzina;Krajowe zapotrzebowanie na moc;Sumaryczna generacja JWCD;Generacja PI;Generacja IRZ;Sumaryczna generacja nJWCD;Krajowe saldo wymiany miêdzysystemowej równoleg³ej;Krajowe saldo wymiany miêdzysystemowej nierównoleg³ej
2019-02-14;1;18121,713;9423,563;-63,538;0,000;8565,275;69,225;139,613
2019-02-14;2;17526,313;9205,200;-171,413;0,000;8374,850;-85,725;212,213
2019-02-14;3;17267,650;9067,850;-400,588;0,000;8361,325;29,625;212,538
2019-02-14;4;17279,563;9371,450;-399,563;0,000;8163,938;-11,213;154,538
2019-02-14;5;17505,575;9756,113;-400,088;0,000;7994,188;-16,813;173,663
2019-02-14;6;18340,363;10751,850;-505,038;0,000;7912,400;-38,425;233,850
2019-02-14;7;20764,663;12269,000;-122,800;0,000;7835,525;227,963;560,513
2019-02-14;8;22503,825;14048,625;14,413;0,000;7729,100;-41,113;780,038
2019-02-14;9;23710,550;14561,450;102,150;0,000;7619,525;739,288;811,363
2019-02-14;10;24066,225;14595,388;14,175;0,000;7434,963;800,675;1267,663
2019-02-14;11;23922,400;14627,513;31,563;0,000;7210,538;808,700;1292,663
2019-02-14;12;24050,113;14886,950;33,700;0,000;7117,925;759,738;1293,563
2019-02-14;13;23935,725;15041,363;-0,575;0,000;6954,075;669,975;1288,938
2019-02-14;14;24080,163;15058,925;-6,625;0,000;6955,325;789,788;1289,613
2019-02-14;15;23717,238;14927,438;-5,950;0,000;6731,775;794,775;1280,313
2019-02-14;16;23382,875;14807,875;-5,213;0,000;6558,838;736,163;1283,300
2019-02-14;17;23075,413;14559,650;11,238;0,000;6537,500;693,400;1290,675
2019-02-14;18;24036,863;15307,925;122,588;0,000;6673,975;769,025;1288,488
2019-02-14;19;24090,975;15111,613;184,850;0,000;6906,375;786,000;1283,175
2019-02-14;20;23885,050;14778,450;401,863;0,000;7037,625;797,525;1287,863
2019-02-14;21;23251,425;14384,238;570,088;0,000;6818,850;764,263;1294,963
2019-02-14;22;21808,213;13106,063;598,450;0,000;6766,275;651,150;1289,575
2019-02-14;23;20324,325;11903,300;281,938;0,000;6652,100;478,588;1293,288
2019-02-14;24;18977,325;10555,363;-8,525;0,000;6644,225;512,225;1284,350
