Data;Godzina;Krajowe zapotrzebowanie na moc;Sumaryczna generacja JWCD;Generacja PI;Generacja IRZ;Sumaryczna generacja nJWCD;Krajowe saldo wymiany miêdzysystemowej równoleg³ej;Krajowe saldo wymiany miêdzysystemowej nierównoleg³ej
2019-08-07;1;16316,838;11798,163;-3,150;0,000;3586,625;499,425;440,100
2019-08-07;2;15765,075;11915,950;-102,725;0,000;3582,725;108,188;263,800
2019-08-07;3;15393,663;12183,525;-474,413;0,000;3484,163;5,088;194,788
2019-08-07;4;15414,688;12327,725;-601,863;0,000;3508,200;-21,075;200,500
2019-08-07;5;15569,863;12400,850;-600,200;0,000;3476,125;89,175;201,138
2019-08-07;6;15580,188;11954,363;-509,175;0,000;3375,300;364,188;397,163
2019-08-07;7;17642,275;13179,250;-52,838;0,000;3411,738;637,763;464,263
2019-08-07;8;19746,038;15280,100;-4,963;0,000;3394,313;809,388;260,850
2019-08-07;9;20926,888;16545,425;17,750;0,000;3298,550;741,213;342,475
2019-08-07;10;21610,688;16924,200;17,725;0,000;3321,163;829,888;538,238
2019-08-07;11;21613,563;16906,838;3,525;0,000;3377,913;775,300;558,700
2019-08-07;12;22018,675;17151,163;69,938;0,000;3472,200;754,900;647,513
2019-08-07;13;22092,213;17097,025;68,275;0,000;3510,975;814,250;678,088
2019-08-07;14;22138,263;17063,325;21,063;0,000;3576,750;826,675;680,763
2019-08-07;15;21735,263;16657,725;46,925;0,000;3577,913;819,975;684,125
2019-08-07;16;21618,350;16666,100;94,713;0,000;3506,025;841,175;611,013
2019-08-07;17;21237,413;16317,188;203,025;0,000;3526,713;709,713;683,525
2019-08-07;18;20936,938;15928,825;284,088;0,000;3503,313;820,650;686,200
2019-08-07;19;20614,438;15432,563;120,125;0,000;3639,938;870,813;677,075
2019-08-07;20;20647,025;15457,263;71,688;0,000;3572,150;932,938;685,238
2019-08-07;21;21098,925;15697,725;270,700;0,000;3907,825;826,600;667,825
2019-08-07;22;20548,338;15081,513;365,150;0,000;3928,863;887,625;661,413
2019-08-07;23;18883,113;13599,838;386,563;0,000;3753,213;844,763;691,513
2019-08-07;24;17481,613;12431,100;-7,400;0,000;3600,763;800,700;681,213
