Data;Godzina;Krajowe zapotrzebowanie na moc;Sumaryczna generacja JWCD;Generacja PI;Generacja IRZ;Sumaryczna generacja nJWCD;Krajowe saldo wymiany miêdzysystemowej równoleg³ej;Krajowe saldo wymiany miêdzysystemowej nierównoleg³ej
2019-02-18;1;15806,400;9837,725;-96,338;0,000;5829,675;91,750;147,338
2019-02-18;2;15428,338;9651,613;-145,850;4,488;5894,950;-24,013;51,488
2019-02-18;3;15221,475;9357,238;-145,100;13,313;5957,863;12,463;39,763
2019-02-18;4;15279,400;9307,538;-143,888;26,100;5911,388;58,300;144,288
2019-02-18;5;15699,488;9672,725;-144,913;44,638;5920,575;100,375;146,663
2019-02-18;6;16840,163;10346,975;-128,388;96,075;5975,463;291,113;353,625
2019-02-18;7;19600,450;12168,588;-9,500;162,263;6091,563;404,350;946,513
2019-02-18;8;21712,313;14040,650;-5,613;180,888;6212,675;181,238;1284,238
2019-02-18;9;22894,288;14755,975;-7,038;179,575;6368,850;489,850;1291,988
2019-02-18;10;23161,638;15062,588;28,813;179,688;6325,425;500,875;1281,963
2019-02-18;11;22854,188;15062,138;34,050;180,188;6061,350;461,663;1289,138
2019-02-18;12;22891,688;15165,288;-1,850;179,725;5927,450;529,313;1283,825
2019-02-18;13;22938,950;15199,125;19,700;179,700;5824,025;639,325;1287,938
2019-02-18;14;22877,825;15290,850;24,250;179,875;5665,263;636,575;1297,263
2019-02-18;15;22384,600;14941,013;-1,563;180,013;5627,163;524,063;1289,250
2019-02-18;16;22184,388;14597,463;-4,913;179,488;5721,850;565,163;1294,900
2019-02-18;17;22102,775;14383,338;156,300;181,350;5887,163;530,438;1296,825
2019-02-18;18;23221,388;14912,450;326,250;179,600;6404,975;605,700;1298,150
2019-02-18;19;23728,813;14858,450;348,375;179,688;6995,350;571,738;1296,450
2019-02-18;20;23632,163;14255,175;470,700;180,438;7480,475;615,525;1286,675
2019-02-18;21;22856,425;13302,025;516,738;145,863;7745,513;511,650;1301,263
2019-02-18;22;21395,600;11656,475;290,400;70,275;7906,650;537,038;1298,525
2019-02-18;23;19938,638;10358,900;-5,175;70,188;7933,175;380,050;1272,375
2019-02-18;24;18557,850;9416,738;-7,950;70,225;7770,775;416,138;968,525
