Data;Godzina;Krajowe zapotrzebowanie na moc;Sumaryczna generacja JWCD;Generacja PI;Generacja IRZ;Sumaryczna generacja nJWCD;Krajowe saldo wymiany miêdzysystemowej równoleg³ej;Krajowe saldo wymiany miêdzysystemowej nierównoleg³ej
2019-09-30;1;14707,275;8017,663;-205,800;0,000;6651,213;22,825;225,913
2019-09-30;2;14297,825;8031,563;-791,513;0,000;6741,713;90,550;224,775
2019-09-30;3;14065,700;8162,713;-991,338;0,000;6657,775;13,950;226,525
2019-09-30;4;14085,900;8059,800;-988,550;0,000;6782,538;7,550;227,163
2019-09-30;5;14461,075;8537,125;-985,413;0,000;6734,750;-48,850;226,588
2019-09-30;6;15566,888;9436,850;-888,563;0,000;6806,425;7,213;204,613
2019-09-30;7;18415,563;10935,613;-81,175;0,000;6994,625;100,100;468,150
2019-09-30;8;20531,375;12529,963;-6,413;0,000;7192,875;-105,425;923,438
2019-09-30;9;21592,813;13172,900;-6,563;0,000;7366,213;2,863;1062,975
2019-09-30;10;21980,575;13424,450;-6,650;0,000;7540,925;-97,200;1134,063
2019-09-30;11;21841,750;13086,388;74,725;0,000;7542,875;-5,738;1229,788
2019-09-30;12;21984,288;13185,000;268,800;0,000;7465,063;48,750;1294,888
2019-09-30;13;21877,875;12672,000;302,400;0,000;7549,050;585,188;1083,325
2019-09-30;14;21754,238;12357,700;305,500;0,000;7730,775;632,888;1038,800
2019-09-30;15;21271,525;11256,350;268,450;0,000;8140,088;606,400;1279,300
2019-09-30;16;21251,450;10916,488;506,488;0,000;8481,913;667,075;1186,000
2019-09-30;17;21165,588;11071,913;501,050;0,000;8720,213;520,250;855,825
2019-09-30;18;21209,563;10946,375;408,288;0,000;8880,025;418,388;958,275
2019-09-30;19;21840,200;11347,575;398,388;0,000;8967,125;499,950;1025,075
2019-09-30;20;22703,663;12312,375;468,638;0,000;9058,363;270,288;1056,375
2019-09-30;21;22133,863;11809,875;308,975;0,000;9036,313;186,850;1116,338
2019-09-30;22;20525,900;10456,038;72,975;0,000;8913,925;340,288;834,150
2019-09-30;23;18778,775;9350,138;-9,513;0,000;8678,913;243,713;532,388
2019-09-30;24;17541,088;9001,063;-73,863;0,000;8451,350;-69,838;249,888
