Data;Godzina;Krajowe zapotrzebowanie na moc;Sumaryczna generacja JWCD;Generacja PI;Generacja IRZ;Sumaryczna generacja nJWCD;Krajowe saldo wymiany miêdzysystemowej równoleg³ej;Krajowe saldo wymiany miêdzysystemowej nierównoleg³ej
2019-12-02;1;15948,050;8824,288;-176,350;0,000;6833,288;162,750;308,938
2019-12-02;2;15623,538;8665,850;-354,263;0,000;6895,388;100,663;320,700
2019-12-02;3;15393,175;8542,400;-353,813;0,000;6846,975;56,313;305,113
2019-12-02;4;15370,225;8512,263;-353,550;0,000;6894,638;13,750;308,500
2019-12-02;5;15801,625;8913,513;-352,700;0,000;6909,850;74,288;260,513
2019-12-02;6;17006,975;9530,188;-224,988;0,000;7031,113;6,200;667,788
2019-12-02;7;20428,950;12104,313;59,400;0,000;7306,875;-35,788;1073,063
2019-12-02;8;22553,000;13997,763;-3,525;0,000;7486,988;162,800;903,163
2019-12-02;9;23707,775;14693,288;81,675;0,000;7618,925;190,975;1207,038
2019-12-02;10;24196,563;14886,813;31,175;0,000;7805,863;205,550;1299,200
2019-12-02;11;24049,725;14503,525;16,575;0,000;7830,900;358,963;1355,025
2019-12-02;12;24352,288;14877,325;-1,050;0,000;7900,050;217,663;1361,200
2019-12-02;13;24506,375;14986,850;-3,475;0,000;8091,975;75,075;1363,188
2019-12-02;14;24586,513;14815,563;-3,650;0,000;8187,113;231,388;1362,400
2019-12-02;15;24273,500;14268,800;-3,625;0,000;8290,488;361,463;1361,088
2019-12-02;16;24481,825;14502,550;-3,550;0,000;8283,913;333,538;1359,975
2019-12-02;17;25202,688;15415,238;41,163;0,000;8376,038;76,438;1338,725
2019-12-02;18;24925,213;14870,313;254,838;0,000;8377,925;506,275;1163,088
2019-12-02;19;24398,825;14555,900;307,375;0,000;8045,275;665,488;1134,938
2019-12-02;20;24294,238;14316,213;278,350;0,000;8043,300;607,738;1332,000
2019-12-02;21;23528,738;13577,988;171,088;0,000;8057,738;533,738;1365,963
2019-12-02;22;22109,688;11894,275;266,050;0,000;8132,788;728,100;1363,200
2019-12-02;23;20496,250;10685,813;623,350;0,000;7748,388;762,963;1307,138
2019-12-02;24;19181,963;9970,638;190,863;0,000;7537,113;592,913;1112,213
