Data;Godzina;Krajowe zapotrzebowanie na moc;Sumaryczna generacja JWCD;Generacja PI;Generacja IRZ;Sumaryczna generacja nJWCD;Krajowe saldo wymiany miêdzysystemowej równoleg³ej;Krajowe saldo wymiany miêdzysystemowej nierównoleg³ej
2019-02-20;1;17738,000;8946,913;-457,075;70,238;9450,875;-440,700;245,513
2019-02-20;2;17214,563;9272,413;-1034,588;70,138;9460,213;-724,025;245,713
2019-02-20;3;16940,025;9259,325;-1190,938;70,163;9461,238;-801,888;218,538
2019-02-20;4;16982,613;9445,113;-1300,088;70,238;9437,313;-814,600;219,513
2019-02-20;5;17314,050;9786,925;-1283,213;70,188;9323,950;-708,463;202,213
2019-02-20;6;18111,500;10370,638;-1128,888;70,225;9361,713;-398,288;-87,200
2019-02-20;7;20370,938;11196,563;-194,188;69,963;9481,850;-627,225;515,450
2019-02-20;8;22056,925;12764,638;-3,438;70,150;9484,875;-1107,600;919,425
2019-02-20;9;23026,075;12772,613;-3,238;70,238;9534,400;-535,788;1265,825
2019-02-20;10;23224,775;12684,488;-3,038;70,213;9385,275;-121,725;1299,000
2019-02-20;11;23075,550;12306,025;33,263;70,163;9455,688;32,400;1293,475
2019-02-20;12;23425,688;12275,800;38,513;70,300;9565,550;306,125;1295,700
2019-02-20;13;23552,613;12229,725;2,050;70,125;9520,588;533,313;1293,013
2019-02-20;14;23613,700;12646,438;31,050;70,188;9273,400;422,675;1295,838
2019-02-20;15;23182,925;12501,938;-3,088;70,213;9056,163;346,550;1298,250
2019-02-20;16;22974,425;12649,725;43,638;70,250;8785,475;272,088;1269,675
2019-02-20;17;22896,325;12966,125;285,963;70,263;8470,013;175,113;1290,100
2019-02-20;18;23742,600;13663,200;180,963;73,525;8261,288;526,550;1300,475
2019-02-20;19;23945,338;14119,375;102,988;71,375;8106,625;427,375;1303,338
2019-02-20;20;23790,538;14028,425;68,263;70,088;7968,563;520,163;1303,050
2019-02-20;21;23139,488;13404,275;20,275;70,188;7876,625;590,938;1290,550
2019-02-20;22;21571,663;12198,075;-4,263;70,288;7691,300;396,338;1304,075
2019-02-20;23;20085,238;10757,875;-7,488;70,100;7496,963;585,350;1261,375
2019-02-20;24;18880,850;10593,800;-8,000;70,188;7249,225;582,250;475,388
