Data;Godzina;Krajowe zapotrzebowanie na moc;Sumaryczna generacja JWCD;Generacja PI;Generacja IRZ;Sumaryczna generacja nJWCD;Krajowe saldo wymiany miêdzysystemowej równoleg³ej;Krajowe saldo wymiany miêdzysystemowej nierównoleg³ej
2019-08-31;1;17027,488;11391,125;-6,825;0,000;3981,613;1007,050;659,688
2019-08-31;2;16292,975;11117,575;-128,175;0,000;3953,050;708,000;651,113
2019-08-31;3;15868,188;10918,900;-144,325;0,000;3920,125;532,475;648,350
2019-08-31;4;15724,850;10888,400;-143,738;0,000;3901,075;433,063;647,000
2019-08-31;5;15667,663;10818,625;-143,375;0,000;3980,588;379,475;638,638
2019-08-31;6;15407,563;10666,350;-168,550;0,000;4104,638;220,888;589,813
2019-08-31;7;15849,525;10746,288;-269,063;0,000;4207,050;522,888;644,800
2019-08-31;8;17248,975;11689,413;-6,375;0,000;4162,963;749,713;653,263
2019-08-31;9;18646,488;13386,075;-5,925;0,000;3833,488;801,575;638,263
2019-08-31;10;19635,763;14577,125;-5,988;0,000;3660,050;753,750;656,938
2019-08-31;11;19966,575;14727,100;-1,850;0,000;3802,200;788,813;653,200
2019-08-31;12;20150,875;14787,913;71,925;0,000;3886,375;827,300;650,488
2019-08-31;13;20102,475;14696,138;81,550;0,000;3943,038;820,625;646,550
2019-08-31;14;19775,325;14360,025;7,675;0,000;4027,188;744,425;652,225
2019-08-31;15;19140,863;13724,188;-0,938;0,000;4011,675;754,000;649,463
2019-08-31;16;18979,050;13418,288;-2,650;0,000;4075,825;835,925;649,800
2019-08-31;17;18759,763;13256,713;116,450;0,000;4120,650;733,325;648,663
2019-08-31;18;18596,413;13034,050;189,275;0,000;4160,738;750,363;648,650
2019-08-31;19;18471,450;12843,875;352,013;0,000;4251,338;721,825;653,500
2019-08-31;20;18795,225;12802,425;492,738;0,000;4566,738;770,363;656,788
2019-08-31;21;19543,375;12782,450;547,813;0,000;5130,475;996,525;640,688
2019-08-31;22;18595,500;11613,800;561,100;0,000;5611,438;733,413;645,988
2019-08-31;23;17284,163;10741,613;368,463;0,000;5537,738;554,288;462,738
2019-08-31;24;16202,275;10497,175;42,613;0,000;5486,663;33,650;198,313
