Data;Godzina;Krajowe zapotrzebowanie na moc;Sumaryczna generacja JWCD;Generacja PI;Generacja IRZ;Sumaryczna generacja nJWCD;Krajowe saldo wymiany miêdzysystemowej równoleg³ej;Krajowe saldo wymiany miêdzysystemowej nierównoleg³ej
2019-06-11;1;17324,438;12252,338;-456,188;77,550;5143,000;118,825;276,550
2019-06-11;2;16691,850;12161,863;-761,488;76,575;5104,325;-170,475;358,550
2019-06-11;3;16281,125;11835,075;-874,588;77,013;5160,763;-219,775;381,913
2019-06-11;4;16213,875;11957,938;-1050,075;78,188;5122,350;-199,500;384,988
2019-06-11;5;15876,663;11729,663;-1071,813;79,575;5004,738;-163,413;381,275
2019-06-11;6;16311,625;12364,138;-847,350;78,063;4699,825;-116,275;221,413
2019-06-11;7;18912,200;13854,363;-64,550;77,100;4284,238;285,588;556,438
2019-06-11;8;21258,388;16008,800;30,638;77,238;3992,100;613,538;645,775
2019-06-11;9;22449,200;17070,825;314,713;78,888;3900,538;737,700;743,088
2019-06-11;10;22927,138;17187,638;178,225;78,963;4116,050;745,050;877,988
2019-06-11;11;22993,788;17029,375;154,213;78,588;4283,913;755,675;930,600
2019-06-11;12;23409,325;17258,675;88,663;77,475;4382,363;761,100;1019,200
2019-06-11;13;23465,738;17239,575;92,125;89,388;4434,988;761,063;1037,850
2019-06-11;14;23456,150;17143,963;113,688;87,975;4481,175;757,363;1070,475
2019-06-11;15;23170,325;16946,763;64,313;77,475;4428,763;795,700;996,038
2019-06-11;16;23027,538;16776,300;17,075;76,713;4347,875;805,375;1099,238
2019-06-11;17;22777,175;16408,638;-6,463;77,963;4299,225;837,700;1237,213
2019-06-11;18;22487,050;16431,325;116,425;78,950;4222,813;670,663;1171,275
2019-06-11;19;22202,900;16116,450;257,775;80,013;4305,688;590,500;1202,388
2019-06-11;20;22190,475;16035,675;93,150;79,813;4403,525;484,950;1269,088
2019-06-11;21;21929,625;15551,263;59,325;76,750;4546,138;551,713;1290,488
2019-06-11;22;21742,463;14787,413;54,463;76,438;4943,813;706,988;1308,500
2019-06-11;23;20695,513;13473,125;1,125;78,725;5242,638;676,313;1317,788
2019-06-11;24;18916,463;11721,825;-6,875;77,150;5343,500;629,850;1235,725
