Data;Godzina;Krajowe zapotrzebowanie na moc;Sumaryczna generacja JWCD;Generacja PI;Generacja IRZ;Sumaryczna generacja nJWCD;Krajowe saldo wymiany miêdzysystemowej równoleg³ej;Krajowe saldo wymiany miêdzysystemowej nierównoleg³ej
2019-01-06;1;16649,775;10029,375;-13,463;0,000;8149,263;-546,650;-901,500
2019-01-06;2;16079,275;9627,463;-13,525;0,000;8081,725;-677,325;-871,925
2019-01-06;3;15538,788;9295,250;-13,500;0,000;7943,638;-723,700;-900,650
2019-01-06;4;15372,025;9263,088;-13,388;0,000;7808,813;-723,150;-900,700
2019-01-06;5;15260,350;9129,288;-13,963;0,000;7764,038;-648,275;-903,913
2019-01-06;6;15344,388;9177,550;-13,538;0,000;7891,163;-739,775;-906,663
2019-01-06;7;15630,450;9395,550;-14,813;0,000;7819,863;-620,100;-891,213
2019-01-06;8;15953,750;9658,463;-14,425;0,000;7765,800;-543,963;-846,925
2019-01-06;9;16605,413;10788,013;-13,688;0,000;7726,313;-992,663;-835,188
2019-01-06;10;17632,263;11760,463;-14,138;0,000;7500,825;-1117,250;-434,563
2019-01-06;11;18286,163;12063,688;3,763;0,000;7272,288;-1000,050;28,575
2019-01-06;12;18713,588;12133,100;7,475;0,000;7140,300;-965,763;474,500
2019-01-06;13;18861,788;12370,513;10,913;0,000;7050,313;-1148,350;670,388
2019-01-06;14;19206,375;12388,075;-3,038;0,000;7011,050;-771,063;653,375
2019-01-06;15;18943,588;12406,388;-7,613;0,000;6931,250;-628,888;310,663
2019-01-06;16;18826,088;12205,838;-6,725;0,000;6934,513;-578,988;334,188
2019-01-06;17;19921,288;12365,263;-5,950;0,000;6810,638;9,888;800,638
2019-01-06;18;20170,988;13374,213;12,975;0,000;6710,325;-394,875;548,950
2019-01-06;19;20392,238;13854,438;75,638;0,000;6693,913;-669,138;584,925
2019-01-06;20;20498,488;13525,838;167,175;0,000;6656,225;-401,788;798,275
2019-01-06;21;20176,888;13440,925;134,150;0,000;6535,900;-773,838;1047,550
2019-01-06;22;19324,388;12775,538;59,700;0,000;6469,825;-767,700;907,188
2019-01-06;23;18617,938;13092,075;248,813;0,000;6371,525;-850,388;32,963
2019-01-06;24;17651,488;12482,850;126,375;0,000;6409,425;-730,175;-487,313
