Data;Godzina;Krajowe zapotrzebowanie na moc;Sumaryczna generacja JWCD;Generacja PI;Generacja IRZ;Sumaryczna generacja nJWCD;Krajowe saldo wymiany miêdzysystemowej równoleg³ej;Krajowe saldo wymiany miêdzysystemowej nierównoleg³ej
2019-05-19;1;14469,638;9162,363;-9,663;70,538;3950,288;506,113;859,575
2019-05-19;2;13796,738;8874,400;-11,213;70,925;3822,338;283,275;829,350
2019-05-19;3;13460,263;8909,625;-11,100;71,113;3818,025;182,550;567,650
2019-05-19;4;13364,125;8873,438;-10,375;70,575;3782,813;211,425;510,900
2019-05-19;5;12864,650;8783,650;-11,325;70,638;3714,013;26,688;361,050
2019-05-19;6;12514,125;8496,788;-11,263;71,025;3757,375;29,325;249,200
2019-05-19;7;13069,525;8662,150;-9,488;71,250;3669,113;196,175;560,813
2019-05-19;8;13921,850;9342,913;-11,413;70,563;3403,238;386,125;811,050
2019-05-19;9;14940,913;10348,000;33,738;70,025;3201,500;590,600;816,350
2019-05-19;10;15603,513;10928,763;44,213;69,750;3237,638;625,838;821,438
2019-05-19;11;16034,350;11281,088;97,825;69,888;3304,150;620,575;840,413
2019-05-19;12;16104,200;10796,988;105,263;70,000;3508,900;541,575;1268,138
2019-05-19;13;16142,738;10614,175;87,563;69,788;3674,213;558,625;1311,213
2019-05-19;14;16105,550;10598,463;86,113;69,738;3748,738;467,875;1309,088
2019-05-19;15;15798,338;10087,813;-6,713;69,188;3879,575;546,788;1299,000
2019-05-19;16;15529,750;9753,388;-6,363;69,263;3979,275;500,500;1308,263
2019-05-19;17;15433,450;9514,900;-6,400;69,700;4027,225;595,813;1308,163
2019-05-19;18;15418,850;9548,538;-6,375;69,875;3935,500;628,738;1314,425
2019-05-19;19;15762,975;9676,913;177,775;69,525;4150,488;629,775;1313,463
2019-05-19;20;16062,163;10150,625;362,125;69,525;3949,075;661,825;1311,038
2019-05-19;21;16577,400;10379,638;369,150;69,200;4223,375;671,538;1311,338
2019-05-19;22;17107,488;10693,000;409,625;69,288;4408,763;702,675;1310,488
2019-05-19;23;16402,263;10047,713;171,050;69,638;4502,275;564,425;1304,300
2019-05-19;24;15127,888;9059,725;8,313;70,038;4434,800;398,125;1259,275
