Data;Godzina;Krajowe zapotrzebowanie na moc;Sumaryczna generacja JWCD;Generacja PI;Generacja IRZ;Sumaryczna generacja nJWCD;Krajowe saldo wymiany miêdzysystemowej równoleg³ej;Krajowe saldo wymiany miêdzysystemowej nierównoleg³ej
2019-05-13;1;14741,075;9691,063;-763,263;76,713;5441,025;89,700;294,125
2019-05-13;2;14387,900;9686,538;-1008,888;78,375;5504,925;-22,413;225,963
2019-05-13;3;14172,538;9646,500;-1012,538;76,825;5329,350;-10,088;221,025
2019-05-13;4;14287,050;9827,038;-1064,700;79,500;5282,450;21,413;226,800
2019-05-13;5;14422,063;9963,400;-1061,113;78,725;5253,775;49,263;223,925
2019-05-13;6;14978,275;10414,375;-908,000;78,175;5225,088;41,275;218,625
2019-05-13;7;18044,850;12537,325;107,025;79,275;5132,763;77,938;388,263
2019-05-13;8;20585,313;14539,850;94,150;77,475;4998,688;283,550;768,063
2019-05-13;9;21695,563;15055,700;91,550;77,488;5131,275;689,838;826,963
2019-05-13;10;22039,438;15284,363;311,150;76,838;5285,825;654,338;826,888
2019-05-13;11;21815,925;14821,950;180,125;77,950;5507,513;679,075;819,613
2019-05-13;12;22111,650;15193,200;107,250;79,600;5600,125;504,788;825,075
2019-05-13;13;22281,163;15041,413;89,063;78,125;5739,238;692,138;823,863
2019-05-13;14;22211,188;15160,588;174,313;78,313;5641,800;590,000;819,875
2019-05-13;15;21668,075;14748,200;11,850;78,438;5464,738;648,175;817,175
2019-05-13;16;21461,563;14635,150;72,425;79,413;5395,675;634,075;812,063
2019-05-13;17;21232,075;14414,050;164,888;77,400;5353,138;661,163;814,838
2019-05-13;18;21068,675;14259,038;160,725;79,663;5313,713;680,850;825,600
2019-05-13;19;20870,700;14082,613;68,788;78,000;5258,338;726,888;815,250
2019-05-13;20;21189,788;14526,400;79,825;78,113;5134,200;708,025;825,225
2019-05-13;21;21624,888;14963,438;72,800;77,400;5165,875;675,138;823,488
2019-05-13;22;21071,913;14362,788;77,225;78,425;5106,475;803,275;819,938
2019-05-13;23;19439,838;12876,438;3,438;76,050;4967,613;797,075;819,600
2019-05-13;24;18050,063;11708,463;-6,538;77,413;5022,638;526,738;817,488
