Data;Godzina;Krajowe zapotrzebowanie na moc;Sumaryczna generacja JWCD;Generacja PI;Generacja IRZ;Sumaryczna generacja nJWCD;Krajowe saldo wymiany miêdzysystemowej równoleg³ej;Krajowe saldo wymiany miêdzysystemowej nierównoleg³ej
2019-01-14;1;16465,800;7897,613;-839,338;0,000;10018,325;-437,088;-156,588
2019-01-14;2;16013,938;7980,000;-1233,363;0,000;10044,138;-538,725;-224,025
2019-01-14;3;15877,163;8191,850;-1522,175;0,000;10094,500;-495,525;-385,100
2019-01-14;4;15798,925;8304,613;-1515,413;0,000;10183,463;-507,650;-658,313
2019-01-14;5;16249,775;8251,850;-1327,688;0,000;10360,838;-325,138;-702,800
2019-01-14;6;17242,613;9066,050;-1028,663;0,000;10438,700;-496,850;-728,225
2019-01-14;7;20431,288;11135,163;-48,475;0,000;10663,788;-820,063;-485,125
2019-01-14;8;22700,250;12894,275;-6,538;0,000;10711,075;-911,613;18,000
2019-01-14;9;23669,875;13324,800;151,288;0,000;10796,825;-560,375;113,788
2019-01-14;10;24198,663;13637,450;318,825;0,000;11009,975;-730,638;298,200
2019-01-14;11;24179,025;13514,600;343,538;0,000;11115,788;-716,100;272,150
2019-01-14;12;24539,725;13767,825;380,500;0,000;11179,900;-724,038;331,425
2019-01-14;13;24498,063;13663,875;373,500;0,000;11168,775;-635,225;314,825
2019-01-14;14;24583,200;13868,938;593,863;0,000;11051,700;-766,638;442,788
2019-01-14;15;24184,413;13522,325;268,763;0,000;11030,250;-778,938;410,975
2019-01-14;16;24065,788;13474,938;287,500;0,000;10994,900;-729,088;324,413
2019-01-14;17;24863,463;14207,600;440,413;0,000;11010,975;-867,750;503,025
2019-01-14;18;25126,363;14449,725;605,013;0,000;11027,313;-897,213;536,500
2019-01-14;19;24597,563;13722,325;695,113;0,000;10954,375;-488,588;406,963
2019-01-14;20;24428,413;13137,125;726,538;0,000;10894,275;-396,813;804,688
2019-01-14;21;23803,313;12400,063;496,350;0,000;10920,075;-474,138;956,813
2019-01-14;22;22292,450;11757,113;292,588;0,000;11016,738;-492,988;17,950
2019-01-14;23;20696,325;10496,688;12,763;8,163;10953,463;-312,475;-425,350
2019-01-14;24;19428,325;9399,925;-58,438;15,163;10796,850;-91,988;-603,800
