Data;Godzina;Krajowe zapotrzebowanie na moc;Sumaryczna generacja JWCD;Generacja PI;Generacja IRZ;Sumaryczna generacja nJWCD;Krajowe saldo wymiany miêdzysystemowej równoleg³ej;Krajowe saldo wymiany miêdzysystemowej nierównoleg³ej
2019-06-07;1;16976,050;11540,975;-223,488;79,488;4274,188;410,825;983,338
2019-06-07;2;16339,013;12071,825;-587,575;81,400;4144,625;165,575;549,563
2019-06-07;3;15993,950;12295,988;-936,813;77,363;4137,513;100,750;401,150
2019-06-07;4;15942,650;12488,088;-1075,250;76,825;4016,113;110,325;412,213
2019-06-07;5;15599,675;12511,600;-1181,913;76,500;3871,650;60,238;344,438
2019-06-07;6;16038,088;12585,488;-1076,288;78,138;3740,388;148,563;646,938
2019-06-07;7;18548,775;13889,813;-259,175;79,300;3603,225;400,475;916,000
2019-06-07;8;20729,963;16422,988;-5,225;77,600;3487,675;416,363;411,950
2019-06-07;9;21682,925;16960,750;64,013;77,150;3500,938;487,238;747,250
2019-06-07;10;22061,650;17241,213;118,250;80,088;3490,750;552,488;794,138
2019-06-07;11;22105,663;17294,688;124,338;78,438;3502,638;515,288;802,400
2019-06-07;12;22585,925;17765,150;79,938;78,125;3562,613;462,513;803,925
2019-06-07;13;22702,438;17882,150;2,600;84,150;3568,800;451,200;803,125
2019-06-07;14;22580,150;17778,413;-7,638;87,238;3579,050;427,625;807,988
2019-06-07;15;22173,538;17258,750;45,813;77,238;3616,338;456,300;849,875
2019-06-07;16;21975,813;16985,038;11,750;73,275;3555,025;474,275;962,425
2019-06-07;17;21582,975;16466,163;110,800;76,388;3466,750;473,300;1183,500
2019-06-07;18;21342,675;16039,363;128,075;79,100;3508,888;671,675;1132,263
2019-06-07;19;20953,363;15540,400;235,588;77,163;3522,450;621,175;1280,050
2019-06-07;20;21036,650;15602,225;340,475;76,213;3473,463;669,013;1297,025
2019-06-07;21;20902,750;15673,475;327,475;76,188;3440,988;504,038;1292,625
2019-06-07;22;20773,950;15480,113;219,625;76,375;3506,913;509,913;1287,838
2019-06-07;23;19765,025;14398,963;-2,575;79,100;3535,525;562,000;1288,938
2019-06-07;24;18234,163;12879,438;-4,625;77,300;3558,775;528,813;1287,475
