Data;Godzina;Krajowe zapotrzebowanie na moc;Sumaryczna generacja JWCD;Generacja PI;Generacja IRZ;Sumaryczna generacja nJWCD;Krajowe saldo wymiany miêdzysystemowej równoleg³ej;Krajowe saldo wymiany miêdzysystemowej nierównoleg³ej
2019-11-13;1;17437,925;10106,438;-389,438;69,500;6160,925;779,850;784,638
2019-11-13;2;16811,875;10178,663;-440,463;69,738;5957,413;512,600;613,063
2019-11-13;3;16537,200;10432,163;-701,113;69,763;5902,713;390,800;516,563
2019-11-13;4;16511,125;10494,463;-725,425;69,800;5855,413;362,188;532,825
2019-11-13;5;16882,563;10456,350;-725,325;69,575;5805,588;947,200;408,025
2019-11-13;6;17678,075;10717,650;-504,050;69,588;5767,050;1138,325;573,775
2019-11-13;7;20345,550;12260,950;-20,875;69,325;5792,950;1057,788;1256,838
2019-11-13;8;22161,338;14192,300;-5,850;69,713;5850,788;764,538;1350,675
2019-11-13;9;23189,800;15364,950;265,075;74,400;5806,563;663,725;1358,125
2019-11-13;10;23652,675;15814,788;107,900;103,488;5916,250;565,225;1358,375
2019-11-13;11;23517,363;15792,613;19,600;104,438;5773,388;608,350;1358,763
2019-11-13;12;23826,413;16206,675;-7,288;104,575;5711,400;556,813;1360,625
2019-11-13;13;23864,463;16174,050;-7,288;104,500;5754,650;592,663;1358,638
2019-11-13;14;23832,875;16078,000;-7,375;104,538;5821,213;594,988;1359,625
2019-11-13;15;23331,925;15632,938;-6,875;104,525;5799,300;562,825;1360,838
2019-11-13;16;23328,675;15405,375;9,863;104,438;5940,250;635,150;1352,738
2019-11-13;17;24263,288;16127,300;300,463;104,475;6227,200;798,325;1113,038
2019-11-13;18;24284,538;15949,513;534,538;103,288;6315,075;963,475;1061,800
2019-11-13;19;23881,500;15131,425;679,175;75,050;6383,350;1014,188;1354,225
2019-11-13;20;23626,613;14670,900;661,925;69,563;6489,850;1126,138;1360,263
2019-11-13;21;22978,925;13970,925;516,938;69,675;6563,450;1093,663;1359,063
2019-11-13;22;21363,550;12465,025;375,638;69,488;6410,588;1172,713;1332,750
2019-11-13;23;19779,288;10526,525;26,138;69,425;6497,975;1604,563;1160,388
2019-11-13;24;18518,288;9908,888;-680,750;69,613;6567,188;1608,538;1119,275
