Data;Godzina;Krajowe zapotrzebowanie na moc;Sumaryczna generacja JWCD;Generacja PI;Generacja IRZ;Sumaryczna generacja nJWCD;Krajowe saldo wymiany miêdzysystemowej równoleg³ej;Krajowe saldo wymiany miêdzysystemowej nierównoleg³ej
2019-03-10;1;15456,338;6212,100;-147,475;0,000;9401,388;40,013;-38,125
2019-03-10;2;14862,975;5710,163;-458,025;0,000;9839,538;-9,563;-212,663
2019-03-10;3;14664,725;5749,513;-754,963;0,000;9877,725;57,625;-259,413
2019-03-10;4;14497,513;5747,975;-1006,975;0,000;10003,950;27,025;-266,575
2019-03-10;5;14535,500;5933,850;-1155,513;0,000;10018,363;26,613;-287,613
2019-03-10;6;14669,713;5962,138;-1150,900;0,000;10079,275;31,750;-249,800
2019-03-10;7;14460,675;5785,400;-1121,988;0,000;10070,000;-9,750;-264,213
2019-03-10;8;15302,688;6137,925;-590,150;0,000;10016,075;22,250;-282,850
2019-03-10;9;16199,538;6668,675;11,275;0,000;9803,300;36,563;-302,425
2019-03-10;10;16819,363;7548,675;308,900;0,000;9624,438;-25,638;-326,000
2019-03-10;11;17359,238;8054,750;47,963;0,000;9550,025;-25,750;-219,750
2019-03-10;12;17660,575;8289,225;13,813;0,000;9265,663;12,763;105,375
2019-03-10;13;17805,950;8350,738;111,563;0,000;8948,425;248,488;267,000
2019-03-10;14;17964,525;8363,075;92,200;0,000;8617,050;384,038;614,013
2019-03-10;15;17688,313;8365,188;364,575;0,000;8191,500;442,238;698,413
2019-03-10;16;17312,138;9110,788;515,800;0,000;7257,888;495,150;454,388
2019-03-10;17;17312,100;9553,588;441,475;0,000;6499,088;615,763;649,875
2019-03-10;18;17776,388;9742,063;229,213;0,000;6173,163;580,138;1283,763
2019-03-10;19;19213,325;11017,150;421,750;0,000;6175,225;672,813;1341,288
2019-03-10;20;19487,825;11037,875;380,913;0,000;6438,463;672,950;1342,988
2019-03-10;21;19033,663;10481,800;142,588;0,000;6696,413;515,038;1346,750
2019-03-10;22;18076,038;9148,900;14,750;0,000;7139,063;476,238;1319,188
2019-03-10;23;17258,063;8113,463;-9,188;0,000;7503,863;494,225;1163,063
2019-03-10;24;16235,638;7760,225;-80,038;0,000;8110,438;-0,413;453,663
