Data;Godzina;Krajowe zapotrzebowanie na moc;Sumaryczna generacja JWCD;Generacja PI;Generacja IRZ;Sumaryczna generacja nJWCD;Krajowe saldo wymiany miêdzysystemowej równoleg³ej;Krajowe saldo wymiany miêdzysystemowej nierównoleg³ej
2019-06-04;1;16565,650;11605,088;-412,125;0,000;5112,513;-301,338;556,600
2019-06-04;2;15950,000;11575,763;-733,263;1,100;4912,875;-312,013;506,900
2019-06-04;3;15636,825;11372,613;-803,838;21,538;4839,813;-279,325;505,825
2019-06-04;4;15533,350;11480,900;-810,388;47,450;4684,888;-325,650;505,800
2019-06-04;5;15258,550;11286,150;-807,575;71,888;4570,675;-298,388;505,500
2019-06-04;6;15702,925;11689,850;-763,125;78,913;4521,988;-255,888;513,325
2019-06-04;7;18265,150;13407,100;-111,200;81,575;4231,175;144,913;587,513
2019-06-04;8;20614,738;15745,100;97,100;79,238;3658,950;302,725;912,263
2019-06-04;9;21607,488;16268,700;85,563;80,663;3384,113;669,625;1284,538
2019-06-04;10;21952,275;16484,175;92,350;81,438;3478,988;684,938;1313,175
2019-06-04;11;21863,600;16331,950;121,363;80,288;3536,650;692,175;1313,813
2019-06-04;12;22208,688;16525,625;97,763;77,813;3662,925;708,938;1314,388
2019-06-04;13;22348,100;16633,825;19,575;78,550;3690,638;716,250;1313,788
2019-06-04;14;22353,325;16678,788;233,388;78,025;3720,838;636,638;1316,525
2019-06-04;15;22093,700;16397,700;210,713;79,300;3673,288;707,825;1316,638
2019-06-04;16;21972,113;16404,200;11,450;78,650;3644,725;609,263;1315,588
2019-06-04;17;21720,413;16344,288;101,838;77,550;3608,413;462,900;1315,163
2019-06-04;18;21402,775;16044,700;660,638;80,425;3556,475;504,813;1315,763
2019-06-04;19;21094,788;15761,013;757,800;81,000;3561,675;456,175;1314,250
2019-06-04;20;21185,875;15696,950;880,063;79,450;3645,375;523,250;1314,938
2019-06-04;21;21113,988;15345,138;948,550;80,825;3853,713;601,138;1316,263
2019-06-04;22;20862,963;14824,188;531,813;79,375;4082,450;639,363;1316,700
2019-06-04;23;19707,663;13409,750;334,663;80,950;4394,888;605,150;1309,613
2019-06-04;24;18145,163;11795,738;49,875;79,975;4718,550;420,850;1221,713
