Data;Godzina;Krajowe zapotrzebowanie na moc;Sumaryczna generacja JWCD;Generacja PI;Generacja IRZ;Sumaryczna generacja nJWCD;Krajowe saldo wymiany miêdzysystemowej równoleg³ej;Krajowe saldo wymiany miêdzysystemowej nierównoleg³ej
2019-10-11;1;17426,788;10035,350;-178,813;0,000;7415,350;-117,600;276,463
2019-10-11;2;16746,950;9582,425;-333,588;0,000;7394,375;-138,713;248,713
2019-10-11;3;16423,450;9248,588;-418,825;0,000;7442,238;-94,175;252,150
2019-10-11;4;16428,538;9255,650;-452,000;0,000;7412,588;-30,875;249,075
2019-10-11;5;16735,075;9555,500;-319,938;0,000;7363,100;-105,325;247,850
2019-10-11;6;17630,575;10220,963;-201,588;0,000;7452,413;-70,525;238,763
2019-10-11;7;20397,925;12403,838;-30,513;0,000;7480,588;64,625;482,825
2019-10-11;8;21853,288;13028,763;16,850;0,000;7655,963;504,625;676,388
2019-10-11;9;22538,038;13190,738;236,188;0,000;7659,675;1096,200;603,038
2019-10-11;10;22416,275;13053,013;299,188;0,000;7519,675;1231,388;627,038
2019-10-11;11;21992,525;12685,313;153,438;0,000;7591,275;1116,075;616,500
2019-10-11;12;22162,438;12376,863;177,400;0,000;7987,113;1010,825;799,075
2019-10-11;13;22190,500;11985,738;216,050;0,000;8335,588;1028,900;851,050
2019-10-11;14;22080,625;11855,875;346,663;0,000;8546,525;795,388;882,825
2019-10-11;15;21667,400;11686,263;293,188;0,000;8416,213;777,850;791,813
2019-10-11;16;21566,950;11653,250;265,075;0,000;8321,613;792,375;798,500
2019-10-11;17;21537,850;11510,938;116,425;0,000;8074,638;1089,150;862,800
2019-10-11;18;21690,100;11689,913;132,063;0,000;7972,688;1115,300;910,388
2019-10-11;19;22868,788;12701,313;235,713;0,000;8389,675;932,100;841,788
2019-10-11;20;23221,125;12605,200;290,425;0,000;8652,400;885,375;1079,825
2019-10-11;21;22455,963;11649,463;223,038;0,000;8781,700;972,463;1077,238
2019-10-11;22;21040,838;10898,438;144,963;0,000;8795,375;616,288;751,663
2019-10-11;23;19528,700;10085,113;112,400;0,000;8687,088;302,275;466,525
2019-10-11;24;18321,050;9695,850;-3,900;0,000;8513,775;-134,750;260,913
