Data;Godzina;Krajowe zapotrzebowanie na moc;Sumaryczna generacja JWCD;Generacja PI;Generacja IRZ;Sumaryczna generacja nJWCD;Krajowe saldo wymiany miêdzysystemowej równoleg³ej;Krajowe saldo wymiany miêdzysystemowej nierównoleg³ej
2019-02-28;1;17883,350;8931,138;-679,063;0,000;9435,538;-38,000;239,138
2019-02-28;2;17447,225;8866,688;-1086,875;0,000;9421,600;16,688;236,275
2019-02-28;3;17061,450;8682,988;-1267,838;0,000;9404,963;0,238;246,075
2019-02-28;4;17086,788;8672,463;-1262,013;0,000;9456,813;-1,788;230,200
2019-02-28;5;17383,825;8646,663;-1080,175;0,000;9605,500;25,363;192,988
2019-02-28;6;18187,213;9287,650;-354,438;5,750;9718,913;-21,663;-438,963
2019-02-28;7;20279,588;10404,200;-94,038;49,138;9673,588;-138,063;443,713
2019-02-28;8;22010,238;11705,100;-4,775;69,750;9519,738;-112,575;915,225
2019-02-28;9;22738,700;11853,100;6,875;69,688;9337,088;511,213;1070,738
2019-02-28;10;22652,150;12182,125;124,088;69,813;8826,413;469,975;1184,325
2019-02-28;11;22070,188;11749,075;68,500;69,775;8526,025;523,350;1280,625
2019-02-28;12;22157,625;11911,888;66,038;69,713;8411,125;529,863;1319,625
2019-02-28;13;22153,288;11910,900;33,988;69,638;8374,750;559,425;1320,000
2019-02-28;14;22136,175;11880,188;2,000;69,700;8426,063;514,563;1320,350
2019-02-28;15;21980,950;11440,713;-1,725;69,713;8709,788;524,138;1306,763
2019-02-28;16;21822,813;11341,075;-0,088;69,563;8609,050;546,025;1321,738
2019-02-28;17;21852,250;11635,625;-0,513;69,713;8484,350;408,700;1327,463
2019-02-28;18;22800,563;12631,113;110,400;69,625;8383,300;479,488;1317,563
2019-02-28;19;23614,575;13397,238;90,100;69,513;8482,538;407,925;1331,263
2019-02-28;20;23705,600;13375,525;37,913;69,675;8525,338;511,138;1313,775
2019-02-28;21;23159,513;12826,013;34,750;69,675;8424,763;609,238;1320,938
2019-02-28;22;21680,850;11573,113;23,063;69,688;8295,350;512,238;1313,263
2019-02-28;23;20064,738;10458,588;-3,463;69,463;8101,138;436,150;1083,175
2019-02-28;24;18839,600;10399,425;-6,975;69,638;7764,013;175,600;513,400
