Data;Godzina;Krajowe zapotrzebowanie na moc;Sumaryczna generacja JWCD;Generacja PI;Generacja IRZ;Sumaryczna generacja nJWCD;Krajowe saldo wymiany miêdzysystemowej równoleg³ej;Krajowe saldo wymiany miêdzysystemowej nierównoleg³ej
2019-07-21;1;14747,288;9083,813;-31,988;0,000;4658,025;307,263;730,613
2019-07-21;2;13958,963;9070,125;-326,750;0,000;4569,638;202,588;447,875
2019-07-21;3;13640,363;9148,300;-608,463;0,000;4460,263;176,063;466,175
2019-07-21;4;13528,288;9338,575;-615,138;0,000;4383,525;64,113;357,538
2019-07-21;5;13118,000;9572,225;-613,050;0,000;4183,575;-234,400;206,700
2019-07-21;6;12754,150;9061,475;-612,613;0,000;4121,738;-35,088;220,163
2019-07-21;7;13152,850;9217,375;-562,300;0,000;3948,413;118,900;433,050
2019-07-21;8;13821,763;9697,113;-215,625;0,000;3539,088;265,538;539,975
2019-07-21;9;14706,525;9741,913;-2,800;0,000;3381,013;666,875;928,213
2019-07-21;10;15600,963;10354,463;-3,575;0,000;3518,338;674,813;1064,475
2019-07-21;11;16162,613;10522,963;21,538;0,000;3595,563;852,025;1203,450
2019-07-21;12;16361,100;10630,538;26,150;0,000;3622,063;885,613;1240,763
2019-07-21;13;16394,025;10650,663;18,425;0,000;3723,638;779,288;1251,500
2019-07-21;14;16415,150;10451,063;17,350;0,000;3916,775;817,700;1243,463
2019-07-21;15;16156,213;10110,413;-0,938;0,000;4049,438;835,063;1169,263
2019-07-21;16;15879,063;9757,738;-2,950;0,000;4211,400;812,750;1099,688
2019-07-21;17;15671,875;9627,288;-3,463;0,000;4129,688;824,550;1092,688
2019-07-21;18;15722,425;9817,663;-4,000;0,000;4087,588;757,813;1063,875
2019-07-21;19;15915,388;9810,713;9,813;0,000;4173,113;785,788;1151,450
2019-07-21;20;16041,813;9998,825;322,863;0,000;4041,900;748,250;1267,400
2019-07-21;21;16397,163;10384,663;510,788;0,000;4058,775;691,250;1273,100
2019-07-21;22;16832,125;10735,163;449,838;0,000;4089,275;743,638;1272,300
2019-07-21;23;16415,500;10417,100;112,525;0,000;4019,925;717,000;1270,650
2019-07-21;24;15369,713;9536,375;-4,925;0,000;4115,875;504,613;1221,938
