Data;Godzina;Krajowe zapotrzebowanie na moc;Sumaryczna generacja JWCD;Generacja PI;Generacja IRZ;Sumaryczna generacja nJWCD;Krajowe saldo wymiany miêdzysystemowej równoleg³ej;Krajowe saldo wymiany miêdzysystemowej nierównoleg³ej
2019-06-30;1;15079,988;9405,313;-158,113;0,000;3859,338;790,113;1191,100
2019-06-30;2;14378,238;9258,613;-235,763;0,000;4007,888;530,000;822,863
2019-06-30;3;13881,650;9420,688;-436,200;0,000;4054,475;268,950;581,713
2019-06-30;4;13681,650;9590,475;-595,088;0,000;4168,588;154,238;366,988
2019-06-30;5;13082,413;9362,200;-710,325;0,000;4212,800;32,388;192,325
2019-06-30;6;12871,263;9206,875;-709,025;0,000;4166,338;34,513;184,725
2019-06-30;7;13446,325;9370,400;-508,663;0,000;4022,000;161,288;412,625
2019-06-30;8;14364,650;9812,288;-78,988;0,000;3528,663;387,538;717,350
2019-06-30;9;15365,988;10298,625;23,663;0,000;3160,300;728,563;1191,750
2019-06-30;10;16338,838;10925,000;46,050;0,000;3252,463;912,063;1255,588
2019-06-30;11;16916,525;11238,175;47,400;0,000;3539,250;868,525;1279,425
2019-06-30;12;17133,088;11172,500;48,763;0,000;3730,900;957,838;1281,913
2019-06-30;13;17199,738;11249,425;198,150;0,000;3767,138;910,388;1281,600
2019-06-30;14;17298,900;11392,275;270,775;0,000;3837,625;839,050;1236,938
2019-06-30;15;17113,963;10953,625;138,125;0,000;3959,500;972,938;1239,063
2019-06-30;16;16954,350;10912,350;142,575;0,000;4085,613;900,575;1066,163
2019-06-30;17;17024,375;10961,550;289,463;0,000;4153,200;1016,575;894,325
2019-06-30;18;17042,475;11095,213;297,875;0,000;4147,263;1024,225;783,850
2019-06-30;19;17377,538;11593,675;297,338;0,000;4042,950;851,225;892,000
2019-06-30;20;17604,350;11761,438;435,000;0,000;4121,050;836,363;886,388
2019-06-30;21;17553,113;10879,313;315,625;0,000;4767,513;918,488;988,225
2019-06-30;22;17885,675;10704,100;329,425;0,000;5248,013;1006,888;927,925
2019-06-30;23;17870,838;11206,600;855,338;0,000;5525,813;475,900;664,063
2019-06-30;24;16559,213;10242,438;-126,488;0,000;5975,938;209,325;366,875
