Data;Godzina;Krajowe zapotrzebowanie na moc;Sumaryczna generacja JWCD;Generacja PI;Generacja IRZ;Sumaryczna generacja nJWCD;Krajowe saldo wymiany miêdzysystemowej równoleg³ej;Krajowe saldo wymiany miêdzysystemowej nierównoleg³ej
2019-09-07;1;15980,475;10312,300;-6,375;0,000;3616,000;1115,138;952,875
2019-09-07;2;15378,713;10141,400;-7,538;0,000;3851,263;772,725;627,875
2019-09-07;3;15038,238;9975,700;-8,100;0,000;4021,225;624,975;429,238
2019-09-07;4;14933,038;10064,675;-119,838;0,000;4067,925;540,488;386,888
2019-09-07;5;14949,013;10315,588;-186,088;0,000;4167,525;254,075;404,600
2019-09-07;6;14902,113;10288,838;-186,863;0,000;4222,100;197,575;386,650
2019-09-07;7;15299,163;10222,475;-189,825;0,000;4238,175;437,275;590,063
2019-09-07;8;16554,113;10926,938;-57,038;0,000;4080,175;671,725;934,650
2019-09-07;9;17871,000;11778,838;-6,488;0,000;3836,375;1013,563;1247,200
2019-09-07;10;18646,738;13015,425;22,175;0,000;3411,538;966,875;1255,688
2019-09-07;11;18904,038;13414,788;25,938;0,000;3340,975;897,313;1253,413
2019-09-07;12;19086,213;13559,800;44,213;0,000;3415,238;859,688;1258,063
2019-09-07;13;18901,125;13381,500;42,275;0,000;3433,963;833,563;1256,138
2019-09-07;14;18688,000;13087,488;-1,288;0,000;3564,588;790,400;1253,338
2019-09-07;15;18152,725;12515,475;-2,563;0,000;3585,538;805,438;1251,425
2019-09-07;16;17934,463;12300,750;-2,663;0,000;3602,788;777,475;1255,688
2019-09-07;17;17762,313;11990,263;-2,650;0,000;3726,300;841,038;1206,550
2019-09-07;18;17647,138;11776,513;-3,450;0,000;3700,025;914,800;1258,975
2019-09-07;19;17768,900;11821,250;119,025;0,000;3784,950;1131,238;1036,863
2019-09-07;20;18422,588;11962,175;266,150;0,000;3894,875;1522,813;1052,375
2019-09-07;21;18669,175;11921,525;336,100;0,000;3947,763;1573,175;1237,575
2019-09-07;22;17476,688;10840,663;299,425;0,000;3867,038;1529,163;1255,575
2019-09-07;23;16223,363;9785,438;107,950;0,000;3725,325;1485,988;1243,138
2019-09-07;24;15181,075;9518,975;-7,875;0,000;3576,600;1094,013;1006,975
