Data;Godzina;Krajowe zapotrzebowanie na moc;Sumaryczna generacja JWCD;Generacja PI;Generacja IRZ;Sumaryczna generacja nJWCD;Krajowe saldo wymiany miêdzysystemowej równoleg³ej;Krajowe saldo wymiany miêdzysystemowej nierównoleg³ej
2019-07-29;1;14710,963;10080,238;-194,250;0,000;3934,650;522,750;380,925
2019-07-29;2;14287,000;10589,588;-407,888;0,000;3736,400;182,150;191,188
2019-07-29;3;14058,688;10693,088;-406,525;0,000;3473,663;106,563;191,738
2019-07-29;4;14020,475;10978,963;-494,138;0,000;3304,988;43,100;192,475
2019-07-29;5;14199,438;11260,663;-542,450;0,000;3250,900;37,150;196,638
2019-07-29;6;14512,788;11203,938;-541,925;0,000;3244,138;250,938;365,188
2019-07-29;7;17043,375;12864,913;-206,350;0,000;3208,813;496,488;683,638
2019-07-29;8;19437,725;14703,925;-4,963;0,000;3143,075;677,188;923,488
2019-07-29;9;21054,775;16032,988;-6,813;0,000;3053,338;987,688;993,763
2019-07-29;10;21898,238;16700,888;-6,938;0,000;3134,575;1015,038;1056,650
2019-07-29;11;22092,275;16681,525;37,475;0,000;3313,038;996,300;1115,638
2019-07-29;12;22583,413;16963,250;43,413;0,000;3369,650;1035,188;1226,275
2019-07-29;13;22828,313;17478,900;111,113;0,000;3309,850;814,325;1246,138
2019-07-29;14;22857,538;17493,800;159,475;0,000;3363,375;757,313;1256,200
2019-07-29;15;22458,175;17039,488;-7,088;0,000;3467,413;812,175;1155,038
2019-07-29;16;22179,463;16566,175;-4,388;0,000;3611,100;780,475;1229,413
2019-07-29;17;21758,925;15857,875;-2,575;0,000;3889,288;761,250;1262,013
2019-07-29;18;21288,313;15199,375;-2,638;0,000;4021,275;800,888;1266,813
2019-07-29;19;20934,688;14679,500;-2,538;0,000;4165,150;829,125;1266,350
2019-07-29;20;20886,025;14875,138;11,413;0,000;3919,463;834,138;1266,988
2019-07-29;21;21048,850;15101,513;186,888;0,000;3730,050;955,763;1266,150
2019-07-29;22;20751,563;14886,588;160,875;0,000;3615,825;989,975;1267,550
2019-07-29;23;19311,588;13563,425;38,525;0,000;3416,788;1077,788;1268,238
2019-07-29;24;17923,963;12474,088;-3,825;0,000;3393,050;835,113;1235,250
