Data;Godzina;Krajowe zapotrzebowanie na moc;Sumaryczna generacja JWCD;Generacja PI;Generacja IRZ;Sumaryczna generacja nJWCD;Krajowe saldo wymiany miêdzysystemowej równoleg³ej;Krajowe saldo wymiany miêdzysystemowej nierównoleg³ej
2019-12-04;1;18402,875;9245,063;-303,075;0,000;9128,300;47,963;291,375
2019-12-04;2;17754,788;9494,038;-854,063;0,000;9091,125;-224,150;260,263
2019-12-04;3;17511,700;9664,500;-1462,263;0,000;9055,100;5,375;255,600
2019-12-04;4;17608,875;9754,638;-1452,400;0,000;9058,400;-7,575;253,750
2019-12-04;5;17956,563;9988,963;-1425,888;0,000;9097,438;29,663;267,800
2019-12-04;6;18624,838;9928,475;-919,163;0,000;8999,438;-43,513;665,388
2019-12-04;7;21340,725;11240,000;-45,350;0,000;8989,525;27,075;1129,513
2019-12-04;8;23321,875;14025,163;-4,100;0,000;8935,438;-869,988;1236,100
2019-12-04;9;24104,938;14830,163;-4,113;0,000;8729,463;-672,663;1221,700
2019-12-04;10;24315,088;14987,838;-4,663;0,000;8525,950;-444,975;1261,250
2019-12-04;11;24081,600;14452,575;-3,413;0,000;8276,975;17,088;1354,325
2019-12-04;12;24286,763;14694,025;13,988;0,000;8120,850;106,425;1368,138
2019-12-04;13;24351,400;15038,638;15,700;0,000;7932,363;19,250;1363,538
2019-12-04;14;24404,075;15367,150;294,400;0,000;7786,463;-119,488;1371,075
2019-12-04;15;23916,238;15115,588;324,338;0,000;7575,963;-150,863;1371,638
2019-12-04;16;24075,825;15514,963;320,325;0,000;7545,638;-351,150;1369,150
2019-12-04;17;24876,625;16141,050;371,163;0,000;7724,050;-184,688;1186,525
2019-12-04;18;24740,113;16325,213;400,900;0,000;7855,463;-645,063;1202,875
2019-12-04;19;24252,363;15926,200;607,413;0,000;7865,313;-885,400;1357,088
2019-12-04;20;24078,663;15436,088;642,425;0,000;7866,825;-569,800;1366,613
2019-12-04;21;23341,625;14087,350;626,238;0,000;7765,075;135,013;1369,013
2019-12-04;22;21871,275;12322,625;258,450;0,000;7803,750;383,600;1371,825
2019-12-04;23;20425,275;11164,088;90,813;0,000;7717,850;175,625;1373,675
2019-12-04;24;19084,375;9922,075;-123,113;0,000;7616,100;326,550;1351,450
