Data;Godzina;Krajowe zapotrzebowanie na moc;Sumaryczna generacja JWCD;Generacja PI;Generacja IRZ;Sumaryczna generacja nJWCD;Krajowe saldo wymiany miêdzysystemowej równoleg³ej;Krajowe saldo wymiany miêdzysystemowej nierównoleg³ej
2019-01-26;1;19339,150;11987,763;-12,500;0,000;7140,150;532,500;-302,725
2019-01-26;2;18677,113;11729,500;-10,425;0,000;7116,400;572,488;-718,875
2019-01-26;3;18138,213;11431,563;-10,338;0,000;7122,888;331,863;-729,975
2019-01-26;4;18137,538;11511,700;-61,313;0,000;7106,325;320,225;-724,513
2019-01-26;5;18141,838;11782,963;-304,950;0,000;7125,225;280,438;-728,750
2019-01-26;6;18366,150;11938,413;-242,888;0,000;7079,063;337,888;-729,700
2019-01-26;7;19373,988;12415,850;-191,725;0,000;7041,675;552,463;-442,050
2019-01-26;8;20212,600;13005,200;-191,050;0,000;7014,988;233,850;160,688
2019-01-26;9;21322,875;13243,038;-76,225;0,000;7080,550;183,675;895,775
2019-01-26;10;22369,188;13856,088;28,188;0,000;6992,363;315,000;1226,325
2019-01-26;11;22892,188;14558,013;95,163;0,000;6869,763;219,700;1259,413
2019-01-26;12;23041,550;14759,063;188,038;0,000;6824,900;216,338;1252,913
2019-01-26;13;22881,275;14674,288;136,600;0,000;6670,425;298,013;1249,263
2019-01-26;14;22698,613;14557,700;152,613;0,000;6541,913;367,088;1251,413
2019-01-26;15;21932,938;13853,763;154,700;0,000;6527,313;314,913;1253,050
2019-01-26;16;21658,775;13457,513;54,688;0,000;6565,838;391,538;1252,013
2019-01-26;17;22189,975;14054,738;104,025;0,000;6633,650;403,788;1111,438
2019-01-26;18;22771,625;14430,425;394,488;0,000;6766,750;421,338;1157,875
2019-01-26;19;22520,538;14203,313;303,300;0,000;6823,475;329,738;1173,350
2019-01-26;20;22227,613;13813,475;285,438;0,000;6795,588;378,950;1244,613
2019-01-26;21;21628,688;13292,238;294,050;0,000;6777,513;387,375;1182,563
2019-01-26;22;20449,850;12737,413;158,663;0,000;6695,913;460,363;573,238
2019-01-26;23;19441,525;12196,050;92,425;0,000;6608,775;496,113;162,713
2019-01-26;24;18335,375;11629,113;-12,900;0,000;6711,800;426,113;-405,763
