Data;Godzina;Krajowe zapotrzebowanie na moc;Sumaryczna generacja JWCD;Generacja PI;Generacja IRZ;Sumaryczna generacja nJWCD;Krajowe saldo wymiany miêdzysystemowej równoleg³ej;Krajowe saldo wymiany miêdzysystemowej nierównoleg³ej
2019-04-02;1;17391,663;8337,275;-151,613;69,588;8719,500;66,325;423,538
2019-04-02;2;16733,813;8285,963;-413,388;69,638;8607,750;-0,700;262,950
2019-04-02;3;16460,163;8214,450;-666,800;69,588;8674,713;-8,363;262,838
2019-04-02;4;16551,163;8250,763;-820,738;69,738;8807,688;66,038;261,075
2019-04-02;5;16874,350;8533,625;-849,575;69,588;8889,225;53,538;258,288
2019-04-02;6;17588,300;8681,950;-518,363;69,688;9075,738;90,600;270,800
2019-04-02;7;19495,288;9480,075;-44,463;69,600;9182,763;182,713;704,438
2019-04-02;8;21437,438;11015,138;28,275;69,638;8918,375;394,725;1114,988
2019-04-02;9;21975,075;11965,638;239,113;69,675;8376,863;404,563;1233,300
2019-04-02;10;21852,025;11725,738;49,863;69,550;8688,688;359,375;1089,875
2019-04-02;11;21604,725;10678,475;10,013;69,788;9487,013;523,238;1025,250
2019-04-02;12;21677,113;10678,863;396,563;69,513;9500,425;435,163;1075,175
2019-04-02;13;21704,825;10823,625;371,600;69,550;9428,300;514,063;957,013
2019-04-02;14;21549,988;10621,488;361,825;69,588;9451,238;464,013;1023,600
2019-04-02;15;21246,738;9985,563;359,788;69,450;9533,713;504,925;1230,975
2019-04-02;16;21043,788;9680,050;357,488;69,600;9638,750;494,375;1237,625
2019-04-02;17;20835,413;9472,325;321,813;69,550;9678,800;512,600;1179,550
2019-04-02;18;20556,200;9389,513;270,500;69,588;9594,275;421,825;1157,150
2019-04-02;19;20580,488;9522,925;229,025;69,625;9332,450;519,975;1205,300
2019-04-02;20;21836,850;10900,188;363,275;59,800;9292,200;455,550;1187,700
2019-04-02;21;22463,175;11132,263;383,513;0,000;9636,863;478,775;1230,250
2019-04-02;22;21069,800;9870,600;100,075;0,000;9756,350;366,600;1094,875
2019-04-02;23;19594,538;9501,400;94,000;0,000;9676,188;62,675;368,338
2019-04-02;24;18347,050;8454,375;14,675;0,000;9569,250;80,450;257,463
