Data;Godzina;Krajowe zapotrzebowanie na moc;Sumaryczna generacja JWCD;Generacja PI;Generacja IRZ;Sumaryczna generacja nJWCD;Krajowe saldo wymiany miêdzysystemowej równoleg³ej;Krajowe saldo wymiany miêdzysystemowej nierównoleg³ej
2019-04-04;1;17135,613;8168,838;-511,563;0,000;9212,000;-5,588;266,275
2019-04-04;2;16660,363;8216,338;-937,275;0,000;9088,850;29,213;259,250
2019-04-04;3;16265,850;8024,750;-934,000;1,000;8956,100;-51,263;263,175
2019-04-04;4;16352,600;8094,238;-930,838;23,088;8903,425;9,525;271,775
2019-04-04;5;16575,350;8401,625;-928,550;49,500;8883,425;-42,738;259,713
2019-04-04;6;17282,875;8867,913;-789,900;68,463;8889,075;57,200;258,438
2019-04-04;7;19233,738;9750,050;-93,900;69,663;8894,925;107,588;561,550
2019-04-04;8;21273,950;11907,675;144,688;69,613;8736,513;-291,613;912,688
2019-04-04;9;21911,000;12157,138;127,425;69,575;8300,288;145,075;1309,013
2019-04-04;10;22052,625;12188,213;245,150;69,525;7994,388;534,988;1334,813
2019-04-04;11;21606,213;11725,975;222,525;69,600;7888,638;654,163;1338,763
2019-04-04;12;21730,125;11634,125;143,738;69,525;8074,138;750,475;1273,938
2019-04-04;13;21654,938;11341,225;133,113;69,488;8240,513;844,050;1242,475
2019-04-04;14;21492,175;10974,700;144,738;69,525;8515,875;766,563;1243,025
2019-04-04;15;21293,213;10544,350;133,063;69,688;8681,025;817,763;1242,800
2019-04-04;16;21173,513;10417,588;144,350;69,550;8668,513;824,200;1251,600
2019-04-04;17;20826,938;10099,025;144,388;69,638;8686,538;707,463;1330,588
2019-04-04;18;20666,363;10200,363;320,725;69,650;8486,713;638,288;1340,750
2019-04-04;19;20607,538;10582,300;541,075;69,763;8216,175;476,463;1339,075
2019-04-04;20;21773,525;11619,163;750,500;69,638;8304,738;505,963;1339,600
2019-04-04;21;22370,275;11959,988;756,900;69,725;8597,500;478,913;1340,925
2019-04-04;22;20941,475;10214,038;534,650;69,613;8625,350;755,288;1342,938
2019-04-04;23;19238,488;8680,850;206,925;69,875;8454,175;778,200;1333,725
2019-04-04;24;18014,350;8409,400;85,175;69,725;8276,900;302,075;1044,438
