Data;Godzina;Krajowe zapotrzebowanie na moc;Sumaryczna generacja JWCD;Generacja PI;Generacja IRZ;Sumaryczna generacja nJWCD;Krajowe saldo wymiany miêdzysystemowej równoleg³ej;Krajowe saldo wymiany miêdzysystemowej nierównoleg³ej
2019-09-27;1;17202,350;11812,613;-11,213;0,000;4412,213;508,013;486,588
2019-09-27;2;16492,113;11484,625;-63,388;0,000;4522,525;198,125;357,638
2019-09-27;3;16256,075;11592,188;-229,575;0,000;4572,700;86,663;239,350
2019-09-27;4;16292,300;11697,675;-352,325;0,000;4696,413;30,163;222,963
2019-09-27;5;16504,025;11635,900;-351,400;0,000;4800,163;143,025;281,475
2019-09-27;6;17211,825;11692,138;-266,700;0,000;4851,763;541,750;401,450
2019-09-27;7;19380,063;13406,388;-32,500;0,000;5042,313;968,150;-2,525
2019-09-27;8;21204,775;15273,025;-5,300;0,000;5127,600;805,888;9,125
2019-09-27;9;22098,775;16058,825;-3,850;0,000;5022,813;956,388;77,850
2019-09-27;10;22195,563;16168,475;-4,825;0,000;4855,175;937,163;249,825
2019-09-27;11;22015,650;15933,425;-5,238;0,000;4821,513;977,100;296,100
2019-09-27;12;22244,113;16132,688;9,700;0,000;4896,463;795,038;429,713
2019-09-27;13;22189,775;15949,288;85,513;0,000;4974,175;773,950;504,950
2019-09-27;14;22045,950;15848,338;5,038;0,000;4922,275;759,425;535,813
2019-09-27;15;21827,150;15471,513;-6,625;0,000;4882,288;797,213;684,888
2019-09-27;16;21744,988;15451,300;-3,225;0,000;4828,388;762,038;697,463
2019-09-27;17;21616,538;15460,763;-3,963;0,000;4823,900;697,425;638,213
2019-09-27;18;21507,825;15434,538;-6,238;0,000;4901,550;647,913;540,275
2019-09-27;19;22058,388;15893,025;71,888;0,000;5167,263;724,263;280,413
2019-09-27;20;22984,025;16603,338;327,025;0,000;5486,738;753,388;149,938
2019-09-27;21;22297,025;15242,250;225,238;0,000;5476,363;944,250;654,025
2019-09-27;22;20853,263;13968,300;211,050;0,000;5484,013;709,475;699,950
2019-09-27;23;19349,000;12845,638;56,325;0,000;5432,050;538,375;536,000
2019-09-27;24;18019,013;11860,975;-7,600;0,000;5348,400;442,825;371,650
