Data;Godzina;Krajowe zapotrzebowanie na moc;Sumaryczna generacja JWCD;Generacja PI;Generacja IRZ;Sumaryczna generacja nJWCD;Krajowe saldo wymiany miêdzysystemowej równoleg³ej;Krajowe saldo wymiany miêdzysystemowej nierównoleg³ej
2019-02-26;1;17882,238;9295,150;-29,750;147,800;8636,650;-269,175;261,413
2019-02-26;2;17384,625;9211,463;-598,963;78,563;8684,938;-126,413;218,600
2019-02-26;3;17198,388;9568,913;-1109,963;69,600;8726,800;-185,900;205,425
2019-02-26;4;17240,438;9459,613;-1144,025;69,575;8919,100;-174,800;187,100
2019-02-26;5;17546,375;10063,363;-1107,575;69,575;8935,138;-274,738;-64,563
2019-02-26;6;18502,388;10860,900;-745,913;69,613;8699,675;-215,550;-92,175
2019-02-26;7;20669,975;11607,100;-48,188;69,688;8686,575;-177,550;604,913
2019-02-26;8;22635,775;13314,113;11,525;69,550;8507,613;-207,063;1024,000
2019-02-26;9;23431,200;13542,163;50,275;69,713;8286,450;389,213;1235,375
2019-02-26;10;23455,363;13468,138;33,650;69,650;8201,938;519,238;1277,925
2019-02-26;11;23078,225;13077,750;37,038;69,588;8223,575;508,325;1275,825
2019-02-26;12;23204,113;13159,650;37,038;69,550;8250,000;533,300;1270,538
2019-02-26;13;23110,788;13086,688;28,513;69,600;8234,500;528,400;1268,513
2019-02-26;14;23069,163;13028,475;27,200;69,663;8273,825;477,063;1288,638
2019-02-26;15;22738,688;12802,538;0,625;69,675;8171,875;470,413;1290,750
2019-02-26;16;22555,525;12759,588;19,713;69,525;7984,875;525,063;1289,138
2019-02-26;17;22495,038;13116,300;169,038;69,588;7695,200;411,025;1274,675
2019-02-26;18;23512,063;13882,925;248,913;69,750;7811,913;591,600;1226,200
2019-02-26;19;24217,775;14497,575;378,775;69,750;7958,238;640,375;1122,563
2019-02-26;20;24088,025;14309,575;356,238;69,338;7940,838;576,550;1274,950
2019-02-26;21;23415,600;14003,963;333,375;69,538;7716,750;423,475;1284,463
2019-02-26;22;21867,400;12759,413;32,838;69,688;7539,463;294,875;1286,475
2019-02-26;23;20247,025;11638,450;-5,825;69,663;7363,038;-24,375;1283,738
2019-02-26;24;18980,538;10742,863;-9,388;69,688;7112,300;-92,825;1233,575
