Data;Godzina;Krajowe zapotrzebowanie na moc;Sumaryczna generacja JWCD;Generacja PI;Generacja IRZ;Sumaryczna generacja nJWCD;Krajowe saldo wymiany miêdzysystemowej równoleg³ej;Krajowe saldo wymiany miêdzysystemowej nierównoleg³ej
2019-04-14;1;15691,188;8580,650;-16,575;0,000;6698,763;146,738;289,013
2019-04-14;2;15074,600;8459,325;-127,775;0,000;6615,813;55,288;79,813
2019-04-14;3;14717,725;8273,500;-218,038;0,000;6603,000;9,513;59,563
2019-04-14;4;14557,338;8263,875;-345,138;0,000;6580,238;5,725;53,288
2019-04-14;5;14579,925;8374,475;-421,900;0,000;6641,788;-0,863;-11,638
2019-04-14;6;14415,175;8294,250;-421,775;0,000;6633,550;-10,500;-74,325
2019-04-14;7;14588,188;8213,275;-297,750;0,000;6579,300;27,538;72,388
2019-04-14;8;15331,188;8550,550;-127,425;0,000;6299,600;202,513;401,550
2019-04-14;9;16285,050;9171,575;16,900;0,000;6047,850;306,488;764,688
2019-04-14;10;17003,425;9316,600;85,025;0,000;6081,550;510,600;1101,500
2019-04-14;11;17239,850;9302,850;94,500;0,000;6350,475;451,425;1140,338
2019-04-14;12;17151,450;8771,513;131,225;0,000;6704,413;537,000;1139,863
2019-04-14;13;17019,713;8634,275;699,575;0,000;6724,338;532,738;1139,713
2019-04-14;14;17050,950;8644,063;1020,038;0,000;6796,863;484,200;1139,738
2019-04-14;15;16827,688;8331,175;770,388;0,000;6890,388;466,775;1139,850
2019-04-14;16;16444,475;7898,538;39,925;0,000;7018,488;481,925;1124,613
2019-04-14;17;16308,150;8083,838;-272,625;0,000;7198,700;383,388;917,138
2019-04-14;18;16438,638;8034,938;-221,638;0,000;7305,250;367,713;955,688
2019-04-14;19;16844,513;8157,688;-154,125;0,000;7354,313;417,613;1133,075
2019-04-14;20;17634,350;8805,775;412,588;0,000;7389,138;306,175;1135,825
2019-04-14;21;18802,738;9593,175;832,450;0,000;7811,863;347,175;1051,975
2019-04-14;22;18143,825;8677,925;358,925;0,000;8060,400;291,550;1122,938
2019-04-14;23;17404,750;8329,375;-452,138;0,000;8014,325;392,975;1125,075
2019-04-14;24;16428,313;8330,025;-887,875;0,000;7818,625;379,775;796,975
