Data;Godzina;Krajowe zapotrzebowanie na moc;Sumaryczna generacja JWCD;Generacja PI;Generacja IRZ;Sumaryczna generacja nJWCD;Krajowe saldo wymiany miêdzysystemowej równoleg³ej;Krajowe saldo wymiany miêdzysystemowej nierównoleg³ej
2019-05-20;1;14384,625;9907,875;-190,425;70,050;4300,250;-197,000;575,325
2019-05-20;2;13970,913;9860,950;-523,738;70,138;4410,088;-342,463;568,688
2019-05-20;3;13797,438;9753,138;-679,325;70,275;4447,938;-338,563;617,250
2019-05-20;4;13808,288;9856,563;-677,338;70,275;4387,900;-331,825;579,075
2019-05-20;5;13819,825;9792,300;-675,325;70,238;4430,213;-231,188;507,350
2019-05-20;6;14397,538;10057,000;-650,025;70,150;4286,725;107,513;607,425
2019-05-20;7;17530,325;12229,713;-98,750;70,138;4192,700;312,813;900,988
2019-05-20;8;19863,950;14462,688;-6,088;70,038;3964,538;474,075;969,250
2019-05-20;9;21087,750;15282,150;89,300;70,400;3950,738;820,650;1036,338
2019-05-20;10;21439,413;15308,900;46,863;70,250;4092,500;776,000;1264,475
2019-05-20;11;21338,900;14996,738;100,325;70,325;4333,263;808,275;1211,038
2019-05-20;12;21646,638;15009,125;107,800;70,175;4674,800;736,738;1234,688
2019-05-20;13;21753,838;14879,413;54,750;70,213;4969,638;822,700;1094,500
2019-05-20;14;21633,763;14594,950;29,763;70,275;5137,875;755,525;1160,238
2019-05-20;15;21432,350;14254,213;1,225;70,313;5164,575;727,638;1288,725
2019-05-20;16;21317,475;13910,475;-56,475;70,300;5280,913;872,775;1311,200
2019-05-20;17;21022,088;13899,450;-2,713;70,200;5001,488;823,175;1302,163
2019-05-20;18;20765,888;13960,500;-2,688;70,325;4739,163;768,638;1301,188
2019-05-20;19;20639,663;14239,913;302,888;70,138;4323,688;755,750;1316,450
2019-05-20;20;20849,675;14587,475;631,513;70,150;4251,438;700,850;1306,063
2019-05-20;21;21086,338;14769,613;335,175;92,625;4241,688;755,600;1303,263
2019-05-20;22;20755,913;14274,625;81,175;85,325;4310,625;879,938;1298,725
2019-05-20;23;19091,988;13002,000;6,850;70,263;4066,213;726,300;1316,588
2019-05-20;24;17594,738;11850,238;-5,375;70,238;3962,913;516,350;1272,250
