Data;Godzina;Krajowe zapotrzebowanie na moc;Sumaryczna generacja JWCD;Generacja PI;Generacja IRZ;Sumaryczna generacja nJWCD;Krajowe saldo wymiany miêdzysystemowej równoleg³ej;Krajowe saldo wymiany miêdzysystemowej nierównoleg³ej
2019-12-09;1;15932,600;7458,538;-407,638;0,000;9012,175;-394,338;265,575
2019-12-09;2;15614,213;7896,275;-980,588;0,000;8835,025;-387,575;257,313
2019-12-09;3;15426,850;7966,825;-1146,613;0,000;8737,025;-282,625;154,100
2019-12-09;4;15529,763;8073,725;-1143,375;0,000;8620,450;-80,600;63,813
2019-12-09;5;15995,225;8757,350;-1188,650;0,000;8597,213;-220,288;52,475
2019-12-09;6;17116,125;10263,900;-1070,088;0,000;8391,625;-397,813;-65,688
2019-12-09;7;20246,375;11650,150;-214,775;0,000;8510,963;-226,950;529,275
2019-12-09;8;22428,650;13270,800;181,750;0,000;8619,500;-486,325;1022,100
2019-12-09;9;23452,825;13834,825;16,875;0,000;8683,525;-394,850;1330,113
2019-12-09;10;23734,275;13886,125;0,000;0,000;8659,613;-159,225;1352,538
2019-12-09;11;23524,588;13695,500;0,000;0,000;8408,188;64,900;1359,250
2019-12-09;12;23850,163;14267,450;0,000;0,000;8296,300;-68,813;1361,450
2019-12-09;13;24029,050;14586,913;16,288;0,000;8117,750;-29,538;1361,825
2019-12-09;14;24118,563;14953,075;135,925;0,000;7931,563;-121,913;1361,375
2019-12-09;15;23875,800;14765,138;295,050;0,000;7791,050;-42,538;1360,325
2019-12-09;16;24078,875;14973,800;342,838;0,000;7808,725;-59,288;1361,438
2019-12-09;17;24919,063;15556,050;489,625;0,000;7970,500;14,500;1361,413
2019-12-09;18;24603,688;14658,238;486,400;0,000;8139,975;450,925;1360,525
2019-12-09;19;24249,088;14220,525;459,425;0,000;8095,550;569,550;1356,475
2019-12-09;20;24145,663;14198,850;107,025;0,000;8060,213;526,938;1360,750
2019-12-09;21;23492,788;13575,275;97,688;0,000;8025,738;540,738;1359,475
2019-12-09;22;21924,200;12143,963;63,213;0,000;8003,163;483,563;1305,888
2019-12-09;23;20312,025;10884,538;289,888;0,000;8125,425;271,525;1048,688
2019-12-09;24;18984,325;9780,238;144,850;0,000;8261,700;278,188;672,850
