Data;Godzina;Krajowe zapotrzebowanie na moc;Sumaryczna generacja JWCD;Generacja PI;Generacja IRZ;Sumaryczna generacja nJWCD;Krajowe saldo wymiany miêdzysystemowej równoleg³ej;Krajowe saldo wymiany miêdzysystemowej nierównoleg³ej
2019-03-28;1;17572,200;10932,325;-407,575;147,213;6520,600;133,963;398,000
2019-03-28;2;16976,300;10807,875;-408,300;148,200;6350,913;-21,800;244,513
2019-03-28;3;16662,113;10690,313;-458,175;147,288;6203,075;10,713;218,313
2019-03-28;4;16706,750;11076,813;-699,425;147,050;6123,300;-48,150;258,613
2019-03-28;5;16959,888;10762,313;-719,975;147,800;5979,413;325,250;616,563
2019-03-28;6;17210,600;10746,200;-692,463;147,850;5863,050;362,063;937,275
2019-03-28;7;19590,525;11981,475;-66,400;148,175;5773,163;598,525;1304,625
2019-03-28;8;21853,513;14058,275;-2,850;150,650;5731,613;721,113;1346,663
2019-03-28;9;22821,463;14990,488;76,500;175,425;5768,038;730,238;1340,175
2019-03-28;10;22963,288;15305,138;278,713;178,563;5696,313;644,713;1337,200
2019-03-28;11;22764,338;15206,000;220,363;177,313;5573,950;657,900;1336,500
2019-03-28;12;22929,250;15510,463;142,513;177,338;5447,488;626,463;1353,788
2019-03-28;13;22982,800;15377,750;10,000;178,725;5441,075;816,888;1350,963
2019-03-28;14;22990,788;15510,900;225,863;177,613;5358,238;772,538;1353,288
2019-03-28;15;22468,088;15051,350;25,963;177,863;5299,088;778,850;1345,400
2019-03-28;16;22095,638;14634,300;-4,238;176,400;5320,000;792,000;1344,875
2019-03-28;17;21805,350;14422,663;-4,488;176,913;5312,513;732,638;1340,963
2019-03-28;18;21725,438;14146,338;-5,963;177,325;5550,538;682,450;1349,925
2019-03-28;19;22588,663;14554,113;272,288;176,075;5913,288;762,488;1353,225
2019-03-28;20;23455,325;15159,263;559,838;175,913;6209,038;732,338;1352,713
2019-03-28;21;22863,800;14262,200;520,038;177,388;6379,800;893,275;1340,250
2019-03-28;22;21356,750;12806,925;265,325;151,863;6429,813;782,538;1345,813
2019-03-28;23;19684,625;11132,850;-10,563;148,075;6428,175;789,375;1351,475
2019-03-28;24;18389,650;9968,588;-10,238;148,363;6595,863;527,313;1313,438
