Data;Godzina;Krajowe zapotrzebowanie na moc;Sumaryczna generacja JWCD;Generacja PI;Generacja IRZ;Sumaryczna generacja nJWCD;Krajowe saldo wymiany miêdzysystemowej równoleg³ej;Krajowe saldo wymiany miêdzysystemowej nierównoleg³ej
2019-08-14;1;16086,513;10889,625;-10,300;0,000;4078,675;742,700;389,838
2019-08-14;2;15468,625;11087,425;-9,388;0,000;3963,913;235,200;193,225
2019-08-14;3;15089,013;10980,463;-39,450;0,000;3899,425;69,113;183,575
2019-08-14;4;15170,288;11449,150;-336,150;0,000;3841,875;41,175;176,463
2019-08-14;5;15301,513;11699,825;-349,513;0,000;3767,988;-11,925;201,238
2019-08-14;6;15368,888;11264,400;-264,950;0,000;3826,063;189,825;355,075
2019-08-14;7;17360,488;13128,138;-35,250;0,000;3797,188;556,175;-77,413
2019-08-14;8;19305,875;14662,913;-7,088;0,000;3695,225;801,350;161,488
2019-08-14;9;20571,863;15916,338;-6,838;0,000;3646,900;849,800;187,150
2019-08-14;10;21042,563;16358,563;-6,725;0,000;3767,500;750,200;186,775
2019-08-14;11;21101,638;16153,425;-6,550;0,000;3958,388;820,300;179,450
2019-08-14;12;21328,175;16149,975;38,163;0,000;4207,463;799,713;185,350
2019-08-14;13;21353,063;15908,988;44,475;0,000;4472,825;809,263;178,175
2019-08-14;14;21181,775;15492,488;-0,013;0,000;4702,738;812,063;189,163
2019-08-14;15;20552,088;14921,425;-6,113;0,000;4699,925;763,400;181,288
2019-08-14;16;20273,588;14670,325;-6,338;0,000;4622,713;824,850;171,488
2019-08-14;17;20079,213;14458,475;-6,225;0,000;4510,950;941,025;180,138
2019-08-14;18;19652,938;14247,350;-6,350;0,000;4382,413;860,963;178,113
2019-08-14;19;19489,963;14309,663;-6,113;0,000;4145,238;878,200;166,238
2019-08-14;20;19628,500;14760,425;66,938;0,000;3829,075;874,300;172,875
2019-08-14;21;20118,975;14888,300;202,638;0,000;3637,000;999,463;605,638
2019-08-14;22;19528,163;14427,500;280,350;0,000;3568,838;886,525;657,588
2019-08-14;23;17898,013;12947,188;-9,913;0,000;3371,113;934,875;668,000
2019-08-14;24;16576,500;11638,588;-9,988;0,000;3313,913;993,575;661,088
