Data;Godzina;Krajowe zapotrzebowanie na moc;Sumaryczna generacja JWCD;Generacja PI;Generacja IRZ;Sumaryczna generacja nJWCD;Krajowe saldo wymiany miêdzysystemowej równoleg³ej;Krajowe saldo wymiany miêdzysystemowej nierównoleg³ej
2019-06-16;1;15595,350;10424,575;-27,250;363,063;4260,975;316,463;624,250
2019-06-16;2;14814,338;10348,075;-148,400;372,175;4047,900;138,825;435,625
2019-06-16;3;14515,538;10444,500;-164,613;371,675;4096,138;-21,475;165,813
2019-06-16;4;14301,563;10356,863;-460,163;337,250;4196,550;71,488;145,925
2019-06-16;5;13807,700;10144,900;-485,550;307,150;3996,563;13,738;146,838
2019-06-16;6;13404,350;9799,925;-484,088;131,850;3978,063;-25,075;147,588
2019-06-16;7;13850,200;9966,225;-304,963;93,725;3939,750;81,213;176,125
2019-06-16;8;14592,750;10059,588;-27,075;75,988;3787,463;334,413;443,388
2019-06-16;9;15560,225;10683,888;-9,750;78,825;3847,413;576,613;469,725
2019-06-16;10;16423,838;11290,375;-10,075;78,563;4002,288;788,788;361,088
2019-06-16;11;16864,525;11531,913;60,513;76,238;4108,438;796,663;449,363
2019-06-16;12;17108,138;11660,963;70,713;74,688;4310,275;773,675;376,988
2019-06-16;13;17170,325;11698,375;70,775;74,663;4456,238;762,450;264,963
2019-06-16;14;17055,875;11464,250;0,150;76,350;4482,013;825,100;304,138
2019-06-16;15;16666,325;11269,600;-10,000;78,250;4388,975;735,050;293,513
2019-06-16;16;16489,975;11269,938;-10,163;75,913;4409,000;734,875;90,363
2019-06-16;17;16254,550;11083,863;-9,900;77,863;4371,413;783,950;32,063
2019-06-16;18;16272,200;11123,113;-10,225;76,175;4340,888;774,675;49,200
2019-06-16;19;16381,800;11316,150;-9,800;74,925;4142,513;766,425;170,038
2019-06-16;20;16692,688;11606,163;-9,688;76,238;3890,413;842,338;367,088
2019-06-16;21;16843,925;11892,075;60,075;78,113;3755,950;752,500;457,475
2019-06-16;22;17179,138;11875,813;71,425;75,075;3948,675;750,613;622,013
2019-06-16;23;17226,588;11853,825;1,725;75,900;4012,813;737,200;634,300
2019-06-16;24;16106,175;11028,400;46,925;78,525;3802,825;689,750;605,825
