Data;Godzina;Krajowe zapotrzebowanie na moc;Sumaryczna generacja JWCD;Generacja PI;Generacja IRZ;Sumaryczna generacja nJWCD;Krajowe saldo wymiany miêdzysystemowej równoleg³ej;Krajowe saldo wymiany miêdzysystemowej nierównoleg³ej
2019-11-04;1;14807,338;9302,300;-101,375;0,000;5244,013;319,763;66,538
2019-11-04;2;14409,850;9175,400;-281,738;0,000;5231,250;251,800;45,663
2019-11-04;3;14234,050;9092,100;-355,963;0,000;5235,888;225,438;46,063
2019-11-04;4;14204,938;9099,963;-354,975;0,000;5209,513;207,913;46,138
2019-11-04;5;14755,063;9448,375;-354,875;0,000;5410,788;209,663;45,850
2019-11-04;6;15991,875;10555,475;-329,213;7,338;5529,713;184,488;62,138
2019-11-04;7;19026,463;12751,850;-27,263;21,975;5620,063;353,663;331,213
2019-11-04;8;21246,038;14157,788;-7,075;32,900;5842,863;621,075;635,038
2019-11-04;9;22443,875;14855,638;14,750;40,463;5835,825;847,650;915,288
2019-11-04;10;22706,075;15038,275;182,638;53,100;5774,763;763,313;1142,863
2019-11-04;11;22573,175;14746,375;17,288;67,738;5741,338;931,963;1162,700
2019-11-04;12;22948,125;15292,813;96,488;74,700;5658,713;853,088;1152,863
2019-11-04;13;23207,050;15330,150;173,738;89,813;5752,050;996,913;1139,288
2019-11-04;14;23249,338;15706,013;300,013;89,375;5490,175;934,450;1134,288
2019-11-04;15;22935,763;15567,888;182,738;90,200;5302,075;905,863;1156,225
2019-11-04;16;22877,925;15564,488;117,925;90,188;5270,038;887,338;1158,800
2019-11-04;17;23506,838;16008,313;235,913;90,200;5392,563;953,575;1158,800
2019-11-04;18;23832,388;16041,950;461,075;90,238;5700,425;929,013;1158,975
2019-11-04;19;23439,650;15545,363;50,550;89,088;5904,263;846,338;1158,963
2019-11-04;20;23368,700;15295,350;27,013;71,325;5990,763;936,313;1158,538
2019-11-04;21;22636,525;14586,650;296,713;70,200;6073,950;831,063;1158,525
2019-11-04;22;21020,713;12874,388;127,100;70,300;6186,238;826,913;1157,163
2019-11-04;23;19395,725;11229,913;33,388;70,263;6276,300;773,738;1134,363
2019-11-04;24;18128,663;10693,163;-9,950;70,188;6272,513;501,425;679,638
