Data;Godzina;Krajowe zapotrzebowanie na moc;Sumaryczna generacja JWCD;Generacja PI;Generacja IRZ;Sumaryczna generacja nJWCD;Krajowe saldo wymiany miêdzysystemowej równoleg³ej;Krajowe saldo wymiany miêdzysystemowej nierównoleg³ej
2019-06-08;1;16923,113;11684,525;-3,113;76,850;3447,850;523,938;1280,363
2019-06-08;2;16145,575;11200,550;-3,425;78,275;3457,838;449,963;1050,813
2019-06-08;3;15721,013;11327,025;-4,850;78,738;3388,413;287,688;730,763
2019-06-08;4;15549,450;11712,750;-6,425;75,613;3316,338;140,913;392,013
2019-06-08;5;14985,488;11403,188;-6,900;78,375;3292,263;33,075;265,925
2019-06-08;6;14833,375;11100,800;-6,888;77,863;3334,988;49,213;367,350
2019-06-08;7;15979,313;11627,638;-7,013;78,963;3382,950;316,000;664,388
2019-06-08;8;17486,288;12921,888;-5,700;78,138;3283,313;421,400;871,063
2019-06-08;9;18969,238;13928,725;-3,688;77,475;3358,525;792,938;897,425
2019-06-08;10;19758,775;14464,675;59,288;77,700;3590,150;868,475;843,613
2019-06-08;11;19904,525;14640,725;247,963;77,163;3675,988;784,563;814,475
2019-06-08;12;19963,450;14298,575;216,325;75,950;4090,013;736,188;845,300
2019-06-08;13;19687,763;13794,263;127,625;79,175;4386,113;507,950;1019,138
2019-06-08;14;19138,525;13102,988;40,125;80,025;4496,413;497,738;1059,350
2019-06-08;15;18361,538;12250,813;1,025;78,313;4605,788;483,050;1033,750
2019-06-08;16;18034,300;12033,413;-3,475;29,238;4480,725;524,838;997,350
2019-06-08;17;17881,538;11826,425;-4,650;0,000;4568,813;486,338;1007,688
2019-06-08;18;17831,238;12031,513;-4,350;0,000;4316,000;489,925;996,200
2019-06-08;19;17705,300;12072,400;13,025;0,000;4166,675;466,113;1008,850
2019-06-08;20;17642,888;12153,463;276,163;0,000;3820,288;502,950;1170,675
2019-06-08;21;17343,463;11930,125;278,775;0,000;3626,463;552,763;1234,650
2019-06-08;22;17593,800;12266,375;122,738;0,000;3690,388;667,113;974,875
2019-06-08;23;17077,238;11647,788;5,988;0,000;3722,775;575,238;1146,375
2019-06-08;24;15817,050;10279,625;-7,513;0,000;3764,225;510,988;1280,075
