Data;Godzina;Krajowe zapotrzebowanie na moc;Sumaryczna generacja JWCD;Generacja PI;Generacja IRZ;Sumaryczna generacja nJWCD;Krajowe saldo wymiany miêdzysystemowej równoleg³ej;Krajowe saldo wymiany miêdzysystemowej nierównoleg³ej
2019-02-03;1;16251,425;10094,425;-11,513;0,000;7417,225;-421,263;-818,163
2019-02-03;2;15617,500;9529,363;-11,513;0,000;7289,225;-356,063;-829,950
2019-02-03;3;15174,575;9164,975;-10,713;0,000;6993,750;-141,538;-825,025
2019-02-03;4;14985,675;9253,788;-12,738;0,000;6654,463;-60,725;-843,450
2019-02-03;5;15011,488;9576,213;-12,213;0,000;6366,025;-54,625;-856,300
2019-02-03;6;15233,063;9759,463;-12,563;0,000;6236,650;111,038;-857,675
2019-02-03;7;15640,475;10184,100;-11,213;0,000;6061,213;307,300;-893,538
2019-02-03;8;15883,100;10420,113;-10,713;0,000;6013,150;371,025;-905,463
2019-02-03;9;16692,125;11225,325;-10,088;0,000;5987,338;420,713;-926,313
2019-02-03;10;17765,450;11838,713;8,988;0,000;5962,463;499,275;-521,538
2019-02-03;11;18368,363;11920,738;27,013;0,000;5970,188;364,325;129,563
2019-02-03;12;18632,025;11913,625;27,213;0,000;5964,125;413,725;361,813
2019-02-03;13;18798,188;11841,013;-7,350;0,000;6027,213;493,550;454,388
2019-02-03;14;18904,413;11871,675;-8,388;0,000;6079,813;403,563;567,025
2019-02-03;15;18707,975;11957,650;-7,700;0,000;6087,088;524,563;150,625
2019-02-03;16;18305,650;11827,288;-10,125;0,000;6184,763;478,413;-171,375
2019-02-03;17;18752,650;11825,038;10,375;0,000;6366,025;538,125;30,813
2019-02-03;18;19584,575;11991,563;216,075;0,000;6573,463;280,838;746,213
2019-02-03;19;19878,775;12250,963;306,913;0,000;6921,325;-50,625;769,813
2019-02-03;20;19987,813;12283,650;325,588;0,000;7082,488;-244,775;880,463
2019-02-03;21;19618,600;11778,025;110,663;0,000;7045,425;35,175;770,400
2019-02-03;22;18822,963;11653,763;-10,600;0,000;7115,263;187,325;-115,563
2019-02-03;23;18166,350;11700,388;-10,338;17,500;7305,300;-35,338;-787,163
2019-02-03;24;17129,800;10513,125;-9,150;54,550;7478,825;-12,838;-822,138
