Data;Godzina;Krajowe zapotrzebowanie na moc;Sumaryczna generacja JWCD;Generacja PI;Generacja IRZ;Sumaryczna generacja nJWCD;Krajowe saldo wymiany miêdzysystemowej równoleg³ej;Krajowe saldo wymiany miêdzysystemowej nierównoleg³ej
2019-03-17;1;15778,200;8721,113;41,350;116,575;7313,800;114,625;-343,213
2019-03-17;2;15090,975;8197,850;-12,063;74,100;7478,938;-34,150;-532,363
2019-03-17;3;14797,888;7741,613;-113,663;73,075;7693,738;0,675;-520,463
2019-03-17;4;14689,638;7726,500;-359,738;74,513;7766,738;42,075;-480,413
2019-03-17;5;14638,288;7879,563;-645,750;75,888;7762,713;-36,025;-317,275
2019-03-17;6;14576,688;7724,838;-668,413;74,100;7899,263;-62,575;-309,325
2019-03-17;7;14598,125;7354,925;-624,200;76,138;7969,263;15,900;-112,475
2019-03-17;8;15330,513;7546,013;-32,413;73,475;7930,825;-16,513;-74,100
2019-03-17;9;16160,400;7953,825;30,800;75,350;7725,663;166,363;328,788
2019-03-17;10;16703,550;7739,013;185,375;73,925;7825,125;277,875;884,963
2019-03-17;11;16946,550;7536,425;132,513;74,463;8214,250;223,688;1009,700
2019-03-17;12;17003,338;7601,950;133,363;74,438;8410,550;205,950;803,000
2019-03-17;13;17026,038;7951,663;393,413;75,775;8328,163;110,263;652,763
2019-03-17;14;17104,688;7893,525;290,325;75,838;8272,088;256,038;699,263
2019-03-17;15;16557,188;7528,913;275,638;72,663;8067,838;239,538;744,225
2019-03-17;16;16033,988;7685,925;294,400;77,225;7273,088;254,238;837,200
2019-03-17;17;16110,063;7855,800;291,775;74,488;6724,488;403,100;1138,488
2019-03-17;18;16570,650;8276,800;206,050;74,950;6521,688;460,725;1324,025
2019-03-17;19;18305,213;9593,500;420,450;77,725;6919,725;467,300;1331,075
2019-03-17;20;18760,050;9765,325;661,625;75,063;7226,850;439,263;1340,650
2019-03-17;21;18410,438;8993,200;526,813;74,025;7574,013;531,225;1331,300
2019-03-17;22;17528,075;8152,838;157,375;73,888;7612,375;466,825;1308,363
2019-03-17;23;16901,175;8149,900;-7,938;72,425;7600,363;319,800;853,138
2019-03-17;24;15980,388;7956,350;-80,100;72,050;7531,463;105,000;479,925
