Data;Godzina;Krajowe zapotrzebowanie na moc;Sumaryczna generacja JWCD;Generacja PI;Generacja IRZ;Sumaryczna generacja nJWCD;Krajowe saldo wymiany miêdzysystemowej równoleg³ej;Krajowe saldo wymiany miêdzysystemowej nierównoleg³ej
2019-08-21;1;16827,313;11801,975;-80,325;0,000;4450,838;321,750;335,813
2019-08-21;2;16142,775;11862,400;-271,563;0,000;4413,063;-38,663;182,038
2019-08-21;3;15918,125;11838,025;-438,463;0,000;4324,563;30,663;162,663
2019-08-21;4;15965,738;11992,600;-443,225;0,000;4293,538;-37,525;164,313
2019-08-21;5;16182,675;12384,700;-443,813;0,000;4182,938;-102,350;165,400
2019-08-21;6;16327,700;12454,750;-514,325;0,000;4218,800;-12,900;186,200
2019-08-21;7;18254,650;13447,625;-53,188;0,000;4328,575;247,875;357,988
2019-08-21;8;20137,288;14883,950;30,050;0,000;4403,013;589,300;265,150
2019-08-21;9;21294,888;15819,900;-7,500;0,000;4233,475;772,850;477,863
2019-08-21;10;21767,763;16307,138;-7,513;0,000;4060,163;777,763;634,100
2019-08-21;11;21788,450;16194,138;-6,888;0,000;4099,275;852,863;648,388
2019-08-21;12;21964,075;16566,875;63,550;0,000;4094,500;660,488;646,825
2019-08-21;13;22092,413;16659,500;100,238;0,000;4037,650;756,475;643,288
2019-08-21;14;22048,025;16450,450;85,613;0,000;4099,013;848,538;653,413
2019-08-21;15;21551,050;16176,125;4,200;0,000;4007,625;763,300;614,213
2019-08-21;16;21431,313;16089,625;-6,563;0,000;4087,388;746,600;513,138
2019-08-21;17;21072,525;15764,275;128,488;0,000;3992,438;782,075;530,750
2019-08-21;18;20783,338;15770,338;383,763;0,000;3794,950;751,663;464,463
2019-08-21;19;20592,700;15763,038;333,388;0,000;3682,500;804,950;335,563
2019-08-21;20;20902,688;16132,975;306,988;0,000;3609,013;713,275;447,475
2019-08-21;21;21657,813;16630,088;455,400;0,000;3592,288;799,125;629,350
2019-08-21;22;20564,450;15685,200;452,388;0,000;3499,213;732,600;652,400
2019-08-21;23;18852,625;13935,425;189,663;0,000;3457,700;834,975;642,700
2019-08-21;24;17506,538;12692,788;-11,075;0,000;3447,888;767,175;639,013
