Data;Godzina;Krajowe zapotrzebowanie na moc;Sumaryczna generacja JWCD;Generacja PI;Generacja IRZ;Sumaryczna generacja nJWCD;Krajowe saldo wymiany miêdzysystemowej równoleg³ej;Krajowe saldo wymiany miêdzysystemowej nierównoleg³ej
2019-09-15;1;14282,538;8119,275;-219,325;0,000;3944,425;1403,750;1038,075
2019-09-15;2;13781,413;8151,950;-346,638;0,000;4088,525;1010,488;883,463
2019-09-15;3;13387,950;8084,488;-350,325;0,000;4368,363;668,100;631,150
2019-09-15;4;13375,913;8202,913;-350,663;0,000;4707,188;392,238;430,263
2019-09-15;5;13378,588;8174,138;-349,638;0,000;5122,688;156,713;277,238
2019-09-15;6;13380,588;7863,188;-349,100;0,000;5654,963;73,675;142,513
2019-09-15;7;13156,300;7352,438;-348,025;0,000;5997,238;-10,625;170,475
2019-09-15;8;13830,325;7018,150;-244,850;0,000;6343,463;317,850;400,063
2019-09-15;9;14711,013;7055,063;-147,663;0,000;6084,150;936,738;787,425
2019-09-15;10;15337,550;7689,663;-6,438;0,000;5691,275;982,838;983,550
2019-09-15;11;15668,063;7524,713;-2,763;0,000;6002,163;1147,175;1008,700
2019-09-15;12;15799,825;7171,175;14,325;0,000;6563,050;1175,788;904,763
2019-09-15;13;15852,700;7114,175;67,288;0,000;6884,938;1094,600;768,063
2019-09-15;14;15747,938;7165,438;-22,713;0,000;7166,613;843,750;646,650
2019-09-15;15;15552,250;7497,900;-291,575;0,000;7180,475;647,750;523,588
2019-09-15;16;15406,400;7359,575;40,050;0,000;7062,513;550,438;450,950
2019-09-15;17;15327,038;7451,300;292,888;0,000;6904,400;761,788;215,963
2019-09-15;18;15557,313;7944,913;472,588;0,000;6574,338;466,713;573,225
2019-09-15;19;16061,613;7854,588;514,425;0,000;6613,925;505,188;1093,913
2019-09-15;20;17546,125;8953,200;711,675;0,000;6806,563;552,938;1242,363
2019-09-15;21;17684,850;8723,513;642,525;0,000;7002,063;735,563;1238,388
2019-09-15;22;16656,175;7904,250;450,450;0,000;7032,800;696,925;1036,138
2019-09-15;23;15810,238;7749,850;271,400;0,000;7152,188;355,375;565,525
2019-09-15;24;14864,938;7565,875;-6,588;0,000;7112,050;-10,463;205,813
