Data;Godzina;Krajowe zapotrzebowanie na moc;Sumaryczna generacja JWCD;Generacja PI;Generacja IRZ;Sumaryczna generacja nJWCD;Krajowe saldo wymiany miêdzysystemowej równoleg³ej;Krajowe saldo wymiany miêdzysystemowej nierównoleg³ej
2019-03-21;1;17630,213;9864,150;-8,413;143,475;7476,675;103,700;203,438
2019-03-21;2;17117,463;9846,550;-78,313;145,350;7120,588;28,500;211,500
2019-03-21;3;16812,013;9883,288;-303,425;143,663;7025,600;7,563;208,313
2019-03-21;4;16923,650;10106,000;-320,500;142,313;6891,288;36,400;223,288
2019-03-21;5;17177,250;10645,750;-320,200;144,638;6590,088;36,000;240,288
2019-03-21;6;17622,038;10645,825;-161,188;144,538;6489,175;99,175;560,938
2019-03-21;7;19745,288;12007,663;-22,188;145,163;6488,350;366,375;913,775
2019-03-21;8;21899,575;13322,713;-6,563;148,388;6568,288;752,138;1271,425
2019-03-21;9;22856,913;14221,500;309,338;111,450;6625,575;713,713;1312,113
2019-03-21;10;22908,675;14091,325;266,663;99,813;6854,925;675,850;1309,025
2019-03-21;11;22774,563;13840,188;310,038;99,413;6901,150;735,925;1310,238
2019-03-21;12;23006,513;14041,800;292,313;99,438;6973,413;694,188;1310,113
2019-03-21;13;23135,750;14140,963;195,750;99,463;6984,425;711,775;1310,713
2019-03-21;14;23161,788;14062,550;126,625;99,125;7051,375;758,088;1311,613
2019-03-21;15;22640,363;13369,325;-4,525;99,500;7174,188;809,288;1298,950
2019-03-21;16;22225,400;12895,250;-7,338;99,450;7222,800;805,650;1311,725
2019-03-21;17;21984,188;12635,250;176,550;99,563;7255,700;786,025;1312,100
2019-03-21;18;22175,450;12819,750;268,938;99,513;7255,800;795,063;1310,938
2019-03-21;19;23230,375;13755,375;265,288;99,450;7358,688;799,688;1313,688
2019-03-21;20;23673,663;14149,063;193,500;99,263;7671,775;567,800;1300,563
2019-03-21;21;23115,463;13313,600;124,363;98,113;8004,875;507,000;1306,213
2019-03-21;22;21585,138;11748,563;27,138;73,650;8079,275;478,863;1300,775
2019-03-21;23;20064,363;10647,725;25,200;69,200;7922,025;380,638;1130,550
2019-03-21;24;18708,138;10226,400;74,050;69,325;7577,200;214,825;709,238
