Data;Godzina;Krajowe zapotrzebowanie na moc;Sumaryczna generacja JWCD;Generacja PI;Generacja IRZ;Sumaryczna generacja nJWCD;Krajowe saldo wymiany miêdzysystemowej równoleg³ej;Krajowe saldo wymiany miêdzysystemowej nierównoleg³ej
2019-07-09;1;16134,950;9710,625;-5,863;74,763;5168,725;522,925;743,125
2019-07-09;2;15584,163;9812,500;-6,700;74,563;5292,963;78,038;410,900
2019-07-09;3;15318,725;9843,513;-9,038;74,613;5355,563;-108,763;240,275
2019-07-09;4;15277,688;9804,725;-10,700;75,275;5408,788;-151,600;231,775
2019-07-09;5;14912,088;9846,950;-271,138;74,250;5283,138;-192,663;248,738
2019-07-09;6;15178,388;10053,275;-255,013;76,838;5038,650;-18,113;365,788
2019-07-09;7;17493,613;11707,213;-6,263;75,638;4976,838;289,388;530,600
2019-07-09;8;19407,288;13261,788;-5,688;76,125;4972,000;458,988;721,500
2019-07-09;9;20470,850;13939,563;-6,550;76,650;5238,663;556,388;745,938
2019-07-09;10;20786,250;13866,025;20,388;74,950;5533,413;487,725;910,250
2019-07-09;11;20774,113;13801,013;45,088;74,313;5814,013;383,688;779,363
2019-07-09;12;21220,325;13959,513;20,763;75,800;5976,638;523,675;763,075
2019-07-09;13;21307,713;14023,138;117,275;74,388;6033,050;511,625;748,375
2019-07-09;14;21238,238;13713,975;131,688;75,525;6189,425;438,188;906,500
2019-07-09;15;20804,513;13105,888;13,913;74,300;6265,713;438,400;998,525
2019-07-09;16;20717,775;12905,425;-3,025;76,238;6335,400;482,475;993,613
2019-07-09;17;20360,525;12207,538;-3,150;76,813;6296,463;713,888;1146,338
2019-07-09;18;19979,438;12073,588;-3,063;74,525;5982,325;764,725;1169,088
2019-07-09;19;19979,988;12424,288;-2,975;74,950;5664,463;794,663;1102,463
2019-07-09;20;20236,138;13073,600;15,425;74,688;5238,388;815,750;1114,263
2019-07-09;21;20265,663;13299,963;-0,888;73,400;5010,750;795,775;1163,163
2019-07-09;22;19977,750;13123,463;-5,938;75,963;4947,850;748,613;1168,925
2019-07-09;23;18986,038;11959,163;-8,525;75,950;5046,475;831,575;1168,175
2019-07-09;24;17502,788;10549,363;-6,350;71,038;5001,638;832,313;1137,088
