Data;Godzina;Krajowe zapotrzebowanie na moc;Sumaryczna generacja JWCD;Generacja PI;Generacja IRZ;Sumaryczna generacja nJWCD;Krajowe saldo wymiany miêdzysystemowej równoleg³ej;Krajowe saldo wymiany miêdzysystemowej nierównoleg³ej
2019-10-14;1;14958,550;7516,050;-421,338;0,000;7702,400;-68,325;236,263
2019-10-14;2;14612,713;7584,663;-786,738;0,000;7727,125;-33,250;117,413
2019-10-14;3;14432,713;7705,800;-974,500;0,000;7632,288;-17,550;90,563
2019-10-14;4;14418,725;7930,700;-985,900;0,000;7467,100;-21,300;32,288
2019-10-14;5;14717,425;8142,100;-981,950;0,000;7410,413;-80,113;231,450
2019-10-14;6;15755,263;8943,450;-734,313;0,000;7342,425;-33,438;239,875
2019-10-14;7;18717,925;10876,500;-29,938;0,000;7239,175;103,125;533,125
2019-10-14;8;20559,813;12606,013;-4,775;0,000;7074,263;239,613;641,313
2019-10-14;9;21675,150;13749,338;-2,588;0,000;6753,450;534,225;648,688
2019-10-14;10;21848,438;13924,263;14,938;0,000;6414,563;767,688;746,100
2019-10-14;11;21649,275;13874,838;-0,513;0,000;6045,713;980,163;759,400
2019-10-14;12;21760,413;14152,263;-3,863;0,000;5826,900;1028,763;765,900
2019-10-14;13;21735,513;13998,513;-3,325;0,000;5777,088;1072,150;901,588
2019-10-14;14;21773,413;13900,188;-2,925;0,000;5746,350;1159,438;967,675
2019-10-14;15;21308,550;13434,100;-2,625;0,000;5496,738;1297,238;1079,088
2019-10-14;16;21206,338;13689,200;-2,525;0,000;5203,788;1067,400;1246,388
2019-10-14;17;21171,213;14144,338;-2,575;0,000;4851,300;1030,538;1146,425
2019-10-14;18;21433,600;15115,163;95,788;0,000;4647,150;1246,700;432,638
2019-10-14;19;22811,225;16504,250;441,463;0,000;4679,738;1255,738;369,075
2019-10-14;20;23377,038;16656,088;416,238;0,000;4760,850;1133,788;824,938
2019-10-14;21;22534,863;15529,488;56,800;0,000;4763,500;947,800;1307,388
2019-10-14;22;20915,113;13849,888;-1,188;0,000;4739,863;989,050;1345,500
2019-10-14;23;19107,375;12150,325;-6,200;0,000;4740,638;873,663;1348,238
2019-10-14;24;17804,663;10799,050;-7,675;0,000;4870,500;871,238;1276,063
