Data;Godzina;Krajowe zapotrzebowanie na moc;Sumaryczna generacja JWCD;Generacja PI;Generacja IRZ;Sumaryczna generacja nJWCD;Krajowe saldo wymiany miêdzysystemowej równoleg³ej;Krajowe saldo wymiany miêdzysystemowej nierównoleg³ej
2019-03-13;1;18092,413;8794,038;-294,913;77,338;9363,513;2,225;236,825
2019-03-13;2;17510,613;8824,613;-1073,263;76,513;9443,575;76,963;242,600
2019-03-13;3;17117,488;8608,388;-1282,325;76,688;9617,725;-60,063;239,075
2019-03-13;4;17303,475;8602,938;-1292,388;78,138;9776,175;-14,800;236,613
2019-03-13;5;17590,975;8766,113;-1209,875;76,438;9802,788;3,713;233,213
2019-03-13;6;18116,688;8955,888;-805,300;77,938;9742,700;-42,650;277,338
2019-03-13;7;20261,013;9670,513;-65,000;100,500;9727,375;227,588;701,875
2019-03-13;8;22416,688;11497,563;46,013;146,600;9611,513;416,988;906,613
2019-03-13;9;23263,463;12134,725;118,925;175,688;9568,875;461,363;1116,088
2019-03-13;10;23605,225;12366,100;302,675;177,800;9542,975;486,575;1213,888
2019-03-13;11;23499,138;12284,575;349,163;176,400;9531,738;566,650;1136,300
2019-03-13;12;23653,638;12398,300;351,913;176,438;9502,363;457,850;1300,675
2019-03-13;13;23621,225;12468,363;309,863;175,288;9343,250;500,450;1323,163
2019-03-13;14;23651,175;12663,138;339,525;175,213;9182,200;496,975;1323,638
2019-03-13;15;23077,763;12332,300;48,563;176,688;8860,950;555,475;1344,250
2019-03-13;16;22763,000;12400,988;-7,850;176,263;8537,050;487,638;1343,775
2019-03-13;17;22479,113;12247,250;123,963;178,275;8422,813;473,225;1344,600
2019-03-13;18;22686,925;12339,850;478,050;177,600;8561,088;452,875;1332,163
2019-03-13;19;23715,350;13038,275;765,325;176,763;9001,025;339,325;1341,425
2019-03-13;20;23902,525;12560,600;811,725;177,113;9622,800;388,575;1342,038
2019-03-13;21;23371,025;11698,438;819,625;177,925;9860,388;494,525;1328,088
2019-03-13;22;21796,275;10462,463;437,788;175,875;9906,888;328,550;1110,488
2019-03-13;23;20432,413;10100,225;190,213;104,200;9897,650;127,000;321,888
2019-03-13;24;19001,738;9135,850;12,675;76,163;9697,250;-63,125;242,000
