Data;Godzina;Krajowe zapotrzebowanie na moc;Sumaryczna generacja JWCD;Generacja PI;Generacja IRZ;Sumaryczna generacja nJWCD;Krajowe saldo wymiany miêdzysystemowej równoleg³ej;Krajowe saldo wymiany miêdzysystemowej nierównoleg³ej
2019-06-13;1;17833,825;12933,550;-104,300;75,650;4604,788;97,713;338,900
2019-06-13;2;17118,738;12960,000;-469,925;75,775;4441,513;13,963;178,900
2019-06-13;3;16701,738;12945,938;-875,988;76,700;4507,638;-51,263;178,250
2019-06-13;4;16616,275;13137,638;-1008,375;77,350;4265,938;59,113;178,313
2019-06-13;5;16322,363;12928,350;-979,863;77,388;4135,575;47,213;205,688
2019-06-13;6;16665,563;12833,475;-712,525;78,325;3872,425;200,788;480,150
2019-06-13;7;19272,613;14582,650;-46,550;80,400;3583,413;384,200;789,450
2019-06-13;8;21570,550;16576,675;80,075;78,188;3413,050;735,763;850,863
2019-06-13;9;22791,175;17575,538;19,850;78,575;3441,500;751,275;1035,688
2019-06-13;10;23295,225;17876,725;75,663;78,838;3531,525;844,588;1059,688
2019-06-13;11;23287,113;17889,700;185,900;77,138;3536,788;793,688;1074,938
2019-06-13;12;23573,338;17961,463;185,800;79,075;3610,050;815,575;1197,788
2019-06-13;13;23681,775;17957,538;178,875;76,888;3773,688;806,500;1155,050
2019-06-13;14;23527,088;17814,538;315,438;80,213;3695,700;746,788;1268,613
2019-06-13;15;23207,225;17504,463;293,738;77,125;3747,900;766,400;1200,863
2019-06-13;16;23031,613;17340,788;266,988;77,075;3669,313;784,163;1241,375
2019-06-13;17;22744,563;17025,675;7,238;74,425;3672,338;825,225;1228,250
2019-06-13;18;22392,225;16846,375;11,225;78,538;3698,425;757,738;1095,263
2019-06-13;19;21877,600;16248,613;13,625;77,988;3777,825;743,788;1111,325
2019-06-13;20;21845,200;16223,550;13,500;77,275;3698,538;820,563;1105,913
2019-06-13;21;21704,425;16290,063;-4,250;76,325;3782,500;598,775;1039,513
2019-06-13;22;21260,588;15302,425;-6,763;75,863;3812,075;851,963;1306,500
2019-06-13;23;20227,250;13985,563;-7,875;76,638;3862,988;1081,313;1311,725
2019-06-13;24;18618,275;12714,763;-7,138;78,650;3714,550;940,988;1264,825
