Data;Godzina;Krajowe zapotrzebowanie na moc;Sumaryczna generacja JWCD;Generacja PI;Generacja IRZ;Sumaryczna generacja nJWCD;Krajowe saldo wymiany miêdzysystemowej równoleg³ej;Krajowe saldo wymiany miêdzysystemowej nierównoleg³ej
2019-07-14;1;14455,150;9676,688;-10,425;0,000;3355,950;763,088;675,163
2019-07-14;2;13913,538;9757,600;-10,450;0,000;3354,875;483,250;325,288
2019-07-14;3;13546,225;9558,675;-27,350;0,000;3340,075;378,050;301,088
2019-07-14;4;13269,713;9340,963;-327,463;0,000;3326,825;373,238;558,838
2019-07-14;5;12753,038;9211,363;-352,625;0,000;3414,825;34,050;443,313
2019-07-14;6;12495,950;9059,788;-352,625;0,000;3356,025;66,050;370,325
2019-07-14;7;12955,800;9396,113;-351,900;0,000;3231,338;286,975;395,088
2019-07-14;8;13771,963;9980,350;-308,400;0,000;3108,113;771,988;221,838
2019-07-14;9;14479,800;9610,950;-9,888;0,000;3197,213;861,238;823,713
2019-07-14;10;15213,475;10044,900;-10,000;0,000;3296,100;920,763;961,550
2019-07-14;11;15824,325;10579,988;-7,700;0,000;3423,825;897,488;931,063
2019-07-14;12;15985,325;10600,800;37,900;0,000;3541,325;861,463;994,675
2019-07-14;13;16002,813;10459,025;43,863;0,000;3622,113;952,775;976,338
2019-07-14;14;15966,388;10257,113;-0,313;0,000;3764,538;986,313;968,563
2019-07-14;15;15567,313;9659,350;-6,663;0,000;3972,250;973,863;974,963
2019-07-14;16;15307,200;9224,350;-6,663;0,000;4121,775;1024,250;947,450
2019-07-14;17;15117,325;9180,938;-7,250;0,000;4253,613;847,700;841,675
2019-07-14;18;15090,738;9068,538;-6,650;0,000;4291,450;873,413;866,100
2019-07-14;19;15304,800;9376,375;43,713;0,000;4161,300;874,713;900,575
2019-07-14;20;15615,988;9797,475;60,975;0,000;3905,913;938,538;981,188
2019-07-14;21;15857,525;10262,363;77,363;0,000;3798,225;729,700;1076,075
2019-07-14;22;16564,588;10401,338;19,838;0,000;4020,663;986,988;1164,750
2019-07-14;23;16259,863;10185,688;-2,800;0,000;4079,163;880,038;1130,050
2019-07-14;24;15253,688;9860,950;-7,888;0,000;3970,313;578,400;859,463
