Data;Godzina;Krajowe zapotrzebowanie na moc;Sumaryczna generacja JWCD;Generacja PI;Generacja IRZ;Sumaryczna generacja nJWCD;Krajowe saldo wymiany miêdzysystemowej równoleg³ej;Krajowe saldo wymiany miêdzysystemowej nierównoleg³ej
2019-05-10;1;17031,025;11374,613;-90,000;79,350;4445,350;400,588;904,513
2019-05-10;2;16404,663;11307,825;-215,400;77,888;4346,025;221,863;748,188
2019-05-10;3;16128,338;11550,425;-351,100;78,275;4256,388;139,500;536,200
2019-05-10;4;16211,188;11777,100;-538,950;77,938;4215,863;176,938;582,363
2019-05-10;5;16194,563;11755,075;-543,988;78,150;4141,025;168,450;673,938
2019-05-10;6;16348,338;11631,038;-694,175;81,113;4062,863;478,613;876,750
2019-05-10;7;18768,900;13334,350;-80,738;79,900;4076,413;634,663;809,750
2019-05-10;8;20929,513;15557,900;-6,650;79,550;4063,438;500,313;813,075
2019-05-10;9;21871,463;16446,150;46,588;78,250;4078,163;548,788;819,850
2019-05-10;10;22048,600;16541,375;71,738;77,925;4175,500;558,463;796,338
2019-05-10;11;21879,038;16275,913;74,950;79,175;4190,063;615,650;808,963
2019-05-10;12;22212,250;16463,800;75,275;78,913;4221,100;734,250;805,488
2019-05-10;13;22182,288;16698,238;3,663;81,113;4201,375;485,450;807,100
2019-05-10;14;22041,513;16550,525;-6,850;78,638;4204,188;484,563;815,238
2019-05-10;15;21584,988;16114,450;-6,675;78,250;4235,975;441,725;798,400
2019-05-10;16;21408,138;15832,325;-4,425;76,838;4289,413;484,925;811,000
2019-05-10;17;21133,988;15515,050;-3,163;78,775;4252,863;541,113;826,375
2019-05-10;18;20812,550;14636,288;-2,925;76,225;4328,588;584,925;1267,488
2019-05-10;19;20609,938;14239,975;-2,938;78,463;4316,875;743,900;1314,213
2019-05-10;20;20801,525;14415,625;94,963;78,963;4362,825;709,288;1319,563
2019-05-10;21;21283,613;14812,975;301,538;78,825;4546,963;608,188;1318,675
2019-05-10;22;20873,250;14414,950;328,375;80,750;4477,088;674,713;1316,138
2019-05-10;23;19384,750;12947,750;50,150;80,025;4417,800;721,663;1313,763
2019-05-10;24;18071,963;11710,563;-7,113;78,188;4334,875;736,550;1305,988
