Data;Godzina;Krajowe zapotrzebowanie na moc;Sumaryczna generacja JWCD;Generacja PI;Generacja IRZ;Sumaryczna generacja nJWCD;Krajowe saldo wymiany miêdzysystemowej równoleg³ej;Krajowe saldo wymiany miêdzysystemowej nierównoleg³ej
2020-01-11;1;17888,463;9313,175;-13,375;0,000;8193,975;-353,438;752,200
2020-01-11;2;17295,675;8919,688;-202,188;0,000;8244,400;-327,863;668,313
2020-01-11;3;16820,313;8640,125;-338,863;0,000;8249,750;-309,725;586,425
2020-01-11;4;16756,550;8335,925;-338,825;0,000;8391,088;-132,575;509,550
2020-01-11;5;16742,750;8528,050;-337,813;0,000;8234,738;-312,538;633,375
2020-01-11;6;16901,563;9034,275;-413,738;0,000;7988,263;-139,088;436,938
2020-01-11;7;17834,750;9342,288;-143,988;0,000;7834,488;-110,513;908,775
2020-01-11;8;18719,813;9974,900;-26,750;0,000;7660,238;-173,463;1287,338
2020-01-11;9;19787,275;10864,788;-6,250;0,000;7615,525;-28,363;1342,275
2020-01-11;10;20827,038;12068,413;20,513;0,000;7441,500;-18,138;1345,563
2020-01-11;11;21288,975;12684,913;50,488;0,000;7343,175;-63,463;1343,525
2020-01-11;12;21590,075;13072,725;54,288;0,000;7162,788;19,925;1345,600
2020-01-11;13;21542,813;13215,975;19,113;0,000;6931,988;61,850;1343,925
2020-01-11;14;21510,663;13492,825;227,925;0,000;6698,200;-19,300;1345,550
2020-01-11;15;20893,225;13004,913;58,125;0,000;6627,675;-74,438;1344,725
2020-01-11;16;20850,050;12948,788;-6,388;0,000;6613,138;-54,025;1345,525
2020-01-11;17;21603,875;13536,525;78,375;0,000;6768,850;-35,350;1344,150
2020-01-11;18;21569,213;13054,388;329,075;0,000;7086,900;89,438;1346,400
2020-01-11;19;21343,763;12559,663;747,800;0,000;7359,850;84,438;1344,850
2020-01-11;20;20998,000;11572,600;824,075;0,000;7499,813;594,275;1344,763
2020-01-11;21;20427,325;10454,838;723,425;0,000;7801,450;835,288;1347,125
2020-01-11;22;19351,800;8769,675;364,425;0,000;8195,475;1053,250;1341,163
2020-01-11;23;18340,188;8749,663;293,400;0,000;8285,813;48,875;1267,825
2020-01-11;24;17272,438;8280,913;135,750;0,000;8264,838;-297,513;1040,338
