Data;Godzina;Krajowe zapotrzebowanie na moc;Sumaryczna generacja JWCD;Generacja PI;Generacja IRZ;Sumaryczna generacja nJWCD;Krajowe saldo wymiany miêdzysystemowej równoleg³ej;Krajowe saldo wymiany miêdzysystemowej nierównoleg³ej
2020-03-15;1;15727,325;6875,550;-42,938;0,000;6953,338;818,825;1128,800
2020-03-15;2;15191,113;6530,788;-254,150;0,000;7322,450;686,275;912,863
2020-03-15;3;14848,025;6520,200;-450,475;0,000;7628,763;422,475;740,263
2020-03-15;4;14794,163;6634,638;-450,063;0,000;7771,400;274,100;575,563
2020-03-15;5;14883,725;6700,363;-472,563;0,000;7933,450;252,475;474,538
2020-03-15;6;14839,700;6843,038;-552,863;0,000;8199,238;68,500;285,300
2020-03-15;7;14835,113;6727,150;-840,813;0,000;8379,313;187,513;385,375
2020-03-15;8;15236,525;6772,625;-679,500;0,000;8098,688;503,738;550,575
2020-03-15;9;15490,200;6766,325;-224,875;0,000;7625,650;631,100;718,750
2020-03-15;10;15877,513;6710,138;-67,175;0,000;7811,575;741,313;753,063
2020-03-15;11;16197,963;6639,913;120,500;0,000;7994,425;824,325;754,813
2020-03-15;12;16246,063;6673,125;507,213;0,000;8017,413;816,700;755,725
2020-03-15;13;16285,450;6739,100;607,400;0,000;8048,838;752,375;751,888
2020-03-15;14;16326,975;6703,175;578,438;0,000;8121,388;775,450;742,050
2020-03-15;15;16148,413;6417,138;282,700;0,000;8324,725;691,988;725,888
2020-03-15;16;16140,125;6606,763;179,650;0,000;8486,975;505,288;552,400
2020-03-15;17;16492,450;7061,950;267,500;0,000;8556,000;353,425;534,750
2020-03-15;18;17219,288;7542,013;133,300;0,000;8747,138;-200,763;1140,963
2020-03-15;19;18801,050;8413,075;106,600;0,000;9401,900;-211,938;1203,825
2020-03-15;20;19026,225;8215,125;100,550;0,000;9813,500;-165,138;1181,175
2020-03-15;21;18518,513;7408,713;107,438;0,000;10091,475;-106,950;1148,488
2020-03-15;22;17974,625;7269,063;343,038;0,000;10177,988;-311,538;855,700
2020-03-15;23;17289,813;7184,600;200,113;0,000;9993,788;-461,438;587,775
2020-03-15;24;16337,100;6897,913;-115,500;0,000;9812,563;-802,063;546,575
