Data;Godzina;Krajowe zapotrzebowanie na moc;Sumaryczna generacja JWCD;Generacja PI;Generacja IRZ;Sumaryczna generacja nJWCD;Krajowe saldo wymiany miêdzysystemowej równoleg³ej;Krajowe saldo wymiany miêdzysystemowej nierównoleg³ej
2020-01-25;1;18365,025;10069,100;71,463;0,000;8420,213;-875,625;764,700
2020-01-25;2;17876,950;9860,400;-13,175;0,000;8246,138;-979,525;765,650
2020-01-25;3;17529,538;9729,500;-13,375;0,000;8100,088;-1050,975;765,738
2020-01-25;4;17404,075;9923,200;-12,825;0,000;7953,975;-1223,963;766,838
2020-01-25;5;17401,125;9978,638;-13,263;0,000;7852,925;-1180,138;766,300
2020-01-25;6;17508,313;9911,025;-13,025;0,000;7737,513;-889,625;767,613
2020-01-25;7;18557,963;10588,263;-13,025;0,000;7739,375;-519,188;766,975
2020-01-25;8;19247,188;10771,100;-11,425;0,000;7853,550;-132,075;768,613
2020-01-25;9;20418,675;11262,413;70,575;0,000;7875,425;520,363;771,338
2020-01-25;10;21285,463;12028,875;99,263;0,000;7751,475;736,425;777,300
2020-01-25;11;21574,463;12366,300;84,213;0,000;7704,838;735,075;779,250
2020-01-25;12;21694,413;12754,738;2,263;0,000;7700,038;476,725;780,475
2020-01-25;13;21523,338;12391,388;-9,013;0,000;7689,900;680,550;774,613
2020-01-25;14;21331,875;12192,488;-5,725;0,000;7577,075;802,638;771,875
2020-01-25;15;20777,375;11832,863;-5,988;0,000;7341,350;844,863;769,813
2020-01-25;16;20537,563;11818,688;-5,813;0,000;7172,763;788,750;772,788
2020-01-25;17;21286,138;12600,438;240,063;0,000;7064,675;854,088;778,900
2020-01-25;18;21738,725;13190,088;420,975;0,000;7019,038;757,025;781,300
2020-01-25;19;21629,988;13067,963;421,413;0,000;6970,988;822,838;782,513
2020-01-25;20;21453,288;12960,938;73,913;0,000;6878,963;847,400;780,788
2020-01-25;21;20803,188;12472,013;-2,013;0,000;6706,163;865,938;778,713
2020-01-25;22;19614,588;11498,738;-6,513;0,000;6573,663;781,075;771,900
2020-01-25;23;18609,638;10778,100;-7,875;0,000;6447,988;637,975;760,475
2020-01-25;24;17579,788;10397,675;-9,200;0,000;6375,063;185,550;640,200
