Data;Godzina;Krajowe zapotrzebowanie na moc;Sumaryczna generacja JWCD;Generacja PI;Generacja IRZ;Sumaryczna generacja nJWCD;Krajowe saldo wymiany miêdzysystemowej równoleg³ej;Krajowe saldo wymiany miêdzysystemowej nierównoleg³ej
2020-05-06;1;15190,050;8220,175;-35,013;260,725;6178,850;427,988;404,975
2020-05-06;2;14705,800;8528,088;-415,150;260,763;6255,075;162,313;176,950
2020-05-06;3;14369,363;8561,263;-746,863;260,988;6306,388;89,113;158,275
2020-05-06;4;14361,888;8544,888;-745,375;260,862;6347,275;60,250;158,950
2020-05-06;5;14476,213;8677,888;-743,300;261,513;6410,763;-18,838;153,488
2020-05-06;6;14644,813;8458,025;-742,288;261,462;6706,688;67,088;163,613
2020-05-06;7;16720,175;9078,413;-49,375;260,738;6952,175;407,400;341,713
2020-05-06;8;18665,000;10672,513;10,300;261,713;6865,263;886,550;255,500
2020-05-06;9;19977,088;11470,000;170,463;179,150;6870,738;1334,213;311,913
2020-05-06;10;20569,413;11758,538;294,525;130,163;6916,113;1571,025;338,163
2020-05-06;11;20745,063;11737,438;319,075;165,863;7208,625;1434,288;383,363
2020-05-06;12;21100,000;11778,738;205,700;255,000;7521,725;1366,050;451,050
2020-05-06;13;20979,700;11586,950;51,188;260,150;7758,238;1268,675;381,000
2020-05-06;14;20618,900;11015,275;-6,863;261,200;7917,025;1336,500;355,950
2020-05-06;15;19960,100;9655,175;-6,613;260,262;8312,150;1360,338;639,425
2020-05-06;16;19585,700;9112,150;-6,825;259,700;8361,638;1455,675;659,963
2020-05-06;17;19142,738;9051,075;-6,750;261,275;8280,188;1228,563;594,675
2020-05-06;18;18885,513;8974,650;-6,900;260,400;8052,700;1289,888;575,025
2020-05-06;19;18888,350;9403,213;24,188;259,950;7896,725;1494,888;100,138
2020-05-06;20;19133,638;9814,650;323,750;260,913;7461,088;1617,200;244,350
2020-05-06;21;19557,700;10355,013;543,513;260,438;7129,088;1454,963;627,025
2020-05-06;22;19080,388;9887,625;479,425;260,075;7064,650;1309,600;821,663
2020-05-06;23;17923,375;9208,075;113,488;260,700;6913,638;1153,838;656,925
2020-05-06;24;16669,750;8861,938;-5,650;260,337;6805,288;549,575;469,188
