Data;Godzina;Krajowe zapotrzebowanie na moc;Sumaryczna generacja JWCD;Generacja PI;Generacja IRZ;Sumaryczna generacja nJWCD;Krajowe saldo wymiany miêdzysystemowej równoleg³ej;Krajowe saldo wymiany miêdzysystemowej nierównoleg³ej
2020-01-23;1;18422,438;9893,950;-112,800;0,000;7397,950;335,600;909,663
2020-01-23;2;17791,713;10153,963;-333,500;0,000;7183,450;-236,275;1030,963
2020-01-23;3;17492,063;10387,300;-405,600;0,000;7036,400;-563,025;1046,250
2020-01-23;4;17484,813;10180,313;-430,475;0,000;7013,438;-272,575;1000,063
2020-01-23;5;17832,388;10106,838;-725,788;0,000;7111,813;438,425;911,338
2020-01-23;6;18646,850;10979,200;-526,888;0,000;7131,538;477,900;596,975
2020-01-23;7;21498,513;13318,125;-49,200;0,000;7176,213;547,263;514,663
2020-01-23;8;23448,100;15953,938;-6,563;0,000;7248,913;-277,688;527,200
2020-01-23;9;24137,238;16776,738;-6,075;0,000;7262,775;-811,350;920,563
2020-01-23;10;24296,113;16503,413;92,125;0,000;7247,188;-448,538;1014,300
2020-01-23;11;24034,525;15737,488;106,163;0,000;7181,913;-183,125;1315,088
2020-01-23;12;24268,413;15699,013;60,913;0,000;7175,075;63,663;1342,663
2020-01-23;13;24182,463;15344,325;36,275;0,000;7170,025;345,675;1342,163
2020-01-23;14;24206,675;14841,300;254,688;0,000;7380,663;659,325;1344,263
2020-01-23;15;23993,700;14306,013;10,413;0,000;7541,338;810,588;1344,588
2020-01-23;16;23881,700;14759,888;-6,163;0,000;7546,150;238,875;1342,400
2020-01-23;17;24664,313;16019,888;283,375;0,000;7858,950;-547,538;1342,775
2020-01-23;18;25250,625;16719,213;662,750;0,000;8128,650;-932,050;1344,675
2020-01-23;19;24799,850;16176,350;713,275;0,000;8277,250;-945,100;1299,038
2020-01-23;20;24689,400;15582,850;690,463;0,000;8311,913;-531,750;1335,100
2020-01-23;21;23876,088;13948,138;390,250;0,000;8358,488;249,088;1334,813
2020-01-23;22;22415,888;12362,288;15,900;0,000;8292,525;448,700;1331,038
2020-01-23;23;20840,750;10527,525;-9,000;0,000;8205,500;804,263;1322,950
2020-01-23;24;19617,538;10184,613;-208,263;0,000;8055,000;560,388;1031,875
