Data;Godzina;Krajowe zapotrzebowanie na moc;Sumaryczna generacja JWCD;Generacja PI;Generacja IRZ;Sumaryczna generacja nJWCD;Krajowe saldo wymiany miêdzysystemowej równoleg³ej;Krajowe saldo wymiany miêdzysystemowej nierównoleg³ej
2020-09-08;1;15881,650;9415,125;-84,075;0,000;4929,963;863,725;756,675
2020-09-08;2;15255,388;9540,613;-10,575;0,000;5159,638;-212,263;780,325
2020-09-08;3;14946,763;9257,150;-10,375;0,000;5252,875;-384,088;836,038
2020-09-08;4;15019,100;9089,463;-10,425;0,000;5458,688;-362,363;846,725
2020-09-08;5;15297,100;9154,425;-10,263;0,000;5696,363;-330,325;792,638
2020-09-08;6;15842,125;9509,688;-10,138;0,000;5816,263;-202,150;728,475
2020-09-08;7;17951,975;10985,938;-7,850;0,000;6074,025;200,738;694,825
2020-09-08;8;19843,688;12153,700;-3,813;0,000;6316,513;607,650;773,600
2020-09-08;9;20685,188;12060,950;39,575;0,000;6484,375;1349,275;797,150
2020-09-08;10;20968,475;12174,738;203,525;0,000;6534,088;1345,463;928,525
2020-09-08;11;20762,550;11460,350;36,650;0,000;6937,238;1450,800;926,763
2020-09-08;12;20848,538;11086,138;13,700;0,000;7461,588;1467,263;844,775
2020-09-08;13;20885,150;11036,200;14,725;0,000;7983,963;1418,113;455,475
2020-09-08;14;20510,525;10610,538;-3,613;0,000;8089,338;1452,363;362,500
2020-09-08;15;20132,838;10038,913;-6,150;0,000;7982,525;1514,063;602,575
2020-09-08;16;20093,863;10421,375;45,125;0,000;7589,413;1465,988;621,425
2020-09-08;17;19986,963;10599,950;153,913;0,000;7310,600;1454,513;621,463
2020-09-08;18;20106,475;11522,738;314,175;0,000;6888,663;1066,838;628,450
2020-09-08;19;20318,300;12738,763;246,150;0,000;6450,638;290,775;846,275
2020-09-08;20;21571,913;14390,138;111,188;0,000;6335,663;82,725;762,113
2020-09-08;21;21938,938;14426,363;250,813;0,000;6456,725;181,250;879,313
2020-09-08;22;20452,213;12621,225;0,338;0,000;6310,163;543,125;989,638
2020-09-08;23;18526,875;11209,038;-5,925;0,000;6162,813;81,000;1092,438
2020-09-08;24;17207,763;10688,525;-7,825;0,000;5939,775;-483,650;1082,425
