Data;Godzina;Krajowe zapotrzebowanie na moc;Sumaryczna generacja JWCD;Generacja PI;Generacja IRZ;Sumaryczna generacja nJWCD;Krajowe saldo wymiany miêdzysystemowej równoleg³ej;Krajowe saldo wymiany miêdzysystemowej nierównoleg³ej
2020-09-06;1;14134,375;8953,013;-10,100;0,000;4472,388;-214,550;935,188
2020-09-06;2;13480,500;8822,800;-10,438;0,000;4413,163;-649,850;907,213
2020-09-06;3;13167,825;8636,175;-12,325;0,000;4298,838;-430,238;676,088
2020-09-06;4;12967,563;8607,263;-12,725;0,000;4337,438;-670,013;706,275
2020-09-06;5;12906,713;8595,550;-12,700;0,000;4354,175;-824,638;792,850
2020-09-06;6;12863,888;8348,813;-13,063;0,000;4364,363;-707,775;875,563
2020-09-06;7;12880,950;8437,500;-12,700;0,000;4274,125;-649,063;828,700
2020-09-06;8;13551,225;8687,488;-12,525;0,000;4317,350;-87,963;645,788
2020-09-06;9;14519,150;9039,663;-29,988;0,000;4293,088;461,138;754,838
2020-09-06;10;15222,188;9028,488;-39,213;0,000;4525,150;872,900;858,900
2020-09-06;11;15624,775;8596,300;-36,125;0,000;4941,775;1112,738;1036,475
2020-09-06;12;15914,338;8607,563;4,688;0,000;5178,400;1198,713;937,488
2020-09-06;13;16003,513;8671,075;12,688;0,000;5285,325;998,138;1053,288
2020-09-06;14;15949,625;8615,050;-7,013;0,000;5280,813;1047,013;1015,250
2020-09-06;15;15622,788;8692,000;-10,050;0,000;5053,013;928,188;954,225
2020-09-06;16;15211,338;8613,775;-9,425;0,000;4880,138;507,538;1220,663
2020-09-06;17;15060,550;8351,688;-9,888;0,000;4602,988;862,288;1252,413
2020-09-06;18;15083,300;8370,975;-9,638;0,000;4128,300;1353,300;1238,213
2020-09-06;19;15599,538;8840,913;7,838;0,000;3920,088;1581,913;1264,250
2020-09-06;20;16764,463;10230,975;11,000;0,000;3991,488;1285,150;1264,188
2020-09-06;21;17474,763;10595,713;66,100;0,000;4212,450;1428,913;1244,363
2020-09-06;22;16501,938;9540,738;2,400;0,000;4161,688;1547,013;1262,013
2020-09-06;23;15499,550;8848,750;-10,450;0,000;4124,738;1307,513;1234,813
2020-09-06;24;14486,863;8334,575;-10,088;0,000;4159,238;991,050;1017,238
