Data;Godzina;Krajowe zapotrzebowanie na moc;Sumaryczna generacja JWCD;Generacja PI;Generacja IRZ;Sumaryczna generacja nJWCD;Krajowe saldo wymiany miêdzysystemowej równoleg³ej;Krajowe saldo wymiany miêdzysystemowej nierównoleg³ej
2020-12-16;1;18438,563;10864,150;-1050,100;121,038;7400,400;330,338;896,413
2020-12-16;2;17939,200;11019,025;-1070,588;120,375;7274,388;-305,950;1020,963
2020-12-16;3;17650,625;10902,838;-1066,725;120,750;7335,488;-460,263;938,300
2020-12-16;4;17720,863;10686,050;-1062,263;121,075;7380,763;-161,838;880,263
2020-12-16;5;17920,838;10727,575;-1056,225;121,000;7251,375;-31,188;1024,150
2020-12-16;6;18647,250;11222,625;-1027,188;122,750;7112,750;623,550;713,588
2020-12-16;7;21246,275;13200,313;-179,825;175,038;6954,500;808,888;458,088
2020-12-16;8;23457,250;15618,700;-7,125;226,075;6784,575;620,825;429,963
2020-12-16;9;24466,500;16555,775;-7,825;230,275;6831,188;604,750;480,275
2020-12-16;10;25024,063;16708,813;10,625;230,538;6845,225;795,450;687,525
2020-12-16;11;24966,313;16273,650;-4,600;230,738;6718,225;754,025;1227,000
2020-12-16;12;25309,425;16688,775;-7,688;230,775;6564,363;770,788;1288,550
2020-12-16;13;25451,563;17148,163;-7,913;230,050;6389,138;750,300;1167,838
2020-12-16;14;25349,900;17251,988;247,375;231,213;6196,050;622,588;1284,200
2020-12-16;15;24879,125;16983,963;28,925;230,838;5932,463;716,900;1245,038
2020-12-16;16;24978,450;17198,100;-6,700;230,325;5847,338;650,313;1287,888
2020-12-16;17;25583,238;17646,500;105,613;230,988;5915,188;718,963;1292,375
2020-12-16;18;25240,163;17206,288;529,275;230,363;5976,863;915,325;1148,063
2020-12-16;19;24743,313;16577,338;1016,575;230,113;5953,125;1060,588;1155,125
2020-12-16;20;24593,125;16312,163;1060,800;257,500;5891,950;1098,688;1290,375
2020-12-16;21;23849,950;16058,325;1021,550;313,788;5891,750;599,150;1306,550
2020-12-16;22;22302,638;14091,688;453,175;243,088;5883,950;1028,575;1300,925
2020-12-16;23;20843,788;12284,200;9,513;122,000;5904,963;1355,900;1300,675
2020-12-16;24;19419,763;10908,088;-27,288;98,713;5872,238;1391,875;1281,000
