Data;Godzina;Krajowe zapotrzebowanie na moc;Sumaryczna generacja JWCD;Generacja PI;Generacja IRZ;Sumaryczna generacja nJWCD;Krajowe saldo wymiany miêdzysystemowej równoleg³ej;Krajowe saldo wymiany miêdzysystemowej nierównoleg³ej
2020-02-12;1;18070,513;7959,913;-494,163;79,812;10359,800;21,463;232,813
2020-02-12;2;17522,138;8163,450;-1046,463;77,750;10317,950;86,163;6,100
2020-02-12;3;17214,613;8156,638;-1271,350;78,563;10278,050;61,163;-1,200
2020-02-12;4;17316,613;8319,338;-1281,050;79,150;10270,088;34,450;-23,025
2020-02-12;5;17488,925;8512,863;-1192,725;77,200;10228,813;-9,425;-43,050
2020-02-12;6;18329,138;8860,325;-721,663;77,262;10164,475;-45,513;80,850
2020-02-12;7;20836,050;10476,100;-46,213;77,288;10172,675;287,063;-51,775
2020-02-12;8;22478,375;12035,225;-6,700;78,050;10256,813;15,288;185,450
2020-02-12;9;23517,400;12682,413;65,288;77,775;10456,000;42,350;349,788
2020-02-12;10;23936,350;12987,800;288,413;79,287;10547,713;62,588;351,900
2020-02-12;11;23816,525;12643,225;465,600;78,250;10599,450;125,850;461,163
2020-02-12;12;23944,875;12739,588;611,025;78,263;10561,713;-32,475;683,338
2020-02-12;13;23991,813;12709,013;436,913;77,738;10515,213;53,475;730,888
2020-02-12;14;24109,250;12609,713;433,613;77,813;10568,125;186,538;751,775
2020-02-12;15;23720,925;12211,800;521,563;77,688;10437,550;183,125;896,825
2020-02-12;16;23529,475;12247,050;423,338;78,863;10497,788;224,013;568,050
2020-02-12;17;23600,013;12331,663;377,350;76,975;10493,313;276,113;504,650
2020-02-12;18;24544,625;12929,000;697,163;79,800;10562,738;335,525;722,625
2020-02-12;19;24331,500;12786,800;803,475;78,888;10586,988;256,963;706,150
2020-02-12;20;24164,850;12293,650;520,925;77,262;10648,000;119,688;1112,675
2020-02-12;21;23578,525;11795,550;21,700;77,937;10619,825;35,963;1142,938
2020-02-12;22;22082,650;10734,188;-4,913;76,775;10538,450;-323,850;1151,500
2020-02-12;23;20576,200;9590,150;-7,600;78,987;10418,225;-564,900;1144,100
2020-02-12;24;19277,325;8802,850;-153,988;77,550;10364,388;-663,550;936,950
