Data;Godzina;Krajowe zapotrzebowanie na moc;Sumaryczna generacja JWCD;Generacja PI;Generacja IRZ;Sumaryczna generacja nJWCD;Krajowe saldo wymiany miêdzysystemowej równoleg³ej;Krajowe saldo wymiany miêdzysystemowej nierównoleg³ej
2020-09-12;1;15961,200;9389,413;-9,925;0,000;5148,550;448,275;988,250
2020-09-12;2;15298,388;9314,175;-9,825;0,000;5045,663;-19,588;969,175
2020-09-12;3;14811,513;9372,963;-10,025;0,000;5059,075;-567,625;960,600
2020-09-12;4;14659,413;9498,225;-10,250;0,000;4942,575;-744,900;973,238
2020-09-12;5;14631,963;9619,225;-83,038;0,000;4850,938;-722,800;972,550
2020-09-12;6;14749,375;9569,550;-204,863;0,000;4814,088;-396,575;972,475
2020-09-12;7;15255,713;9783,400;-204,763;0,000;4739,613;-30,888;970,500
2020-09-12;8;16648,350;10392,625;-131,250;0,000;4982,450;423,788;981,388
2020-09-12;9;18011,313;10874,900;-8,013;0,000;5104,825;909,738;1129,350
2020-09-12;10;18824,863;11273,525;-6,775;0,000;5144,050;1169,513;1243,188
2020-09-12;11;19125,088;11219,088;20,088;0,000;5439,438;1242,988;1229,325
2020-09-12;12;19134,388;10649,088;15,775;0,000;5992,363;1298,413;1199,750
2020-09-12;13;18951,888;10216,100;-4,263;0,000;6405,763;1125,388;1217,225
2020-09-12;14;18611,875;10303,150;-6,825;0,000;6536,463;649,138;1135,663
2020-09-12;15;18109,800;9917,975;-6,525;0,000;6551,300;579,950;1069,950
2020-09-12;16;17829,975;9920,413;-6,538;0,000;6360,375;520,550;1038,488
2020-09-12;17;17603,975;10672,938;-6,638;0,000;5857,038;119,175;958,288
2020-09-12;18;17435,425;10453,700;234,825;0,000;5119,313;839,475;1022,875
2020-09-12;19;17571,188;10642,500;444,513;0,000;4714,125;1149,988;1067,863
2020-09-12;20;18663,713;11575,163;447,225;0,000;4989,450;1104,613;997,450
2020-09-12;21;18807,125;11529,875;422,588;0,000;5599,563;690,825;996,075
2020-09-12;22;17691,788;10425,125;189,450;0,000;5891,613;208,700;1177,613
2020-09-12;23;16410,263;9374,400;-10,550;0,000;5919,063;-115,663;1248,538
2020-09-12;24;15316,925;9369,100;-12,975;0,000;5637,563;-853,750;1181,538
