Data;Godzina;Krajowe zapotrzebowanie na moc;Sumaryczna generacja JWCD;Generacja PI;Generacja IRZ;Sumaryczna generacja nJWCD;Krajowe saldo wymiany miêdzysystemowej równoleg³ej;Krajowe saldo wymiany miêdzysystemowej nierównoleg³ej
2020-07-06;1;14196,500;8483,163;57,025;0,000;4814,238;-1,500;913,713
2020-07-06;2;13768,675;8813,638;-289,800;0,000;4643,863;-297,938;901,425
2020-07-06;3;13579,975;9206,838;-502,500;0,000;4500,263;-527,800;900,838
2020-07-06;4;13498,213;9536,025;-691,238;0,000;4206,350;-455,613;901,838
2020-07-06;5;13321,575;9610,900;-713,175;0,000;4164,463;-640,338;900,563
2020-07-06;6;14022,325;9727,475;-671,063;0,000;4092,113;-34,350;908,125
2020-07-06;7;16955,888;11380,363;-27,763;0,000;4361,663;338,375;949,513
2020-07-06;8;19319,563;12907,125;231,225;0,000;4550,750;957,600;909,338
2020-07-06;9;20626,588;12883,825;312,125;0,000;5121,825;1432,200;1188,738
2020-07-06;10;21254,613;13163,125;354,688;0,000;5787,488;1403,625;905,988
2020-07-06;11;21421,563;12894,888;143,950;0,000;6469,738;1356,288;704,850
2020-07-06;12;21828,675;13138,438;140,900;0,000;7034,450;958,138;698,575
2020-07-06;13;21786,313;13117,650;745,425;0,000;7122,313;854,838;696,963
2020-07-06;14;21578,413;12898,738;440,750;0,000;7166,313;820,250;695,238
2020-07-06;15;21281,075;12260,238;114,713;0,000;7271,550;1062,088;692,638
2020-07-06;16;21060,363;12501,775;237,588;0,000;7056,138;834,850;674,225
2020-07-06;17;20603,250;12234,588;444,413;0,000;6674,725;1010,463;693,350
2020-07-06;18;20132,938;11944,413;253,600;0,000;6647,900;851,938;694,975
2020-07-06;19;19771,213;11395,525;31,863;0,000;6399,500;1276,288;707,788
2020-07-06;20;19923,275;11296,213;29,475;0,000;6159,888;1564,275;904,075
2020-07-06;21;19751,850;11114,175;16,550;0,000;5693,738;1698,375;1256,163
2020-07-06;22;19395,125;10951,163;-3,963;0,000;5644,163;1521,688;1289,225
2020-07-06;23;18407,400;10026,375;-6,438;0,000;5711,588;1395,025;1286,950
2020-07-06;24;17089,088;8694,100;-7,338;0,000;5767,250;1408,625;1230,963
