Data;Godzina;Krajowe zapotrzebowanie na moc;Sumaryczna generacja JWCD;Generacja PI;Generacja IRZ;Sumaryczna generacja nJWCD;Krajowe saldo wymiany miêdzysystemowej równoleg³ej;Krajowe saldo wymiany miêdzysystemowej nierównoleg³ej
2020-03-16;1;15601,325;7539,825;-825,563;0,000;9637,713;-1012,575;265,013
2020-03-16;2;15290,825;7435,788;-1076,838;0,000;9579,450;-888,400;244,225
2020-03-16;3;15150,388;7603,513;-1073,763;0,000;9476,575;-1094,225;244,838
2020-03-16;4;15143,000;7808,375;-1067,963;0,000;9377,538;-1221,138;243,938
2020-03-16;5;15537,388;8035,788;-1064,688;0,000;9380,925;-1054,813;243,663
2020-03-16;6;16223,213;8461,988;-896,563;0,000;9346,313;-958,525;273,850
2020-03-16;7;18292,800;9469,038;-239,838;0,000;9258,550;-799,775;612,188
2020-03-16;8;20428,563;11430,313;6,475;0,000;8976,163;-908,850;943,113
2020-03-16;9;21342,113;11667,800;105,013;0,000;8465,813;47,025;1169,338
2020-03-16;10;21476,175;11737,313;145,350;0,000;8032,638;430,725;1289,450
2020-03-16;11;21137,688;11330,538;73,788;0,000;7729,488;867,750;1221,750
2020-03-16;12;21379,588;11709,575;116,275;0,000;7559,338;886,238;1233,700
2020-03-16;13;21584,150;11878,913;183,250;0,000;7620,338;863,225;1226,175
2020-03-16;14;21630,900;12076,000;373,163;0,000;7468,738;783,300;1314,113
2020-03-16;15;21354,238;11674,100;139,325;0,000;7506,938;859,200;1324,725
2020-03-16;16;21186,713;11582,050;57,350;0,000;7392,663;889,363;1325,538
2020-03-16;17;21123,975;11899,138;176,250;0,000;7118,913;793,450;1320,650
2020-03-16;18;21313,763;12496,813;157,738;0,000;6884,013;675,788;1265,850
2020-03-16;19;22532,413;13946,088;92,775;0,000;7357,775;290,500;939,400
2020-03-16;20;22791,700;13958,588;121,613;0,000;7581,100;-17,550;1279,313
2020-03-16;21;22107,050;12691,150;106,413;0,000;7715,438;467,288;1224,738
2020-03-16;22;20640,563;10666,950;6,375;0,000;7746,088;945,125;1293,038
2020-03-16;23;19247,950;9985,150;-10,175;0,000;7411,663;810,813;1051,988
2020-03-16;24;18046,150;9802,950;195,338;0,000;7075,400;321,025;866,088
