Data;Godzina;Krajowe zapotrzebowanie na moc;Sumaryczna generacja JWCD;Generacja PI;Generacja IRZ;Sumaryczna generacja nJWCD;Krajowe saldo wymiany miêdzysystemowej równoleg³ej;Krajowe saldo wymiany miêdzysystemowej nierównoleg³ej
2020-12-03;1;19014,125;11838,138;-960,263;0,000;7203,275;394,875;534,175
2020-12-03;2;18439,825;11800,950;-1293,563;0,000;7323,925;263,413;346,663
2020-12-03;3;18199,225;11697,750;-1336,763;0,000;7344,325;124,988;367,338
2020-12-03;4;18235,588;11603,663;-1330,288;0,000;7390,013;146,550;422,700
2020-12-03;5;18545,588;11513,750;-1266,588;0,000;7527,888;233,450;538,025
2020-12-03;6;19382,825;12305,250;-733,125;0,000;7627,050;-569,188;753,588
2020-12-03;7;21758,388;13844,313;-297,400;0,000;7874,225;-406,213;738,838
2020-12-03;8;23714,813;15734,600;-9,488;0,000;7895,200;-795,850;889,275
2020-12-03;9;24978,225;16796,138;7,563;0,000;7949,450;-685,000;921,088
2020-12-03;10;25493,738;16791,263;11,788;0,000;8071,100;-669,500;1312,663
2020-12-03;11;25526,838;16927,813;13,263;0,000;8234,613;-955,175;1331,388
2020-12-03;12;25824,375;16940,650;36,563;0,000;8359,913;-784,925;1326,850
2020-12-03;13;25922,150;16941,763;302,888;0,000;8394,975;-723,363;1327,438
2020-12-03;14;25816,750;16596,363;315,413;0,000;8374,213;-467,538;1328,500
2020-12-03;15;25332,050;16305,275;32,938;0,000;8291,913;-586,700;1329,075
2020-12-03;16;25391,300;16344,200;41,825;0,000;8481,475;-768,775;1340,625
2020-12-03;17;25973,938;16638,325;832,000;0,000;8710,288;-717,650;1336,100
2020-12-03;18;25679,938;16287,038;993,550;0,000;8755,713;-681,475;1321,938
2020-12-03;19;25261,613;15735,538;926,263;0,000;8826,025;-516,063;1226,625
2020-12-03;20;25023,413;15212,750;900,850;0,000;9081,438;-581,800;1330,213
2020-12-03;21;24497,925;14739,688;810,588;0,000;8981,125;-535,950;1321,488
2020-12-03;22;22979,825;12713,700;290,738;0,000;8791,375;301,888;1189,675
2020-12-03;23;21493,125;11060,125;-12,400;0,000;8737,788;724,850;993,225
2020-12-03;24;20132,888;10237,500;-13,038;0,000;8719,813;475,488;732,925
