Data;Godzina;Krajowe zapotrzebowanie na moc;Sumaryczna generacja JWCD;Generacja PI;Generacja IRZ;Sumaryczna generacja nJWCD;Krajowe saldo wymiany miêdzysystemowej równoleg³ej;Krajowe saldo wymiany miêdzysystemowej nierównoleg³ej
2020-12-05;1;17808,913;8655,488;-90,375;0,000;9301,488;-390,788;344,775
2020-12-05;2;17165,463;8389,325;-645,013;0,000;9349,975;-399,550;486,713
2020-12-05;3;16738,213;8138,538;-820,175;0,000;9592,638;-720,213;559,088
2020-12-05;4;16675,438;8049,888;-817,988;0,000;9754,313;-864,100;558,700
2020-12-05;5;16798,925;8103,113;-816,213;0,000;9930,663;-823,488;412,300
2020-12-05;6;17066,150;8433,550;-814,313;0,000;9892,800;-788,513;352,850
2020-12-05;7;18201,500;8709,950;-499,725;0,000;10053,650;-487,538;434,513
2020-12-05;8;19050,500;8789,538;-15,625;0,000;10309,113;-790,088;772,488
2020-12-05;9;20166,650;8956,850;-7,238;0,000;10674,700;-83,600;642,125
2020-12-05;10;21245,938;9536,013;129,488;0,000;10688,913;-3,450;1041,100
2020-12-05;11;21704,013;9574,850;252,750;0,000;10796,225;245,350;1104,988
2020-12-05;12;21752,700;9683,363;279,763;0,000;10700,038;267,863;1118,413
2020-12-05;13;21537,775;9438,613;260,513;0,000;10395,750;621,025;1101,775
2020-12-05;14;21323,163;9280,800;293,200;0,000;9976,263;984,100;1099,825
2020-12-05;15;20846,600;9393,000;225,900;0,000;9571,113;765,200;1128,025
2020-12-05;16;20972,338;9887,725;197,575;0,000;9339,325;575,525;1184,463
2020-12-05;17;21785,638;10822,250;322,000;0,000;9310,488;541,500;1125,688
2020-12-05;18;21590,075;11081,713;453,438;0,000;9418,950;94,363;1013,925
2020-12-05;19;21239,425;10932,675;533,150;0,000;9216,475;-67,088;1174,488
2020-12-05;20;20941,013;10777,275;362,500;0,000;9089,825;-8,738;1104,750
2020-12-05;21;20214,938;9752,225;154,050;0,000;9018,975;590,938;879,438
2020-12-05;22;19122,363;9119,375;2,100;0,000;8890,738;394,813;744,050
2020-12-05;23;18049,963;8673,350;127,775;0,000;8914,338;-262,450;749,925
2020-12-05;24;17039,188;8049,738;82,463;0,000;8936,813;-612,988;692,363
