Data;Godzina;Krajowe zapotrzebowanie na moc;Sumaryczna generacja JWCD;Generacja PI;Generacja IRZ;Sumaryczna generacja nJWCD;Krajowe saldo wymiany miêdzysystemowej równoleg³ej;Krajowe saldo wymiany miêdzysystemowej nierównoleg³ej
2020-07-13;1;13667,325;8476,175;-216,625;0,000;4111,775;648,063;678,338
2020-07-13;2;13271,788;9138,400;-668,675;0,000;4134,575;291,500;376,625
2020-07-13;3;13144,538;9282,725;-733,200;0,000;4110,963;131,125;352,325
2020-07-13;4;13028,500;9409,475;-837,188;0,000;4024,538;78,138;352,950
2020-07-13;5;12932,475;9599,150;-874,463;0,000;3941,225;-85,913;352,200
2020-07-13;6;13516,600;10024,050;-675,825;0,000;3912,938;-94,350;356,638
2020-07-13;7;16071,588;11286,188;-49,150;0,000;3961,750;452,300;423,213
2020-07-13;8;18342,625;13120,088;-6,325;0,000;3994,975;661,425;568,588
2020-07-13;9;19474,738;13614,100;-6,500;0,000;4284,175;829,313;754,663
2020-07-13;10;19979,175;13374,813;10,775;0,000;4605,725;1019,775;989,363
2020-07-13;11;20009,313;12607,600;93,475;0,000;4985,875;1300,950;1117,113
2020-07-13;12;20370,150;12892,963;121,550;0,000;5258,750;1004,175;1225,188
2020-07-13;13;20655,250;13214,125;245,163;0,000;5279,188;967,375;1212,150
2020-07-13;14;20771,138;13471,575;303,250;0,000;5155,313;934,900;1214,525
2020-07-13;15;20399,975;13396,288;158,600;0,000;4915,363;875,550;1217,950
2020-07-13;16;20210,813;13311,613;106,663;0,000;4677,413;997,713;1230,413
2020-07-13;17;19744,488;13190,900;64,700;0,000;4417,725;902,025;1233,700
2020-07-13;18;19385,500;13294,638;-6,050;0,000;4116,963;752,413;1228,488
2020-07-13;19;19287,725;13531,150;91,750;0,000;3817,713;717,850;1232,575
2020-07-13;20;19503,100;13951,113;158,750;0,000;3582,550;743,425;1232,900
2020-07-13;21;19569,450;14280,813;264,350;0,000;3414,250;653,188;1230,775
2020-07-13;22;19498,200;14062,075;124,350;0,000;3432,475;777,750;1230,200
2020-07-13;23;18277,375;12499,925;-6,400;0,000;3521,850;1037,288;1230,275
2020-07-13;24;16802,538;10688,563;-6,375;0,000;3447,788;1469,363;1213,150
