Data;Godzina;Krajowe zapotrzebowanie na moc;Sumaryczna generacja JWCD;Generacja PI;Generacja IRZ;Sumaryczna generacja nJWCD;Krajowe saldo wymiany miêdzysystemowej równoleg³ej;Krajowe saldo wymiany miêdzysystemowej nierównoleg³ej
2020-02-04;1;17782,363;10524,163;-299,413;0,000;7250,088;-31,975;345,638
2020-02-04;2;17264,963;10582,650;-663,163;0,000;7054,763;-30,225;323,925
2020-02-04;3;16930,125;10666,025;-776,288;0,000;6728,013;-27,050;345,550
2020-02-04;4;16936,600;10721,175;-791,025;0,000;6584,138;94,250;336,538
2020-02-04;5;17206,975;10581,713;-780,788;0,000;6525,450;512,463;377,450
2020-02-04;6;18166,075;11157,313;-831,063;0,000;6542,325;886,113;419,375
2020-02-04;7;20757,963;13123,338;-242,850;0,000;6662,975;894,088;335,163
2020-02-04;8;22570,138;15262,913;-3,650;0,000;6822,788;473,400;28,238
2020-02-04;9;23496,563;15059,838;-3,350;0,000;7218,713;795,363;437,288
2020-02-04;10;23843,363;14893,913;14,463;0,000;7424,663;880,488;661,138
2020-02-04;11;23767,200;14609,413;-0,988;3,825;7729,563;778,688;677,088
2020-02-04;12;24026,863;14608,363;-3,675;21,912;7935,200;770,025;722,975
2020-02-04;13;23994,575;14431,813;-3,450;44,538;8104,450;763,663;715,013
2020-02-04;14;24096,638;14192,575;304,975;75,663;8468,863;748,575;698,825
2020-02-04;15;23687,375;13956,100;377,950;76,812;8350,750;840,988;545,613
2020-02-04;16;23509,188;13799,663;427,450;80,088;8277,663;881,013;553,538
2020-02-04;17;23672,488;13841,075;683,088;78,500;8098,813;1166,275;579,138
2020-02-04;18;24413,313;14596,675;924,875;77,463;8031,413;1170,825;628,813
2020-02-04;19;24122,950;13837,013;1028,038;77,475;8193,088;1442,488;656,450
2020-02-04;20;24017,375;13929,863;1104,450;78,850;8176,525;1222,238;705,775
2020-02-04;21;23381,463;13240,738;849,575;76,688;8253,500;1192,875;711,863
2020-02-04;22;21839,163;11865,350;179,463;77,800;8228,200;1069,350;701,625
2020-02-04;23;20275,063;10349,438;-6,225;78,975;8247,450;1027,650;671,713
2020-02-04;24;19097,550;9464,838;-458,788;79,287;8461,688;1015,988;627,713
