Data;Godzina;Krajowe zapotrzebowanie na moc;Sumaryczna generacja JWCD;Generacja PI;Generacja IRZ;Sumaryczna generacja nJWCD;Krajowe saldo wymiany miêdzysystemowej równoleg³ej;Krajowe saldo wymiany miêdzysystemowej nierównoleg³ej
2020-12-11;1;18762,300;10954,300;-748,325;0,000;5908,600;1401,763;1252,000
2020-12-11;2;18226,350;11091,213;-1084,838;0,000;5882,513;1089,663;1252,200
2020-12-11;3;17827,563;11025,250;-1080,525;0,000;5819,463;893,738;1178,438
2020-12-11;4;17825,425;10812,075;-1075,750;0,000;5793,738;1220,863;1084,538
2020-12-11;5;18176,438;10828,075;-1071,763;0,000;5767,688;1449,888;1212,463
2020-12-11;6;19016,313;12018,313;-985,388;0,000;5792,625;1331,938;863,538
2020-12-11;7;21570,775;14375,113;-305,063;0,000;5855,800;1125,213;522,550
2020-12-11;8;23683,675;16034,013;-3,975;0,000;6045,113;974,925;631,775
2020-12-11;9;24803,600;16638,175;-3,363;0,000;6304,113;1058,713;802,638
2020-12-11;10;25541,375;17179,350;14,825;0,000;6474,663;1050,350;836,375
2020-12-11;11;25540,600;16672,275;260,850;0,000;6693,575;1083,988;1095,675
2020-12-11;12;25876,163;16738,188;328,250;0,000;6840,925;1287,463;1010,250
2020-12-11;13;25740,638;16826,900;339,225;0,000;6843,750;1231,725;841,163
2020-12-11;14;25528,338;16780,063;361,288;0,000;6707,638;1046,088;1006,500
2020-12-11;15;25004,563;16388,538;-7,363;0,000;6696,438;1110,788;822,113
2020-12-11;16;25206,638;16229,150;-6,575;0,000;6869,688;1422,263;696,288
2020-12-11;17;25709,013;16275,963;11,413;0,000;7100,100;1404,563;928,138
2020-12-11;18;25289,000;15602,875;340,875;0,000;7237,863;1387,525;1065,038
2020-12-11;19;24917,963;15049,138;538,363;0,000;7329,538;1401,025;1143,638
2020-12-11;20;24638,388;14541,638;587,325;0,000;7404,800;1423,763;1271,263
2020-12-11;21;23872,713;14062,913;156,313;0,000;7344,913;1187,150;1292,675
2020-12-11;22;22348,575;12401,913;0,300;0,000;7306,425;1364,463;1293,650
2020-12-11;23;20846,563;10854,000;-8,275;0,000;7446,575;1295,738;1275,600
2020-12-11;24;19639,675;9934,325;-225,738;0,000;7422,513;1274,088;1250,763
