Data;Godzina;Krajowe zapotrzebowanie na moc;Sumaryczna generacja JWCD;Generacja PI;Generacja IRZ;Sumaryczna generacja nJWCD;Krajowe saldo wymiany miêdzysystemowej równoleg³ej;Krajowe saldo wymiany miêdzysystemowej nierównoleg³ej
2020-10-27;1;17116,763;9903,725;-653,288;0,000;6123,188;527,563;1220,013
2020-10-27;2;16567,988;10060,675;-914,838;0,000;5861,538;308,100;1254,175
2020-10-27;3;16295,113;10073,813;-935,638;0,000;5688,300;164,238;1303,538
2020-10-27;4;16320,213;9963,725;-932,538;0,000;5566,413;468,975;1258,213
2020-10-27;5;16615,150;9837,788;-928,975;0,000;5469,925;1107,913;1131,388
2020-10-27;6;17562,475;10653,663;-780,325;0,000;5517,875;1326,325;844,700
2020-10-27;7;19665,950;12323,738;-72,113;3,050;5554,313;1162,863;693,700
2020-10-27;8;21681,125;13966,275;-6,100;65,700;5631,313;1499,688;594,775
2020-10-27;9;22870,450;15043,088;-6,775;150,537;5833,975;1446,688;550,388
2020-10-27;10;23165,100;14880,375;-6,975;209,213;6135,050;1468,050;695,463
2020-10-27;11;22971,263;14631,750;10,988;230,513;6111,650;1503,713;733,350
2020-10-27;12;23213,525;14527,725;107,400;231,550;6203,888;1418,763;1072,125
2020-10-27;13;23262,013;14749,438;296,825;230,763;6204,675;1079,638;1241,175
2020-10-27;14;23084,900;14843,738;277,463;231,638;6167,313;1050,050;1033,988
2020-10-27;15;22573,763;14346,988;129,875;231,237;5961,088;1212,088;1061,463
2020-10-27;16;22511,900;14371,188;10,463;230,063;5786,975;1172,075;1186,263
2020-10-27;17;23016,513;14416,013;80,413;230,787;6009,825;1493,888;1093,338
2020-10-27;18;23830,850;15411,763;800,888;230,025;6278,988;1368,563;757,113
2020-10-27;19;23471,000;14435,300;773,575;229,875;6632,263;1390,788;1023,100
2020-10-27;20;23246,000;13755,363;757,963;228,912;6970,588;1435,200;1084,075
2020-10-27;21;22611,525;12786,700;588,650;141,038;7184,025;1500,188;1141,863
2020-10-27;22;21099,563;11442,675;146,825;14,975;6942,200;1490,525;1234,363
2020-10-27;23;19525,675;10012,350;87,038;0,000;6758,825;1450,425;1307,938
2020-10-27;24;18226,775;9389,400;-162,038;0,000;6784,763;999,025;1221,825
