Data;Godzina;Krajowe zapotrzebowanie na moc;Sumaryczna generacja JWCD;Generacja PI;Generacja IRZ;Sumaryczna generacja nJWCD;Krajowe saldo wymiany miêdzysystemowej równoleg³ej;Krajowe saldo wymiany miêdzysystemowej nierównoleg³ej
2020-12-18;1;18526,900;11027,300;-466,125;0,000;7367,263;-331,288;938,038
2020-12-18;2;17897,863;11189,925;-697,625;0,000;7167,163;-673,475;913,700
2020-12-18;3;17582,713;11240,875;-943,738;0,000;7070,575;-703,688;922,025
2020-12-18;4;17486,013;11240,750;-940,125;0,000;7026,163;-765,363;925,688
2020-12-18;5;17807,613;11479,138;-937,813;0,000;6916,938;-603,388;954,425
2020-12-18;6;18469,650;11484,350;-801,663;0,000;6926,900;167,025;694,863
2020-12-18;7;21018,875;12929,688;-103,275;0,000;6947,225;278,688;970,788
2020-12-18;8;23074,638;14597,525;-3,850;0,000;6981,900;447,063;1055,963
2020-12-18;9;24130,513;15142,700;-3,650;0,000;7196,575;522,575;1280,263
2020-12-18;10;24795,150;15560,863;71,300;0,000;7365,175;566,788;1310,488
2020-12-18;11;24846,888;15758,900;208,663;0,000;7221,825;570,775;1314,100
2020-12-18;12;24954,275;15880,738;266,063;0,000;7026,713;755,063;1311,013
2020-12-18;13;24794,288;15851,338;13,313;0,000;6825,463;825,025;1310,250
2020-12-18;14;24480,638;15610,763;-6,763;0,000;6665,025;918,850;1304,950
2020-12-18;15;23937,750;15446,700;-6,675;0,000;6494,188;710,813;1305,663
2020-12-18;16;24082,988;15434,388;14,775;0,000;6588,313;751,388;1317,575
2020-12-18;17;24989,463;15992,988;236,688;0,000;6984,988;710,413;1306,988
2020-12-18;18;24734,213;15476,338;219,075;0,000;7229,063;722,900;1316,625
2020-12-18;19;24416,450;14924,150;231,288;0,000;7414,713;804,575;1288,350
2020-12-18;20;24177,450;14527,888;180,225;0,000;7516,000;840,013;1314,588
2020-12-18;21;23391,263;13723,113;239,863;0,000;7552,975;818,400;1316,413
2020-12-18;22;22015,175;12472,963;311,488;0,000;7478,638;766,988;1309,213
2020-12-18;23;20625,238;10854,625;221,113;0,000;7272,200;1191,613;1316,338
2020-12-18;24;19283,725;9658,950;-6,325;0,000;7031,275;1367,788;1241,488
