Data;Godzina;Krajowe zapotrzebowanie na moc;Sumaryczna generacja JWCD;Generacja PI;Generacja IRZ;Sumaryczna generacja nJWCD;Krajowe saldo wymiany miêdzysystemowej równoleg³ej;Krajowe saldo wymiany miêdzysystemowej nierównoleg³ej
2020-06-20;1;15811,075;10091,900;-6,925;0,000;3118,675;1745,275;862,975
2020-06-20;2;15112,488;9966,613;-127,963;0,000;3116,125;1335,563;823,063
2020-06-20;3;14683,513;9835,025;-226,588;0,000;3120,075;1266,288;690,950
2020-06-20;4;14571,663;10098,075;-197,050;0,000;3063,625;1101,500;533,975
2020-06-20;5;14079,113;9996,088;-109,413;0,000;3062,438;687,788;475,450
2020-06-20;6;13943,913;9861,613;4,638;0,000;3077,700;650,513;385,625
2020-06-20;7;14926,850;10403,338;21,525;0,000;3262,300;865,338;406,500
2020-06-20;8;16250,438;10910,700;92,875;0,000;3405,225;1345,225;593,288
2020-06-20;9;17433,888;11513,525;45,988;0,000;3529,588;1599,450;797,738
2020-06-20;10;18428,400;12081,188;66,438;0,000;3651,438;1782,275;930,363
2020-06-20;11;18970,863;12463,538;99,675;0,000;3843,425;1712,225;957,250
2020-06-20;12;19187,513;12601,300;268,113;0,000;3966,875;1649,263;970,238
2020-06-20;13;19043,525;12468,425;169,413;0,000;4049,100;1567,238;967,425
2020-06-20;14;18671,650;12248,250;310,063;0,000;4026,550;1436,163;967,713
2020-06-20;15;18328,563;12093,013;54,463;0,000;4083,738;1299,525;857,550
2020-06-20;16;17947,150;11691,775;140,750;0,000;4076,713;1266,413;917,025
2020-06-20;17;17563,925;11237,363;345,963;0,000;4081,963;1384,613;868,913
2020-06-20;18;17303,800;11176,738;327,388;0,000;4064,275;1317,150;757,425
2020-06-20;19;17250,650;10808,538;241,100;0,000;4017,763;1667,063;771,313
2020-06-20;20;17276,550;10709,000;194,213;0,000;4116,075;1629,063;830,013
2020-06-20;21;17167,738;10592,038;131,950;0,000;4135,988;1617,025;829,875
2020-06-20;22;17100,975;10528,950;8,450;0,000;4124,563;1648,075;816,175
2020-06-20;23;16484,900;10616,075;43,638;0,000;4003,688;1246,288;633,700
2020-06-20;24;15353,725;10117,913;51,563;0,000;3905,300;891,175;451,863
