Data;Godzina;Krajowe zapotrzebowanie na moc;Sumaryczna generacja JWCD;Generacja PI;Generacja IRZ;Sumaryczna generacja nJWCD;Krajowe saldo wymiany miêdzysystemowej równoleg³ej;Krajowe saldo wymiany miêdzysystemowej nierównoleg³ej
2020-12-29;1;16270,450;8902,888;-469,575;0,000;8667,638;-1077,800;248,763
2020-12-29;2;15649,700;8738,500;-776,450;0,000;8643,463;-1118,200;164,925
2020-12-29;3;15362,975;8870,563;-973,738;0,000;8677,175;-1290,900;77,913
2020-12-29;4;15308,863;9080,113;-1028,550;0,000;8525,025;-1454,588;185,800
2020-12-29;5;15642,000;8934,913;-611,713;0,000;8461,238;-1297,600;153,475
2020-12-29;6;16348,825;8987,563;-228,763;0,000;8196,950;-627,600;24,713
2020-12-29;7;18196,188;9639,875;-93,975;0,000;8169,438;277,925;203,338
2020-12-29;8;19651,550;10751,938;-13,188;0,000;8042,350;621,750;255,275
2020-12-29;9;20515,313;11448,850;-13,350;0,000;7988,125;1005,713;84,900
2020-12-29;10;21175,663;11413,038;-13,250;0,000;8114,688;1234,725;435,213
2020-12-29;11;21457,150;10859,375;28,250;0,000;8392,000;1334,213;889,250
2020-12-29;12;21507,213;11345,488;273,575;0,000;8296,325;977,838;906,925
2020-12-29;13;21456,488;11708,238;357,725;0,000;8439,263;761,625;563,238
2020-12-29;14;21524,463;11117,438;363,088;0,000;8620,025;1100,075;697,100
2020-12-29;15;21301,413;10684,063;490,600;0,000;8791,713;1146,250;685,013
2020-12-29;16;21458,500;11335,613;328,050;0,000;8803,713;760,750;564,125
2020-12-29;17;22323,938;11971,950;309,838;0,000;9195,038;500,313;659,325
2020-12-29;18;22316,563;12208,550;416,888;0,000;9548,113;233,425;320,575
2020-12-29;19;21839,538;11339,763;506,400;0,000;9594,950;573,163;338,175
2020-12-29;20;21573,800;10752,375;495,688;0,000;9512,538;682,225;640,275
2020-12-29;21;21044,675;9796,863;349,863;0,000;9493,850;885,125;881,000
2020-12-29;22;19910,625;9383,413;111,100;0,000;9329,988;494,613;717,513
2020-12-29;23;18730,725;8895,988;-177,063;0,000;8958,113;205,975;852,025
2020-12-29;24;17477,800;8729,763;-750,138;0,000;8859,388;225,625;419,438
