Data;Godzina;Krajowe zapotrzebowanie na moc;Sumaryczna generacja JWCD;Generacja PI;Generacja IRZ;Sumaryczna generacja nJWCD;Krajowe saldo wymiany miêdzysystemowej równoleg³ej;Krajowe saldo wymiany miêdzysystemowej nierównoleg³ej
2020-10-29;1;17384,025;10619,913;-626,988;0,000;6344,388;414,813;651,463
2020-10-29;2;16815,400;10506,475;-738,275;0,000;6315,938;123,125;619,938
2020-10-29;3;16568,363;10565,400;-799,888;0,000;6377,588;-193,388;622,250
2020-10-29;4;16700,975;10575,975;-798,213;0,000;6479,525;-183,113;634,138
2020-10-29;5;16941,575;10498,488;-796,200;0,000;6520,375;122,050;601,750
2020-10-29;6;17697,550;10652,075;-657,575;0,000;6624,538;571,925;514,075
2020-10-29;7;19753,788;11471,913;-111,150;0,000;6839,088;921,213;637,013
2020-10-29;8;21615,150;12832,700;-4,300;0,000;7070,475;1333,725;388,463
2020-10-29;9;22640,100;13642,213;-8,350;0,000;7191,663;1426,738;392,913
2020-10-29;10;22720,438;13739,675;63,888;0,000;7223,250;1385,525;393,588
2020-10-29;11;22808,950;13670,538;201,675;0,000;7351,738;1397,763;405,200
2020-10-29;12;23169,638;13957,600;202,288;0,000;7535,175;1253,875;439,200
2020-10-29;13;23333,075;14233,800;200,838;0,000;7587,500;999,313;531,550
2020-10-29;14;23188,350;14055,900;337,475;0,000;7377,263;1138,350;629,213
2020-10-29;15;22762,988;13722,000;407,700;0,000;7066,250;1308,688;681,675
2020-10-29;16;22877,813;13936,375;-7,288;0,000;6927,550;1273,800;757,288
2020-10-29;17;23318,263;15038,050;105,075;0,000;6892,413;569,038;829,150
2020-10-29;18;24166,813;15497,500;334,913;0,000;7228,538;549,838;898,525
2020-10-29;19;23875,600;14691,463;152,663;0,000;7687,888;503,875;1015,850
2020-10-29;20;23578,463;13938,113;127,125;0,000;7856,763;497,338;1303,838
2020-10-29;21;22827,213;12238,713;62,788;0,000;7878,038;1466,038;1257,863
2020-10-29;22;21342,050;10618,038;-5,025;0,000;7928,713;1534,975;1282,288
2020-10-29;23;19761,950;9406,925;-9,288;0,000;7728,563;1376,750;1279,338
2020-10-29;24;18508,650;9302,775;-137,588;0,000;7526,700;800,250;1030,663
