Data;Godzina;Krajowe zapotrzebowanie na moc;Sumaryczna generacja JWCD;Generacja PI;Generacja IRZ;Sumaryczna generacja nJWCD;Krajowe saldo wymiany miêdzysystemowej równoleg³ej;Krajowe saldo wymiany miêdzysystemowej nierównoleg³ej
2020-05-04;1;12738,788;7971,075;-201,113;257,700;4420,050;67,563;483,600
2020-05-04;2;12252,725;7736,900;-251,213;257,988;4400,563;-169,825;539,975
2020-05-04;3;12083,975;7650,450;-336,688;258,775;4365,250;-166,775;573,413
2020-05-04;4;12065,888;7959,438;-393,088;258,537;4222,838;-300,963;579,375
2020-05-04;5;12280,425;8133,200;-482,050;258,850;4139,138;19,688;476,975
2020-05-04;6;12670,488;8237,063;-529,113;258,575;4084,488;406,813;474,038
2020-05-04;7;15318,463;9918,338;-216,913;258,563;4162,700;736,300;723,300
2020-05-04;8;17578,763;11485,863;-6,038;258,438;4270,963;671,738;1152,700
2020-05-04;9;18847,075;12957,188;-5,700;258,612;4429,663;596,263;866,538
2020-05-04;10;19347,050;13081,550;-5,825;258,375;4647,475;732,400;895,138
2020-05-04;11;19344,388;12801,888;15,825;258,888;4831,613;820,788;902,400
2020-05-04;12;19594,513;12821,288;142,800;257,300;4852,000;948,538;982,875
2020-05-04;13;19681,388;12945,313;160,500;258,175;4851,325;910,213;992,250
2020-05-04;14;19598,225;12804,263;138,475;258,625;4843,775;969,225;990,913
2020-05-04;15;19090,363;12580,763;11,375;258,750;4563,988;968,675;989,525
2020-05-04;16;18898,638;12469,788;81,663;258,900;4460,600;985,638;989,013
2020-05-04;17;18524,463;12132,163;74,825;258,675;4228,838;1184,575;988,963
2020-05-04;18;18222,663;11695,538;74,150;258,363;4134,625;1416,138;989,650
2020-05-04;19;18217,238;11653,863;103,863;258,700;4086,913;1492,163;1002,738
2020-05-04;20;18525,900;11924,700;244,088;258,475;4095,313;1390,550;1114,650
2020-05-04;21;19192,838;12462,600;453,425;259,212;4238,550;1372,738;1130,275
2020-05-04;22;18689,588;11728,725;235,275;258,488;4280,563;1432,400;1260,225
2020-05-04;23;17380,600;10313,725;1,250;259,163;4411,838;1400,863;1265,063
2020-05-04;24;16062,475;9093,350;-5,863;258,650;4429,825;1310,663;1236,750
