Data;Godzina;Krajowe zapotrzebowanie na moc;Sumaryczna generacja JWCD;Generacja PI;Generacja IRZ;Sumaryczna generacja nJWCD;Krajowe saldo wymiany miêdzysystemowej równoleg³ej;Krajowe saldo wymiany miêdzysystemowej nierównoleg³ej
2020-07-26;1;13994,413;9259,450;-8,913;0,000;3969,338;172,550;602,950
2020-07-26;2;13321,425;8898,475;-8,738;0,000;4187,075;-114,713;358,725
2020-07-26;3;12864,450;8356,613;-12,138;0,000;4426,875;-236,050;332,463
2020-07-26;4;12707,000;7902,738;-11,925;0,000;4680,313;-99,900;233,725
2020-07-26;5;12479,488;7467,563;-12,350;0,000;4969,688;-219,925;273,888
2020-07-26;6;12157,950;7126,025;-37,200;0,000;5061,163;-245,025;253,350
2020-07-26;7;12675,775;7715,750;-205,688;0,000;4943,325;-50,150;273,700
2020-07-26;8;13535,138;8579,413;-83,825;0,000;4591,200;7,788;435,125
2020-07-26;9;14437,250;9186,800;185,800;0,000;4451,450;83,875;723,663
2020-07-26;10;15185,625;9237,725;101,163;0,000;4701,538;385,075;871,325
2020-07-26;11;15623,375;8676,175;102,825;0,000;5228,438;615,750;1111,875
2020-07-26;12;15787,500;8097,875;27,988;0,000;5722,275;753,975;1219,900
2020-07-26;13;15756,175;7936,488;153,263;0,000;5831,825;774,663;1220,838
2020-07-26;14;15777,188;7928,025;160,738;0,000;5847,263;795,538;1209,975
2020-07-26;15;15467,038;7916,100;129,988;0,000;5703,900;667,138;1185,625
2020-07-26;16;15234,325;8061,213;10,913;0,000;5343,750;719,138;1117,175
2020-07-26;17;15256,738;8235,875;-5,925;0,000;4983,775;780,313;1265,200
2020-07-26;18;15335,413;8857,950;87,375;0,000;4397,225;809,713;1275,188
2020-07-26;19;15369,288;9122,350;193,450;0,000;3675,225;1336,425;1239,200
2020-07-26;20;15903,338;9628,400;224,975;0,000;3573,025;1435,063;1270,688
2020-07-26;21;16304,388;9956,300;41,025;0,000;3623,788;1447,950;1275,575
2020-07-26;22;16597,300;10337,375;-3,425;0,000;3601,475;1384,838;1276,413
2020-07-26;23;15889,663;9605,900;-7,588;0,000;3610,438;1416,025;1276,563
2020-07-26;24;14807,675;8488,800;-10,800;0,000;3646,338;1446,900;1245,838
