Data;Godzina;Krajowe zapotrzebowanie na moc;Sumaryczna generacja JWCD;Generacja PI;Generacja IRZ;Sumaryczna generacja nJWCD;Krajowe saldo wymiany miêdzysystemowej równoleg³ej;Krajowe saldo wymiany miêdzysystemowej nierównoleg³ej
2020-06-24;1;15941,338;9594,163;60,500;0,000;3689,588;1486,213;1187,900
2020-06-24;2;15215,175;8950,513;-69,638;0,000;3708,050;1422,688;1274,688
2020-06-24;3;14903,275;9074,688;-162,775;0,000;3693,338;1086,663;1283,650
2020-06-24;4;14775,638;9120,588;-279,975;0,000;3735,825;989,950;1283,888
2020-06-24;5;14595,500;9142,475;-279,538;0,000;3850,963;671,750;1283,800
2020-06-24;6;14918,700;9092,638;-262,188;0,000;3799,913;1085,275;1278,375
2020-06-24;7;17220,288;10751,063;-15,900;0,000;3817,288;1478,225;1266,950
2020-06-24;8;19378,325;12766,713;60,913;0,000;3754,413;1586,213;1287,100
2020-06-24;9;20651,638;13962,413;78,763;0,000;3838,125;1578,288;1285,225
2020-06-24;10;21207,088;14310,250;93,400;0,000;4031,075;1700,350;1184,725
2020-06-24;11;21362,613;14301,350;95,338;0,000;4254,238;1624,200;1199,125
2020-06-24;12;21731,888;14356,638;146,388;0,000;4419,250;1713,388;1260,675
2020-06-24;13;21841,925;14299,763;200,088;0,000;4587,450;1689,188;1285,988
2020-06-24;14;21585,550;14087,013;178,600;0,000;4549,800;1681,700;1285,025
2020-06-24;15;21154,100;13660,675;61,300;0,000;4652,788;1565,050;1289,688
2020-06-24;16;20859,538;13387,913;63,738;0,000;4661,575;1542,913;1285,875
2020-06-24;17;20568,463;13046,313;65,063;0,000;4600,025;1646,163;1287,988
2020-06-24;18;20097,813;12530,650;117,625;0,000;4578,688;1712,688;1285,588
2020-06-24;19;19748,000;12434,263;161,850;0,000;4374,225;1656,288;1285,750
2020-06-24;20;19951,263;12799,975;166,663;0,000;4332,600;1538,625;1288,788
2020-06-24;21;19914,613;12681,513;166,375;0,000;4354,713;1603,425;1290,250
2020-06-24;22;19521,550;12176,275;95,075;0,000;4497,225;1569,100;1287,663
2020-06-24;23;18549,400;10888,175;149,625;0,000;4688,188;1704,150;1288,075
2020-06-24;24;17101,650;9780,313;146,725;0,000;4543,238;1513,238;1282,463
