Data;Godzina;Krajowe zapotrzebowanie na moc;Sumaryczna generacja JWCD;Generacja PI;Generacja IRZ;Sumaryczna generacja nJWCD;Krajowe saldo wymiany miêdzysystemowej równoleg³ej;Krajowe saldo wymiany miêdzysystemowej nierównoleg³ej
2020-10-24;1;17198,063;9564,850;-12,900;0,000;5366,225;1086,113;1197,738
2020-10-24;2;16569,725;9491,413;-13,000;0,000;5468,075;372,038;1265,713
2020-10-24;3;16137,400;9525,500;-13,125;0,000;5382,600;-25,563;1280,825
2020-10-24;4;16129,013;9809,225;-12,338;0,000;5537,325;-487,850;1290,675
2020-10-24;5;16217,000;9704,338;-12,463;0,000;5489,075;-199,313;1241,150
2020-10-24;6;16353,450;9229,225;-12,388;0,000;5463,213;607,988;1068,763
2020-10-24;7;17318,013;10106,413;192,400;0,000;5444,538;988,650;791,300
2020-10-24;8;18093,750;10355,800;31,188;0,000;5715,450;1091,988;944,925
2020-10-24;9;19176,988;10703,988;-8,563;0,000;5999,275;1406,175;1083,563
2020-10-24;10;20281,150;11391,813;11,388;0,000;6262,900;1559,075;1081,675
2020-10-24;11;20728,788;11525,550;13,825;0,000;6525,825;1508,450;1178,588
2020-10-24;12;20879,488;11340,488;13,463;0,000;6899,850;1456,313;1194,925
2020-10-24;13;20708,938;11124,525;13,813;0,000;7178,838;1296,113;1121,488
2020-10-24;14;20160,000;11070,788;13,513;0,000;7233,913;910,050;958,663
2020-10-24;15;19570,988;11022,963;-5,150;0,000;6983,375;570,725;1011,025
2020-10-24;16;19276,188;10748,025;-7,300;0,000;6427,663;1019,413;1087,825
2020-10-24;17;18983,763;10428,888;-7,275;0,000;6016,400;1288,463;1260,150
2020-10-24;18;19337,075;11109,950;30,450;0,000;5871,313;1262,988;1100,688
2020-10-24;19;20487,475;11759,338;319,688;0,000;6117,625;1478,625;1137,000
2020-10-24;20;20363,900;11303,738;334,800;0,000;6447,375;1449,800;1175,038
2020-10-24;21;19723,675;10305,125;311,788;0,000;6564,388;1602,813;1264,625
2020-10-24;22;18478,613;9692,738;280,763;0,000;6547,050;1212,975;1042,625
2020-10-24;23;17392,750;9357,113;106,063;0,000;6512,875;364,325;1172,738
2020-10-24;24;16344,988;9037,338;-10,213;0,000;6456,063;-419,188;1292,200
