Data;Godzina;Krajowe zapotrzebowanie na moc;Sumaryczna generacja JWCD;Generacja PI;Generacja IRZ;Sumaryczna generacja nJWCD;Krajowe saldo wymiany miêdzysystemowej równoleg³ej;Krajowe saldo wymiany miêdzysystemowej nierównoleg³ej
2020-03-06;1;17842,863;8950,975;-108,950;0,000;8794,588;-472,088;685,338
2020-03-06;2;17343,438;8974,950;-666,663;0,000;8817,950;-631,425;850,800
2020-03-06;3;16924,213;8775,388;-714,625;0,000;8760,588;-669,175;780,588
2020-03-06;4;17025,188;8778,388;-753,363;0,000;8731,063;-394,688;672,438
2020-03-06;5;17341,288;9210,350;-724,063;0,000;8742,100;-340,900;453,588
2020-03-06;6;18110,275;9616,138;-460,300;0,000;8719,263;-218,988;455,150
2020-03-06;7;20189,675;10693,050;-41,325;0,000;8837,563;-118,825;813,050
2020-03-06;8;22288,938;12185,113;-7,263;0,000;8815,600;484,863;801,688
2020-03-06;9;23376,488;13032,188;135,650;0,000;8674,675;838,175;838,425
2020-03-06;10;23534,375;13126,950;252,925;0,000;8356,863;1025,400;1040,375
2020-03-06;11;23204,738;12623,400;70,700;0,000;8086,613;1264,375;1242,025
2020-03-06;12;23498,550;12792,750;97,100;0,000;7965,338;1415,650;1331,450
2020-03-06;13;23568,888;13161,738;204,888;0,000;7934,863;1181,775;1303,875
2020-03-06;14;23538,175;13239,075;301,475;0,000;7800,375;1157,813;1349,838
2020-03-06;15;23154,800;12845,563;161,688;0,000;7815,450;1149,575;1348,963
2020-03-06;16;23029,600;12679,863;149,475;0,000;7742,400;1256,288;1349,588
2020-03-06;17;22916,900;12777,363;156,363;0,000;7752,950;1044,588;1349,563
2020-03-06;18;23332,688;13122,475;153,575;0,000;7878,588;971,638;1363,400
2020-03-06;19;23978,488;13904,200;122,913;0,000;7863,438;845,338;1366,725
2020-03-06;20;23842,925;13849,963;102,488;0,000;7827,900;814,538;1359,163
2020-03-06;21;23179,600;13272,275;24,463;0,000;7645,763;959,138;1319,650
2020-03-06;22;21509,538;11759,338;-5,000;0,000;7416,738;1016,650;1330,500
2020-03-06;23;19989,475;11205,538;-10,775;0,000;7208,800;263,175;1329,550
2020-03-06;24;18713,500;10631,575;-10,638;0,000;6997,988;51,663;1050,200
