Data;Godzina;Krajowe zapotrzebowanie na moc;Sumaryczna generacja JWCD;Generacja PI;Generacja IRZ;Sumaryczna generacja nJWCD;Krajowe saldo wymiany miêdzysystemowej równoleg³ej;Krajowe saldo wymiany miêdzysystemowej nierównoleg³ej
2020-09-26;1;16645,300;10239,438;-54,563;0,000;4260,663;1491,575;711,513
2020-09-26;2;16002,300;10405,600;-492,400;0,000;4210,938;1177,250;715,025
2020-09-26;3;15713,188;10485,275;-784,775;0,000;4233,638;1069,475;715,088
2020-09-26;4;15508,188;10328,075;-816,913;0,000;4239,450;1050,750;716,475
2020-09-26;5;15538,325;10325,325;-814,550;0,000;4378,738;946,988;708,100
2020-09-26;6;15553,863;10208,475;-580,963;0,000;4567,700;791,338;575,463
2020-09-26;7;16208,138;9727,100;-146,025;0,000;4802,788;1156,125;674,038
2020-09-26;8;17333,663;10642,325;-9,925;0,000;5270,925;728,400;708,525
2020-09-26;9;18659,100;11469,438;-9,900;0,000;5748,013;746,563;708,525
2020-09-26;10;19529,238;12191,838;-10,025;0,000;6084,713;659,275;610,075
2020-09-26;11;20094,150;12183,800;-7,625;0,000;6559,225;763,938;604,738
2020-09-26;12;20347,638;11737,500;-7,350;0,000;7047,063;937,350;638,513
2020-09-26;13;20062,013;11195,225;-7,375;0,000;7361,750;882,813;643,825
2020-09-26;14;19726,075;10752,688;-7,288;0,000;7557,125;803,275;630,338
2020-09-26;15;19260,800;10446,413;-7,313;0,000;7711,325;520,263;597,600
2020-09-26;16;18925,538;10427,388;93,500;0,000;7487,925;326,163;694,600
2020-09-26;17;18545,963;10589,238;202,800;0,000;6916,888;343,175;712,825
2020-09-26;18;18477,725;10828,763;298,788;0,000;6520,175;430,713;712,288
2020-09-26;19;18972,738;11170,675;239,263;0,000;6209,800;893,138;711,288
2020-09-26;20;19795,225;11581,475;180,663;0,000;5819,850;1694,700;710,663
2020-09-26;21;19152,513;11365,213;134,538;0,000;5418,113;1681,838;704,850
2020-09-26;22;17959,213;10859,375;9,200;0,000;4866,325;1668,600;587,275
2020-09-26;23;16761,713;10515,388;-8,400;0,000;4521,325;1184,963;561,475
2020-09-26;24;15705,313;10224,763;-10,475;0,000;4299,413;755,063;447,613
