Data;Godzina;Krajowe zapotrzebowanie na moc;Sumaryczna generacja JWCD;Generacja PI;Generacja IRZ;Sumaryczna generacja nJWCD;Krajowe saldo wymiany miêdzysystemowej równoleg³ej;Krajowe saldo wymiany miêdzysystemowej nierównoleg³ej
2020-12-23;1;17715,375;10184,225;-851,675;0,000;8512,363;-832,550;708,725
2020-12-23;2;16992,263;10307,800;-1077,725;0,000;8005,275;-996,463;756,100
2020-12-23;3;16517,925;10280,075;-1123,638;0,000;7560,188;-1013,225;817,438
2020-12-23;4;16468,850;10238,338;-1004,488;0,000;7227,738;-821,725;832,138
2020-12-23;5;16704,038;10361,838;-721,988;0,000;6848,850;-503,538;719,800
2020-12-23;6;17382,750;10590,863;-428,625;0,000;6753,838;-68,150;539,600
2020-12-23;7;19564,613;11911,788;-74,675;0,000;6809,325;348,375;571,388
2020-12-23;8;21424,438;13581,363;-5,988;0,000;6866,963;256,063;731,588
2020-12-23;9;22553,663;13886,263;-6,425;0,000;6828,125;934,638;915,100
2020-12-23;10;23553,675;14271,813;62,650;0,000;6888,425;1346,725;1058,663
2020-12-23;11;24019,275;14805,150;366,363;0,000;6841,938;1277,863;1100,575
2020-12-23;12;24389,925;15448,813;395,713;0,000;6638,413;1224,188;1092,725
2020-12-23;13;24184,288;15617,263;394,788;0,000;6439,238;1069,363;1076,500
2020-12-23;14;24060,188;15463,225;312,588;0,000;6248,725;1259,888;1099,338
2020-12-23;15;23617,200;15308,988;325,513;0,000;6137,175;1072,213;1099,525
2020-12-23;16;23959,375;15964,488;303,300;0,000;6157,363;731,238;1109,463
2020-12-23;17;24789,913;16584,188;391,288;0,000;6262,038;832,188;1104,675
2020-12-23;18;24608,663;16280,950;617,963;0,000;6434,775;792,500;1104,800
2020-12-23;19;24270,450;15658,838;667,963;0,000;6599,225;915,825;1101,650
2020-12-23;20;23923,300;15050,863;515,250;0,000;6838,950;937,250;1101,375
2020-12-23;21;23033,225;13836,438;267,788;0,000;6884,025;1223,150;1098,950
2020-12-23;22;21385,225;11961,788;11,188;0,000;6952,500;1402,388;1089,675
2020-12-23;23;19756,313;10207,800;-9,613;0,000;7060,750;1298,288;1205,113
2020-12-23;24;18122,700;8655,363;-10,200;0,000;7179,663;1265,100;1051,425
