Data;Godzina;Krajowe zapotrzebowanie na moc;Sumaryczna generacja JWCD;Generacja PI;Generacja IRZ;Sumaryczna generacja nJWCD;Krajowe saldo wymiany miêdzysystemowej równoleg³ej;Krajowe saldo wymiany miêdzysystemowej nierównoleg³ej
2020-02-27;1;18042,663;9831,625;-363,125;0,000;7865,600;364,525;355,988
2020-02-27;2;17386,188;9796,138;-499,888;0,000;7830,175;-58,288;328,213
2020-02-27;3;17008,513;9487,238;-540,663;0,000;7896,300;-145,525;322,438
2020-02-27;4;17095,300;9541,875;-484,875;0,000;7859,038;-67,050;258,113
2020-02-27;5;17429,825;9801,913;-483,088;0,000;7865,725;33,125;221,025
2020-02-27;6;18293,488;10167,788;-323,438;0,000;7860,238;492,763;109,688
2020-02-27;7;20572,213;11515,350;-7,588;0,000;7956,588;790,300;317,550
2020-02-27;8;22429,100;13848,938;-7,650;0,000;7944,375;768,963;-131,513
2020-02-27;9;23259,913;14934,275;129,563;0,000;7811,950;478,375;45,400
2020-02-27;10;23577,913;14857,600;45,363;0,000;8121,288;311,775;293,388
2020-02-27;11;23304,013;14235,325;33,013;0,000;8151,413;69,013;847,788
2020-02-27;12;23509,925;13670,188;14,688;0,000;8209,138;312,038;1319,700
2020-02-27;13;23495,638;13798,363;12,050;0,000;8063,938;290,963;1349,450
2020-02-27;14;23600,788;13950,825;-5,313;0,000;8040,113;266,938;1340,975
2020-02-27;15;23135,088;13831,800;-7,638;0,000;7742,450;216,600;1343,450
2020-02-27;16;22943,763;14292,450;-7,313;0,000;7238,238;59,613;1349,563
2020-02-27;17;22949,275;14815,213;10,325;0,000;6854,188;-41,625;1320,563
2020-02-27;18;23835,225;16338,238;207,500;0,000;6642,663;-139,838;994,150
2020-02-27;19;24382,163;16470,325;241,088;0,000;6710,038;194,263;1014,700
2020-02-27;20;24329,300;14875,038;138,725;0,000;6893,988;1222,525;1343,488
2020-02-27;21;23596,663;14323,550;422,588;0,000;6895,300;1015,588;1363,063
2020-02-27;22;21938,500;12341,175;63,888;0,000;6814,588;1480,150;1313,638
2020-02-27;23;20404,063;10896,113;-7,650;0,000;6745,388;1458,875;1317,225
2020-02-27;24;19098,725;9802,325;-7,625;0,000;6589,138;1403,350;1311,738
