Data;Godzina;Krajowe zapotrzebowanie na moc;Sumaryczna generacja JWCD;Generacja PI;Generacja IRZ;Sumaryczna generacja nJWCD;Krajowe saldo wymiany miêdzysystemowej równoleg³ej;Krajowe saldo wymiany miêdzysystemowej nierównoleg³ej
2020-05-20;1;15680,850;9182,450;-207,150;70,038;4509,325;1165,688;1033,888
2020-05-20;2;15138,325;9567,863;-544,025;70,075;4371,863;863,713;881,600
2020-05-20;3;14785,438;9676,838;-668,288;70,100;4239,525;758,950;780,913
2020-05-20;4;14713,663;9662,713;-666,250;70,000;4053,588;807,525;857,575
2020-05-20;5;14558,238;9533,188;-665,063;70,100;4061,650;798,175;834,013
2020-05-20;6;14710,038;9341,813;-649,163;70,113;3993,763;1036,800;989,563
2020-05-20;7;16951,950;11497,638;-72,400;70,150;3872,838;928,375;727,000
2020-05-20;8;19106,488;14134,738;-4,625;70,075;3957,900;574,475;446,713
2020-05-20;9;20112,925;14367,675;-3,613;70,013;4270,413;1001,338;475,550
2020-05-20;10;20557,338;14033,588;94,138;70,088;4621,450;1524,775;384,500
2020-05-20;11;20562,538;13928,713;135,138;69,975;4779,963;1485,500;374,163
2020-05-20;12;20741,638;13968,525;138,913;70,088;4887,463;1274,413;611,463
2020-05-20;13;20769,863;13397,338;94,663;70,025;4908,550;1611,388;867,850
2020-05-20;14;20474,700;13203,113;61,325;69,925;4769,350;1460,850;1041,850
2020-05-20;15;19915,350;12340,925;4,213;70,075;4722,325;1601,550;1249,988
2020-05-20;16;19684,525;11992,688;-3,350;69,975;4611,800;1823,050;1257,763
2020-05-20;17;19177,088;11743,675;238,075;70,263;4439,625;1696,225;1305,300
2020-05-20;18;18821,263;11622,500;460,663;70,175;4265,463;1633,988;1307,213
2020-05-20;19;18714,550;11650,200;399,413;70,050;4145,575;1617,788;1305,600
2020-05-20;20;19078,750;12865,225;452,813;70,000;4088,725;822,500;1306,200
2020-05-20;21;19536,538;13191,013;530,400;70,075;4149,813;897,938;1306,113
2020-05-20;22;19343,975;12095,225;204,613;70,062;4364,738;1595,763;1297,138
2020-05-20;23;18044,650;10427,925;20,038;70,088;4484,863;1842,263;1303,025
2020-05-20;24;16714,400;9383,838;-9,025;70,062;4438,638;1638,350;1274,300
