Data;Godzina;Krajowe zapotrzebowanie na moc;Sumaryczna generacja JWCD;Generacja PI;Generacja IRZ;Sumaryczna generacja nJWCD;Krajowe saldo wymiany miêdzysystemowej równoleg³ej;Krajowe saldo wymiany miêdzysystemowej nierównoleg³ej
2020-05-11;1;13369,863;8091,588;-170,313;326,888;5009,850;304,575;138,575
2020-05-11;2;12927,688;7715,513;-344,300;331,587;5083,988;378,663;103,100
2020-05-11;3;12685,975;7530,475;-368,438;330,663;5135,575;367,213;27,075
2020-05-11;4;12648,450;7521,025;-405,138;331,212;5185,600;323,475;28,588
2020-05-11;5;12803,300;7675,575;-404,825;331,850;5244,088;376,738;-83,213
2020-05-11;6;13200,225;7942,688;-366,725;330,837;5340,075;101,588;192,613
2020-05-11;7;15837,625;9485,725;-51,838;330,863;5568,113;420,075;435,913
2020-05-11;8;18068,313;10994,713;-6,850;331,013;5601,925;893,813;594,113
2020-05-11;9;19384,963;11901,525;215,963;330,675;5710,188;1139,450;637,650
2020-05-11;10;20012,663;12368,175;403,950;421,400;5911,588;1086,650;656,713
2020-05-11;11;20017,213;12265,725;114,650;536,750;6109,488;1084,413;571,100
2020-05-11;12;20386,538;12180,013;84,025;369,438;6306,200;1211,675;693,475
2020-05-11;13;20531,063;11926,175;83,675;330,825;6778,863;1136,563;701,575
2020-05-11;14;20392,663;11705,525;56,675;330,825;6909,550;1176,963;611,938
2020-05-11;15;19956,325;11233,188;-6,925;329,950;7008,463;1166,838;562,113
2020-05-11;16;19698,375;11074,375;-7,088;329,763;7084,225;1019,688;535,288
2020-05-11;17;19403,488;10433,150;-7,250;330,237;7283,763;1060,363;635,275
2020-05-11;18;19265,850;10407,825;9,850;331,025;7351,838;932,075;587,400
2020-05-11;19;19255,538;10506,813;191,800;330,475;7170,875;978,513;602,688
2020-05-11;20;19428,238;10656,463;260,150;330,600;6927,363;1271,850;574,675
2020-05-11;21;19750,400;11479,800;269,613;347,400;6824,188;1002,525;453,638
2020-05-11;22;19042,688;11361,213;25,638;354,400;6754,925;581,600;360,063
2020-05-11;23;17809,338;10442,500;-10,300;330,087;6817,488;160,288;408,438
2020-05-11;24;16518,975;9598,838;-10,350;330,738;6524,450;88,838;323,463
