Data;Godzina;Krajowe zapotrzebowanie na moc;Sumaryczna generacja JWCD;Generacja PI;Generacja IRZ;Sumaryczna generacja nJWCD;Krajowe saldo wymiany miêdzysystemowej równoleg³ej;Krajowe saldo wymiany miêdzysystemowej nierównoleg³ej
2020-04-27;1;13918,725;9458,025;-13,313;0,000;4081,563;-4,150;399,775
2020-04-27;2;13489,113;9047,138;-12,450;0,000;4133,875;24,888;298,988
2020-04-27;3;13153,038;8821,350;-154,013;0,000;4246,950;-201,813;444,988
2020-04-27;4;13266,088;8973,425;-347,850;0,000;4365,388;-108,125;387,400
2020-04-27;5;13484,413;9071,300;-347,688;0,000;4492,738;-143,325;416,388
2020-04-27;6;13565,375;8824,638;-347,175;0,000;4566,125;49,738;477,763
2020-04-27;7;15811,625;10064,625;-134,013;0,000;4697,313;687,500;503,250
2020-04-27;8;17968,100;11612,488;-6,125;0,000;4794,525;847,775;731,138
2020-04-27;9;19197,413;12174,588;-6,275;0,000;4684,350;1415,613;933,588
2020-04-27;10;19496,613;11970,938;73,513;0,000;4914,413;1494,450;1139,850
2020-04-27;11;19592,188;11617,738;22,838;0,000;5225,125;1486,000;1269,100
2020-04-27;12;19794,050;11495,788;14,325;0,000;5475,488;1530,050;1300,038
2020-04-27;13;19691,025;11372,388;75,188;0,000;5544,938;1478,038;1306,463
2020-04-27;14;19490,938;11243,263;128,863;0,000;5514,375;1437,513;1307,213
2020-04-27;15;19052,050;11090,188;128,900;0,000;5280,388;1382,625;1305,200
2020-04-27;16;18851,250;11302,863;128,563;0,000;5007,738;1247,650;1307,800
2020-04-27;17;18448,488;11287,013;128,550;0,000;4582,638;1275,800;1304,300
2020-04-27;18;18199,163;11183,425;30,263;0,000;4245,000;1483,900;1297,363
2020-04-27;19;18188,588;11521,738;-7,938;0,000;3987,575;1394,350;1294,663
2020-04-27;20;18840,775;12871,138;143,663;0,000;3973,625;804,600;1197,838
2020-04-27;21;19912,313;13372,875;350,413;0,000;4246,863;1121,838;1176,938
2020-04-27;22;19183,588;12627,963;102,638;0,000;4417,225;946,013;1204,975
2020-04-27;23;17642,838;10372,538;-9,913;0,000;4780,825;1261,225;1244,463
2020-04-27;24;16299,863;9541,825;-9,650;0,000;5156,950;669,900;943,388
