Data;Godzina;Krajowe zapotrzebowanie na moc;Sumaryczna generacja JWCD;Generacja PI;Generacja IRZ;Sumaryczna generacja nJWCD;Krajowe saldo wymiany miêdzysystemowej równoleg³ej;Krajowe saldo wymiany miêdzysystemowej nierównoleg³ej
2020-01-12;1;16165,775;7266,100;-105,313;0,000;8233,013;-42,613;817,025
2020-01-12;2;15528,288;7253,163;-300,513;0,000;8321,938;-443,413;701,025
2020-01-12;3;15031,200;7112,650;-551,925;0,000;8546,750;-779,025;707,175
2020-01-12;4;14990,200;7160,075;-883,650;0,000;8673,238;-649,200;695,113
2020-01-12;5;15005,763;7379,600;-1090,013;0,000;8763,375;-691,375;647,988
2020-01-12;6;15151,138;7511,413;-1086,263;0,000;8730,363;-586,000;588,038
2020-01-12;7;15654,013;7569,413;-856,788;0,000;8894,100;-291,313;345,350
2020-01-12;8;15901,025;7395,463;-515,650;0,000;8907,675;-345,438;467,750
2020-01-12;9;16406,438;7131,738;-89,188;0,000;8877,150;-251,388;741,575
2020-01-12;10;17179,500;7777,425;68,050;0,000;8818,663;-145,275;741,575
2020-01-12;11;17567,275;8033,338;323,975;0,000;8660,888;147,663;742,500
2020-01-12;12;17597,663;8001,588;366,000;0,000;8488,113;363,363;760,938
2020-01-12;13;17731,138;7507,238;64,213;0,000;8382,000;624,963;1233,988
2020-01-12;14;17956,250;7635,563;-6,025;0,000;8243,150;747,538;1343,088
2020-01-12;15;17765,875;7825,225;-9,650;0,000;8171,663;431,725;1345,538
2020-01-12;16;17845,625;7826,538;73,950;0,000;8313,338;372,025;1344,163
2020-01-12;17;19040,300;8647,813;198,688;0,000;8744,038;313,438;1346,113
2020-01-12;18;19460,425;8991,813;516,550;0,000;8994,363;136,750;1344,225
2020-01-12;19;19572,550;8958,338;640,963;0,000;9174,750;100,638;1345,763
2020-01-12;20;19684,088;8905,700;780,075;0,000;9224,688;221,350;1345,863
2020-01-12;21;19343,900;8761,175;708,288;0,000;9190,125;59,350;1345,875
2020-01-12;22;18497,225;8094,338;230,963;0,000;9080,750;-8,400;1345,488
2020-01-12;23;17820,438;7751,450;-9,013;0,000;9179,063;-419,950;1325,700
2020-01-12;24;16861,750;7412,650;-110,813;0,000;9157,000;-506,463;921,963
