Data;Godzina;Krajowe zapotrzebowanie na moc;Sumaryczna generacja JWCD;Generacja PI;Generacja IRZ;Sumaryczna generacja nJWCD;Krajowe saldo wymiany miêdzysystemowej równoleg³ej;Krajowe saldo wymiany miêdzysystemowej nierównoleg³ej
2020-02-14;1;18269,538;10692,538;-13,888;0,000;6790,050;64,175;735,175
2020-02-14;2;17638,175;10594,450;-19,550;0,000;6598,450;-35,813;506,150
2020-02-14;3;17261,163;10363,350;-20,600;0,000;6464,638;-28,263;486,613
2020-02-14;4;17349,550;10681,563;-210,488;0,000;6326,863;83,400;471,038
2020-02-14;5;17668,700;10902,225;-347,775;0,000;6206,475;352,925;564,163
2020-02-14;6;18490,038;11388,363;-170,663;0,000;6120,913;569,863;590,138
2020-02-14;7;21019,963;13880,875;-7,888;0,000;5979,450;763,100;399,288
2020-02-14;8;22729,050;15276,913;-7,138;33,888;6017,363;1140,063;299,488
2020-02-14;9;23756,025;15943,663;10,475;90,150;6040,150;1448,563;326,563
2020-02-14;10;24130,625;16132,363;113,338;143,413;6044,225;1442,088;525,363
2020-02-14;11;24098,700;16116,913;249,863;148,175;5953,588;1343,175;696,963
2020-02-14;12;24396,488;16595,825;143,638;148,338;5949,950;1097,375;758,525
2020-02-14;13;24565,975;17003,675;-4,775;148,575;5906,000;901,375;757,875
2020-02-14;14;24469,713;16843,713;-7,450;148,288;5897,688;976,350;758,000
2020-02-14;15;23999,750;16420,563;-7,125;148,400;5880,188;949,675;752,363
2020-02-14;16;23657,063;15950,588;-6,913;147,188;5916,613;1041,938;747,688
2020-02-14;17;23602,700;15903,875;91,688;115,988;6003,838;944,750;746,550
2020-02-14;18;24363,813;16090,500;123,675;108,938;6095,025;1414,150;757,188
2020-02-14;19;24145,925;15885,738;189,863;108,500;6122,825;1384,113;757,938
2020-02-14;20;23917,575;15514,363;274,925;13,638;6138,000;1514,175;755,713
2020-02-14;21;23121,175;14910,388;319,113;0,000;5964,513;1469,038;782,713
2020-02-14;22;21650,413;13149,225;294,288;0,000;5773,125;1466,813;1265,950
2020-02-14;23;20157,100;11591,250;52,713;0,000;5714,350;1514,175;1345,263
2020-02-14;24;18937,525;10615,763;-9,538;0,000;5701,963;1274,113;1355,800
