Data;Godzina;Krajowe zapotrzebowanie na moc;Sumaryczna generacja JWCD;Generacja PI;Generacja IRZ;Sumaryczna generacja nJWCD;Krajowe saldo wymiany miêdzysystemowej równoleg³ej;Krajowe saldo wymiany miêdzysystemowej nierównoleg³ej
2020-12-30;1;16400,913;8937,475;-1067,838;0,000;8698,550;-402,675;240,263
2020-12-30;2;15796,600;8801,613;-1136,763;0,000;8422,463;-677,150;391,813
2020-12-30;3;15518,388;8867,488;-1131,288;0,000;8050,438;-698,513;428,313
2020-12-30;4;15472,475;8783,650;-1126,588;0,000;7871,638;-420,200;363,588
2020-12-30;5;15780,000;9004,613;-1066,100;0,000;7908,988;-490,625;425,750
2020-12-30;6;16325,000;9348,288;-803,025;0,000;7780,225;-132,638;140,125
2020-12-30;7;18109,150;10021,038;-196,513;0,000;7679,063;440,113;170,850
2020-12-30;8;19567,325;11092,163;-5,150;0,000;7522,700;598,813;365,775
2020-12-30;9;20422,938;11529,550;-7,288;0,000;7420,975;829,988;656,450
2020-12-30;10;21240,988;12025,663;10,650;0,000;7430,900;1091,813;708,725
2020-12-30;11;21711,388;12361,213;6,125;0,000;7332,700;1405,813;632,700
2020-12-30;12;21781,613;12782,213;30,175;0,000;6814,925;1505,563;696,250
2020-12-30;13;21605,175;12746,625;54,063;0,000;6485,813;1461,513;946,563
2020-12-30;14;21611,050;12787,275;25,325;0,000;6361,613;1479,550;1001,788
2020-12-30;15;21326,900;12606,275;-7,225;0,000;6251,263;1473,600;1009,363
2020-12-30;16;21386,425;12580,575;491,663;0,000;6353,763;1584,600;881,000
2020-12-30;17;22134,825;12926,650;826,163;0,000;6645,350;1645,100;924,250
2020-12-30;18;22141,763;12926,838;775,525;0,000;6893,038;1512,413;812,063
2020-12-30;19;21800,475;12542,988;759,188;0,000;7099,100;1507,350;658,463
2020-12-30;20;21468,988;11780,763;733,350;0,000;7119,788;1525,125;1055,363
2020-12-30;21;20909,363;11343,713;698,475;0,000;6960,475;1520,825;1094,888
2020-12-30;22;19784,025;10337,100;384,700;0,000;6991,450;1454,725;1014,663
2020-12-30;23;18577,100;9553,363;255,500;0,000;6839,088;1113,675;1079,163
2020-12-30;24;17285,150;8983,250;-10,750;0,000;6815,038;751,275;751,563
