Data;Godzina;Krajowe zapotrzebowanie na moc;Sumaryczna generacja JWCD;Generacja PI;Generacja IRZ;Sumaryczna generacja nJWCD;Krajowe saldo wymiany miêdzysystemowej równoleg³ej;Krajowe saldo wymiany miêdzysystemowej nierównoleg³ej
2020-02-09;1;16212,850;7446,588;-12,938;78,912;7616,238;524,713;644,700
2020-02-09;2;15667,175;7243,238;-12,613;77,738;7573,688;271,675;590,725
2020-02-09;3;15330,863;7410,038;-133,475;77,037;7588,788;81,650;387,113
2020-02-09;4;15182,550;7376,788;-151,038;78,113;7642,800;32,900;284,938
2020-02-09;5;15201,463;7335,313;-150,788;78,788;7711,863;83,113;221,638
2020-02-09;6;15346,013;7401,450;-150,975;78,863;7746,063;211,038;142,888
2020-02-09;7;15685,475;7413,438;-30,388;80,025;7812,713;209,775;284,913
2020-02-09;8;15809,763;7048,863;-12,900;77,988;7892,775;305,875;587,013
2020-02-09;9;16546,463;7315,913;15,963;77,412;7808,950;809,125;634,000
2020-02-09;10;17117,388;7861,563;267,375;76,950;7494,738;1025,238;756,175
2020-02-09;11;17318,400;8268,000;201,600;77,538;7325,188;972,525;766,488
2020-02-09;12;17243,900;8255,438;185,075;78,513;7489,313;765,763;749,050
2020-02-09;13;17229,813;7854,838;81,250;76,700;7935,188;701,900;755,550
2020-02-09;14;17328,738;7687,688;1,538;78,850;8363,088;529,913;766,700
2020-02-09;15;17179,000;7535,388;1,975;80,600;8871,213;28,388;758,188
2020-02-09;16;17192,413;7597,513;93,550;76,638;9259,088;-404,763;749,513
2020-02-09;17;17568,800;7480,488;84,250;77,787;9652,275;-309,875;756,813
2020-02-09;18;19019,463;8487,000;99,375;76,625;9999,650;-210,750;750,725
2020-02-09;19;19467,950;8846,150;214,713;76,750;10071,513;-176,775;734,088
2020-02-09;20;19534,913;8970,588;395,325;79,275;10066,663;-94,425;595,750
2020-02-09;21;19109,400;8686,138;319,400;79,950;9939,613;10,425;488,188
2020-02-09;22;18206,450;8232,138;129,063;77,913;9945,825;-246,363;293,850
2020-02-09;23;17565,213;7507,763;-11,163;77,412;10083,138;-457,263;449,088
2020-02-09;24;16603,113;6572,575;-78,550;78,525;10020,538;-261,938;356,925
