Data;Godzina;Krajowe zapotrzebowanie na moc;Sumaryczna generacja JWCD;Generacja PI;Generacja IRZ;Sumaryczna generacja nJWCD;Krajowe saldo wymiany miêdzysystemowej równoleg³ej;Krajowe saldo wymiany miêdzysystemowej nierównoleg³ej
2020-10-10;1;16917,738;10059,863;-6,838;0,000;4746,375;1375,463;751,075
2020-10-10;2;16200,413;9756,063;-12,688;0,000;4860,788;992,550;611,900
2020-10-10;3;15848,088;9705,463;-12,775;0,000;4981,200;575,588;603,800
2020-10-10;4;15753,900;9766,625;-13,038;0,000;4947,463;445,963;611,025
2020-10-10;5;15844,438;9775,950;-12,413;0,000;5019,763;457,425;609,200
2020-10-10;6;15971,975;9841,525;-12,513;0,000;5008,038;530,688;613,750
2020-10-10;7;16918,250;10012,350;-12,925;0,000;5099,613;1185,763;642,025
2020-10-10;8;17757,513;10515,538;-10,500;0,000;5314,625;1185,750;758,638
2020-10-10;9;19076,700;11473,038;-6,438;0,000;5355,275;1447,300;808,150
2020-10-10;10;19773,638;12239,800;-7,125;0,000;5242,950;1487,763;811,913
2020-10-10;11;20074,175;12556,750;-7,213;0,000;5253,363;1477,613;807,438
2020-10-10;12;20161,488;12592,750;-6,488;0,000;5315,438;1472,150;804,713
2020-10-10;13;20092,500;12438,300;-6,050;0,000;5277,038;1580,213;809,775
2020-10-10;14;19866,563;12269,925;-6,200;0,000;5307,838;1480,088;821,425
2020-10-10;15;19373,525;11722,263;-6,050;0,000;5279,888;1569,263;809,150
2020-10-10;16;19066,875;11714,788;79,888;0,000;5093,138;1461,550;797,263
2020-10-10;17;18779,713;11711,850;134,663;0,000;4982,163;1294,638;795,775
2020-10-10;18;18963,688;11798,588;180,100;0,000;4949,188;1420,000;801,788
2020-10-10;19;19986,813;12606,588;316,738;0,000;5217,825;1361,113;805,688
2020-10-10;20;20235,125;12507,188;483,888;0,000;5481,325;1449,850;800,663
2020-10-10;21;19465,663;11448,338;549,050;0,000;5595,700;1629,000;803,950
2020-10-10;22;18285,338;10453,425;372,663;0,000;5471,763;1564,963;804,700
2020-10-10;23;17057,450;9781,263;8,425;0,000;5306,000;1175,513;812,238
2020-10-10;24;16073,038;9569,375;-9,313;0,000;5164,088;564,850;789,638
