Data;Godzina;Krajowe zapotrzebowanie na moc;Sumaryczna generacja JWCD;Generacja PI;Generacja IRZ;Sumaryczna generacja nJWCD;Krajowe saldo wymiany miêdzysystemowej równoleg³ej;Krajowe saldo wymiany miêdzysystemowej nierównoleg³ej
2020-06-12;1;13122,575;8078,663;-14,538;119,800;3046,300;1275,850;742,350
2020-06-12;2;12640,825;8354,175;-241,888;121,538;3109,025;968,275;447,263
2020-06-12;3;12384,538;8373,338;-348,663;120,975;3272,075;706,500;385,763
2020-06-12;4;12315,900;8357,825;-364,713;121,338;3307,038;677,338;340,450
2020-06-12;5;11981,263;8581,400;-482,650;120,000;3211,325;468,825;201,600
2020-06-12;6;12383,125;8825,200;-415,013;120,525;3096,875;482,788;396,925
2020-06-12;7;14199,225;9983,638;-32,575;120,400;3173,000;475,563;599,488
2020-06-12;8;15778,050;10573,388;-7,225;120,188;3234,738;1214,988;759,800
2020-06-12;9;17022,563;10980,375;80,175;120,425;3440,200;1745,725;862,263
2020-06-12;10;17814,525;11681,700;208,825;120,413;3623,400;1479,350;1045,725
2020-06-12;11;18093,913;11645,663;90,025;120,025;3785,925;1545,313;1125,050
2020-06-12;12;18301,163;11781,025;73,500;120,300;3944,500;1453,275;1125,750
2020-06-12;13;18327,325;11830,600;333,413;25,275;4085,400;1281,938;1135,613
2020-06-12;14;18320,650;11699,138;354,375;0,000;4108,525;1298,250;1218,988
2020-06-12;15;18119,525;11462,363;289,438;0,000;4237,550;1233,675;1192,775
2020-06-12;16;18067,038;11569,950;259,875;0,000;4283,050;1014,000;1205,400
2020-06-12;17;17848,375;11288,700;253,600;0,000;4159,238;1138,775;1269,088
2020-06-12;18;17646,950;10954,163;276,300;0,000;4037,500;1349,613;1314,225
2020-06-12;19;17386,975;10603,513;224,450;0,000;3955,650;1532,575;1303,688
2020-06-12;20;17573,438;10666,588;114,263;0,000;3931,313;1774,238;1205,850
2020-06-12;21;17482,638;10643,388;48,463;0,000;3982,038;1661,838;1205,850
2020-06-12;22;17594,125;10416,713;-2,425;0,000;4361,063;1611,588;1217,413
2020-06-12;23;17080,400;9616,538;-7,213;0,000;4653,188;1605,313;1221,275
2020-06-12;24;15673,638;8425,913;-115,200;0,000;4569,175;1596,113;1198,550
