Data;Godzina;Krajowe zapotrzebowanie na moc;Sumaryczna generacja JWCD;Generacja PI;Generacja IRZ;Sumaryczna generacja nJWCD;Krajowe saldo wymiany miêdzysystemowej równoleg³ej;Krajowe saldo wymiany miêdzysystemowej nierównoleg³ej
2020-01-29;1;18202,475;9139,338;-476,463;0,000;9267,438;-83,613;357,713
2020-01-29;2;17562,663;8957,700;-880,000;0,000;9261,175;-16,300;244,025
2020-01-29;3;17227,825;9023,100;-1142,300;0,000;9144,838;-40,575;244,825
2020-01-29;4;17347,013;9181,438;-1252,600;0,000;9174,300;-43,425;288,863
2020-01-29;5;17647,575;9308,588;-1265,013;0,000;9328,963;39,713;250,800
2020-01-29;6;18421,350;9565,550;-844,625;0,000;9409,400;56,913;244,838
2020-01-29;7;21023,738;10973,738;-75,250;0,000;9509,275;205,650;418,450
2020-01-29;8;22892,125;12926,750;-5,250;0,000;9656,938;-74,513;388,738
2020-01-29;9;23787,450;13343,413;-3,500;0,000;9800,225;-10,663;669,625
2020-01-29;10;24133,825;13537,925;14,463;0,000;9807,650;69,650;725,788
2020-01-29;11;24015,250;13882,188;199,313;0,000;9622,075;-201,225;727,113
2020-01-29;12;24409,975;14167,363;438,938;0,000;9477,400;45,950;726,688
2020-01-29;13;24392,975;14004,250;556,388;0,000;9391,650;293,900;721,000
2020-01-29;14;24523,163;14127,838;491,575;0,000;9326,300;473,438;604,475
2020-01-29;15;24257,538;14245,413;361,800;0,000;9268,275;196,875;545,450
2020-01-29;16;23981,288;14298,188;368,950;0,000;9001,788;113,788;553,825
2020-01-29;17;24254,863;14532,188;458,713;0,000;8950,938;212,113;567,138
2020-01-29;18;24809,675;14742,800;804,225;0,000;9179,788;207,600;677,575
2020-01-29;19;24447,463;14173,325;567,288;0,000;9247,475;308,500;720,488
2020-01-29;20;24344,350;13976,425;253,713;0,000;9192,025;474,500;717,913
2020-01-29;21;23587,000;13131,588;7,325;0,000;9277,363;476,475;725,650
2020-01-29;22;22007,338;11879,600;-10,025;0,000;9132,975;366,450;644,850
2020-01-29;23;20435,988;10530,700;-9,863;0,000;9147,800;278,900;488,500
2020-01-29;24;19232,650;9764,688;-9,888;0,000;9175,975;-290,875;595,525
