Data;Godzina;Krajowe zapotrzebowanie na moc;Sumaryczna generacja JWCD;Generacja PI;Generacja IRZ;Sumaryczna generacja nJWCD;Krajowe saldo wymiany miêdzysystemowej równoleg³ej;Krajowe saldo wymiany miêdzysystemowej nierównoleg³ej
2020-01-10;1;17964,825;10411,313;-373,650;75,000;7246,613;-81,963;777,738
2020-01-10;2;17350,375;11064,363;-856,700;75,925;7043,588;-634,188;737,013
2020-01-10;3;17144,425;11106,088;-1066,463;77,487;6964,163;-583,900;736,763
2020-01-10;4;17094,538;11157,325;-1077,563;74,825;6848,175;-572,188;745,263
2020-01-10;5;17360,350;11211,000;-1057,075;76,575;6810,650;-458,313;866,663
2020-01-10;6;18154,863;11291,488;-716,738;75,650;6764,713;70,550;755,413
2020-01-10;7;20983,150;12898,413;-56,713;75,550;6898,425;97,825;1148,138
2020-01-10;8;22944,988;14193,275;-7,025;75,475;7149,238;247,700;1352,738
2020-01-10;9;23680,488;14958,738;19,513;75,663;7297,563;60,163;1371,650
2020-01-10;10;23974,188;15066,288;41,488;75,413;7504,413;45,775;1370,700
2020-01-10;11;23785,200;14751,388;119,750;74,388;7634,850;42,163;1372,350
2020-01-10;12;24026,250;14605,488;246,613;75,200;7893,088;169,888;1370,350
2020-01-10;13;24044,813;14220,238;238,688;75,000;8203,713;342,225;1289,063
2020-01-10;14;23939,188;13781,500;218,175;76,425;8620,450;245,238;1307,388
2020-01-10;15;23540,438;13260,313;5,175;74,163;8872,313;178,100;1237,200
2020-01-10;16;23434,025;13045,750;-6,675;77,200;9026,675;149,913;1219,988
2020-01-10;17;24196,538;13567,813;64,975;77,187;9148,575;117,213;1362,038
2020-01-10;18;24368,988;13845,663;188,150;76,200;8986,488;161,650;1370,863
2020-01-10;19;23951,388;13467,963;390,475;76,325;9128,925;1,963;1357,238
2020-01-10;20;23767,750;13111,863;336,125;77,875;9178,975;129,513;1356,750
2020-01-10;21;23164,763;12422,588;33,863;73,662;9064,713;339,875;1355,125
2020-01-10;22;21732,613;11853,325;389,200;8,388;8716,813;-144,950;1324,275
2020-01-10;23;20138,625;11020,688;257,563;0,000;8267,525;-72,800;946,063
2020-01-10;24;19002,350;10665,038;37,675;0,000;8217,150;-588,538;729,063
