Data;Godzina;Krajowe zapotrzebowanie na moc;Sumaryczna generacja JWCD;Generacja PI;Generacja IRZ;Sumaryczna generacja nJWCD;Krajowe saldo wymiany miêdzysystemowej równoleg³ej;Krajowe saldo wymiany miêdzysystemowej nierównoleg³ej
2020-12-25;1;14262,225;6955,188;-245,225;0,000;7648,025;-147,325;58,375
2020-12-25;2;13470,638;6674,625;-494,200;0,000;7394,225;-115,950;18,638
2020-12-25;3;12939,388;6534,475;-686,100;0,000;7321,800;-234,575;9,750
2020-12-25;4;12640,525;6371,975;-684,925;0,000;7226,625;-287,675;19,313
2020-12-25;5;12795,363;6413,363;-562,975;0,000;7105,625;-166,263;10,413
2020-12-25;6;12925,325;6291,650;-426,150;0,000;6990,363;53,325;17,575
2020-12-25;7;13357,175;6584,850;-210,313;0,000;6985,638;-26,800;24,913
2020-12-25;8;13599,700;6665,925;-12,663;0,000;6975,550;-32,825;8,575
2020-12-25;9;14149,800;7127,238;-13,300;0,000;7069,588;-106,113;70,963
2020-12-25;10;15234,788;7618,363;-13,475;0,000;7151,238;237,413;238,475
2020-12-25;11;15782,363;7225,988;4,113;0,000;7196,650;864,888;507,488
2020-12-25;12;16111,288;7055,175;120,138;0,000;7273,300;1044,425;749,800
2020-12-25;13;16229,725;7129,088;243,125;0,000;7223,113;1009,238;890,650
2020-12-25;14;16295,025;7227,375;272,388;0,000;7014,238;1000,425;1071,725
2020-12-25;15;16026,013;7283,638;193,675;0,000;6906,463;854,550;995,200
2020-12-25;16;15802,450;7103,900;125,925;0,000;6726,175;985,563;996,975
2020-12-25;17;16428,213;7519,225;349,800;0,000;6945,638;1120,013;854,963
2020-12-25;18;16539,150;7869,513;454,175;0,000;7166,138;1024,900;488,913
2020-12-25;19;16578,188;7787,713;538,525;0,000;7409,425;961,150;433,200
2020-12-25;20;16566,200;7473,088;427,913;0,000;7425,925;825,000;852,063
2020-12-25;21;16439,988;7658,588;286,675;0,000;7275,138;688,063;834,863
2020-12-25;22;16045,500;7961,425;192,463;0,000;7249,763;365,025;482,875
2020-12-25;23;15532,113;7821,063;9,113;0,000;7339,188;-185,900;576,625
2020-12-25;24;14767,113;7597,963;-13,263;0,000;7375,338;-243,000;63,763
