Data;Godzina;Krajowe zapotrzebowanie na moc;Sumaryczna generacja JWCD;Generacja PI;Generacja IRZ;Sumaryczna generacja nJWCD;Krajowe saldo wymiany miêdzysystemowej równoleg³ej;Krajowe saldo wymiany miêdzysystemowej nierównoleg³ej
2020-03-17;1;17306,163;9893,200;82,988;0,000;6790,750;238,263;430,063
2020-03-17;2;16861,550;10434,475;-299,075;0,000;6499,200;-220,213;449,513
2020-03-17;3;16619,313;10399,800;-348,563;0,000;6313,625;-210,925;468,125
2020-03-17;4;16719,825;10519,713;-347,425;0,000;6138,913;-36,138;441,950
2020-03-17;5;16938,900;10425,938;-347,400;0,000;6003,238;332,738;528,263
2020-03-17;6;17251,975;10436,400;-420,575;0,000;5980,650;415,638;839,088
2020-03-17;7;18927,513;11277,838;-271,738;0,000;6034,075;869,050;1028,050
2020-03-17;8;20776,938;12585,013;-6,775;0,000;5818,138;1362,563;1022,888
2020-03-17;9;21494,250;13231,288;-6,275;0,000;5624,525;1527,338;1121,750
2020-03-17;10;21502,625;13310,100;38,113;0,000;5608,350;1414,788;1181,988
2020-03-17;11;21235,050;12906,675;115,025;0,000;5642,400;1408,825;1290,388
2020-03-17;12;21421,850;12914,875;108,713;0,000;5724,338;1466,025;1319,875
2020-03-17;13;21467,663;13115,588;108,325;0,000;5736,375;1316,850;1312,538
2020-03-17;14;21483,825;13021,925;11,150;0,000;5842,613;1302,975;1325,688
2020-03-17;15;20940,888;12489,163;-2,475;0,000;5842,288;1282,675;1325,388
2020-03-17;16;20646,775;12134,413;52,775;0,000;5729,113;1464,488;1323,875
2020-03-17;17;20628,013;12316,188;174,388;0,000;5513,925;1466,088;1325,288
2020-03-17;18;21044,813;12836,925;36,088;0,000;5448,638;1440,363;1325,525
2020-03-17;19;22339,925;13814,075;94,088;0,000;5761,125;1438,113;1323,538
2020-03-17;20;22528,175;13817,488;140,163;0,000;5980,713;1416,938;1323,388
2020-03-17;21;21919,363;12997,763;252,075;0,000;6053,288;1554,963;1324,250
2020-03-17;22;20396,050;11369,425;65,175;0,000;6203,613;1508,775;1324,775
2020-03-17;23;19060,138;10569,363;45,800;0,000;6390,313;807,013;1313,663
2020-03-17;24;17926,000;9919,238;19,238;0,000;6360,100;538,450;1129,375
