Data;Godzina;Krajowe zapotrzebowanie na moc;Sumaryczna generacja JWCD;Generacja PI;Generacja IRZ;Sumaryczna generacja nJWCD;Krajowe saldo wymiany miêdzysystemowej równoleg³ej;Krajowe saldo wymiany miêdzysystemowej nierównoleg³ej
2020-02-03;1;15739,363;7936,788;-35,813;0,000;7562,175;71,800;208,538
2020-02-03;2;15360,575;8140,238;-535,188;0,000;7440,638;59,975;262,275
2020-02-03;3;15123,775;8524,238;-1052,825;0,000;7380,363;12,613;266,225
2020-02-03;4;15194,613;8687,825;-1054,763;0,000;7315,138;166,513;85,925
2020-02-03;5;15669,113;9214,963;-1026,063;0,000;7212,388;179,563;95,363
2020-02-03;6;16774,050;9925,100;-764,463;0,000;7234,188;34,125;359,400
2020-02-03;7;19958,413;11817,300;-45,313;0,000;7399,713;296,638;500,463
2020-02-03;8;22096,238;13481,413;-6,250;0,000;7424,250;487,600;706,800
2020-02-03;9;23147,638;14266,175;146,838;0,000;7421,088;755,363;718,050
2020-02-03;10;23479,488;14804,063;329,450;0,000;7241,438;728,238;718,550
2020-02-03;11;23424,363;14674,313;37,388;0,000;7228,738;819,363;718,488
2020-02-03;12;23656,725;14877,488;-6,688;0,000;7313,650;773,688;708,775
2020-02-03;13;23713,788;14871,200;-6,825;0,000;7326,250;807,975;726,000
2020-02-03;14;23744,150;15040,550;40,625;0,000;7176,775;826,125;720,500
2020-02-03;15;23444,088;14883,288;-6,888;0,000;6990,613;858,475;725,313
2020-02-03;16;23143,100;14883,588;-6,500;0,000;6765,863;793,900;714,100
2020-02-03;17;23447,900;15107,163;135,775;0,000;6790,350;843,838;713,388
2020-02-03;18;24265,650;15790,463;663,100;0,000;6923,713;832,900;727,175
2020-02-03;19;24003,100;15154,138;755,988;0,000;7182,550;949,600;717,863
2020-02-03;20;23786,625;14871,775;721,038;0,000;7369,675;839,538;712,288
2020-02-03;21;23022,338;14100,388;591,238;0,000;7411,825;835,950;685,063
2020-02-03;22;21432,338;12405,675;287,763;0,000;7546,938;784,700;704,850
2020-02-03;23;20019,588;10863,025;-6,888;0,000;7677,613;801,000;696,388
2020-02-03;24;18805,388;9912,775;-98,650;0,000;7515,438;822,663;664,963
