Data;Godzina;Krajowe zapotrzebowanie na moc;Sumaryczna generacja JWCD;Generacja PI;Generacja IRZ;Sumaryczna generacja nJWCD;Krajowe saldo wymiany miêdzysystemowej równoleg³ej;Krajowe saldo wymiany miêdzysystemowej nierównoleg³ej
2020-08-31;1;14005,500;9131,675;-11,838;0,000;4263,813;221,513;406,300
2020-08-31;2;13601,350;8973,725;-109,050;0,000;4402,800;-8,863;346,263
2020-08-31;3;13463,988;9193,275;-609,963;0,000;4553,175;-70,113;401,425
2020-08-31;4;13521,550;9155,000;-683,238;0,000;4816,875;-198,838;435,975
2020-08-31;5;13775,688;9592,188;-681,513;0,000;4760,475;-104,438;215,788
2020-08-31;6;14479,925;10040,550;-438,613;0,000;4736,438;-58,488;208,375
2020-08-31;7;16971,225;11404,650;-49,388;0,000;5004,325;114,763;503,738
2020-08-31;8;19244,238;13342,713;-7,250;0,000;5313,338;172,388;425,950
2020-08-31;9;20643,588;13886,275;-7,300;0,000;5474,525;876,113;414,038
2020-08-31;10;21178,650;13999,638;-4,113;0,000;5598,725;1038,538;552,025
2020-08-31;11;21294,200;14176,663;-3,575;0,000;5840,063;867,925;420,525
2020-08-31;12;21656,375;14031,100;-3,513;0,000;6266,713;844,588;524,525
2020-08-31;13;21660,300;14101,938;41,400;0,000;6070,475;855,913;640,900
2020-08-31;14;21476,863;13803,300;2,888;0,000;5803,263;850,100;1021,588
2020-08-31;15;21066,163;13662,725;-3,675;0,000;5623,788;858,050;927,000
2020-08-31;16;20797,163;13595,400;-3,575;0,000;5208,463;750,388;1248,325
2020-08-31;17;20484,400;13622,225;-3,663;0,000;4718,238;1096,763;1058,588
2020-08-31;18;20186,338;13813,275;-3,513;0,000;4380,713;1136,150;862,138
2020-08-31;19;20089,538;14549,775;165,575;0,000;4092,288;738,125;710,263
2020-08-31;20;20864,988;15301,013;358,975;0,000;3962,338;1001,950;594,813
2020-08-31;21;21472,650;15217,163;379,550;0,000;3964,425;1109,338;1188,700
2020-08-31;22;20030,988;13306,075;91,950;0,000;3973,550;1502,825;1269,413
2020-08-31;23;18236,900;11223,825;3,325;0,000;4081,438;1672,263;1273,250
2020-08-31;24;16850,388;10319,363;-6,375;0,000;3971,438;1322,550;1251,025
