Data;Godzina;Krajowe zapotrzebowanie na moc;Sumaryczna generacja JWCD;Generacja PI;Generacja IRZ;Sumaryczna generacja nJWCD;Krajowe saldo wymiany miêdzysystemowej równoleg³ej;Krajowe saldo wymiany miêdzysystemowej nierównoleg³ej
2020-08-08;1;15916,663;8564,588;-131,300;0,000;5093,500;1126,413;1268,475
2020-08-08;2;15111,625;8316,213;-292,738;0,000;5021,813;803,213;1266,088
2020-08-08;3;14720,963;8381,763;-351,888;0,000;4765,175;762,950;1162,825
2020-08-08;4;14584,600;8466,738;-351,600;0,000;4457,375;819,150;1193,500
2020-08-08;5;14393,613;8586,050;-350,875;0,000;4161,000;722,375;1275,550
2020-08-08;6;13993,588;8469,925;-350,825;0,000;4047,638;553,563;1275,988
2020-08-08;7;15032,463;9060,700;-272,638;0,000;4112,100;850,913;1280,425
2020-08-08;8;16665,163;10185,438;-26,613;0,000;4260,413;961,288;1282,338
2020-08-08;9;18188,913;11537,475;-9,900;0,000;4240,963;1132,525;1285,238
2020-08-08;10;19218,313;12276,650;115,938;0,000;4479,488;1184,663;1285,425
2020-08-08;11;19591,713;12427,700;67,063;0,000;4778,325;1105,000;1284,250
2020-08-08;12;19719,638;12301,913;156,688;0,000;4980,913;1160,200;1286,075
2020-08-08;13;19622,650;12051,050;297,138;0,000;5055,363;1245,175;1282,288
2020-08-08;14;19311,163;11801,575;256,363;0,000;4921,325;1314,763;1283,125
2020-08-08;15;18662,825;11497,025;-3,625;0,000;4680,000;1208,188;1285,950
2020-08-08;16;18393,113;11371,400;61,425;0,000;4462,650;1275,150;1283,613
2020-08-08;17;18060,600;11324,713;98,350;0,000;4250,050;1210,388;1279,125
2020-08-08;18;17997,825;11475,013;-7,400;0,000;4022,000;1232,438;1275,963
2020-08-08;19;17930,363;11676,913;-7,400;0,000;3771,688;1208,350;1279,513
2020-08-08;20;18003,475;11887,675;80,663;0,000;3676,413;1158,463;1280,913
2020-08-08;21;18314,288;11916,650;247,050;0,000;3881,488;1240,900;1277,650
2020-08-08;22;18216,563;11984,975;378,225;0,000;4059,663;899,863;1278,000
2020-08-08;23;17010,838;10571,425;53,888;0,000;4091,750;1081,025;1275,613
2020-08-08;24;15672,475;9415,550;-7,300;0,000;4063,600;934,238;1267,525
