Data;Godzina;Krajowe zapotrzebowanie na moc;Sumaryczna generacja JWCD;Generacja PI;Generacja IRZ;Sumaryczna generacja nJWCD;Krajowe saldo wymiany miêdzysystemowej równoleg³ej;Krajowe saldo wymiany miêdzysystemowej nierównoleg³ej
2020-08-23;1;14535,963;8775,063;-11,913;0,000;3992,075;860,163;925,450
2020-08-23;2;13918,425;8843,575;-12,300;0,000;3989,088;141,513;962,288
2020-08-23;3;13596,400;8909,400;-12,388;0,000;3845,063;-94,100;950,063
2020-08-23;4;13403,025;8919,250;-12,325;0,000;3781,325;89,150;629,700
2020-08-23;5;13288,838;8838,088;-12,088;0,000;3854,500;-152,963;761,000
2020-08-23;6;12965,988;8884,538;-12,425;0,000;3954,663;-324,600;466,488
2020-08-23;7;13104,650;8735,000;-12,400;0,000;4062,638;-194,588;515,588
2020-08-23;8;13817,375;8628,113;-12,738;0,000;4123,750;307,113;775,663
2020-08-23;9;14757,338;9017,338;-9,800;0,000;4066,813;645,213;1044,200
2020-08-23;10;15530,600;9038,138;-6,113;0,000;4301,175;941,263;1257,225
2020-08-23;11;16080,138;9304,938;22,838;0,000;4626,088;881,813;1273,788
2020-08-23;12;16224,650;9029,388;46,363;0,000;5161,163;763,488;1274,625
2020-08-23;13;16245,100;8853,263;146,238;0,000;5482,213;640,313;1274,325
2020-08-23;14;16213,163;8632,188;87,663;0,000;5535,288;776,588;1273,913
2020-08-23;15;15892,263;8362,513;-2,650;0,000;5552,850;734,963;1251,088
2020-08-23;16;15554,100;8256,000;-2,475;0,000;5246,213;807,813;1250,175
2020-08-23;17;15356,088;8214,213;-2,550;0,000;5123,300;781,988;1242,375
2020-08-23;18;15400,688;8552,625;-3,738;0,000;4728,350;899,875;1220,338
2020-08-23;19;15642,213;8720,075;-5,925;0,000;4359,288;1380,325;1191,788
2020-08-23;20;16193,638;9364,213;38,338;0,000;4099,500;1474,663;1264,113
2020-08-23;21;17292,600;10419,938;44,350;0,000;4156,600;1445,000;1276,275
2020-08-23;22;16922,850;9867,463;0,113;0,000;4314,975;1488,663;1264,088
2020-08-23;23;16036,700;8917,600;-6,275;0,000;4311,163;1552,575;1264,925
2020-08-23;24;14953,038;8744,125;-5,600;0,000;4340,550;972,388;911,388
