Data;Godzina;Krajowe zapotrzebowanie na moc;Sumaryczna generacja JWCD;Generacja PI;Generacja IRZ;Sumaryczna generacja nJWCD;Krajowe saldo wymiany miêdzysystemowej równoleg³ej;Krajowe saldo wymiany miêdzysystemowej nierównoleg³ej
2020-10-30;1;17550,713;10268,300;-417,663;0,000;7179,563;-28,525;561,900
2020-10-30;2;17115,575;10663,350;-737,913;0,000;6923,250;-244,138;520,713
2020-10-30;3;16807,413;10476,675;-752,913;0,000;6867,700;-299,475;523,175
2020-10-30;4;16883,013;10616,550;-751,000;0,000;6704,075;-198,713;519,950
2020-10-30;5;17126,813;10835,438;-617,163;0,000;6608,113;-94,725;397,838
2020-10-30;6;17761,638;10973,963;-380,488;0,000;6599,850;210,950;368,438
2020-10-30;7;19707,713;11954,325;-33,450;0,000;6657,450;508,663;632,813
2020-10-30;8;21603,038;13627,863;10,800;0,000;6733,338;812,725;453,663
2020-10-30;9;22644,350;14363,950;14,663;0,000;6661,513;1179,913;457,513
2020-10-30;10;23043,350;14900,225;17,125;0,000;6662,750;1022,938;477,638
2020-10-30;11;23108,700;14929,775;31,613;0,000;6708,963;980,188;506,250
2020-10-30;12;23517,675;15118,313;275,950;0,000;6654,188;1210,450;551,575
2020-10-30;13;23508,688;14886,250;295,725;0,000;6490,713;1318,650;831,075
2020-10-30;14;23205,788;14894,263;213,588;0,000;6120,663;1269,725;931,625
2020-10-30;15;22851,075;14688,025;-7,375;0,000;5861,963;1466,613;850,063
2020-10-30;16;22811,400;14715,975;-7,600;0,000;5852,388;1455,600;793,525
2020-10-30;17;23279,888;15104,700;151,775;0,000;5952,775;1450,825;783,550
2020-10-30;18;23735,100;15258,875;395,588;0,000;6070,313;1528,338;879,775
2020-10-30;19;23508,075;14818,288;344,413;0,000;6196,188;1585,775;918,475
2020-10-30;20;23206,888;14138,988;334,788;0,000;6099,113;1742,050;1237,088
2020-10-30;21;22402,763;13390,250;190,288;0,000;5963,088;1726,013;1336,275
2020-10-30;22;20972,575;12237,038;43,750;0,000;5754,150;1691,088;1310,525
2020-10-30;23;19405,563;11262,125;-7,625;0,000;5565,575;1298,313;1300,550
2020-10-30;24;18184,100;11101,638;-7,688;0,000;5345,488;532,113;1221,200
