Data;Godzina;Krajowe zapotrzebowanie na moc;Sumaryczna generacja JWCD;Generacja PI;Generacja IRZ;Sumaryczna generacja nJWCD;Krajowe saldo wymiany miêdzysystemowej równoleg³ej;Krajowe saldo wymiany miêdzysystemowej nierównoleg³ej
2020-03-18;1;17101,575;10154,525;48,138;0,000;6282,513;56,363;630,550
2020-03-18;2;16567,363;9600,175;-16,038;0,000;6387,375;22,088;580,063
2020-03-18;3;16277,288;9425,650;-16,000;0,000;6431,863;-141,775;580,913
2020-03-18;4;16228,850;9358,963;-16,025;0,000;6495,488;-185,425;581,750
2020-03-18;5;16432,900;9508,863;-89,150;0,000;6553,663;-158,700;628,875
2020-03-18;6;16722,938;9776,025;-337,863;0,000;6606,938;-418,188;1101,100
2020-03-18;7;18368,800;10497,138;-48,113;0,000;6878,213;183,475;861,388
2020-03-18;8;20282,638;11661,188;-6,850;0,000;7070,313;723,213;836,725
2020-03-18;9;21050,838;12002,875;112,625;0,000;6919,788;1130,188;1007,200
2020-03-18;10;20948,813;11456,750;310,813;0,000;7006,150;1273,288;1223,838
2020-03-18;11;20685,938;10507,550;198,688;0,000;7529,400;1388,250;1271,200
2020-03-18;12;20913,963;10394,350;235,213;0,000;7878,338;1362,900;1276,763
2020-03-18;13;20861,513;10467,100;317,188;0,000;8019,313;1067,050;1322,450
2020-03-18;14;20834,463;10466,613;280,038;0,000;7988,213;1069,013;1325,013
2020-03-18;15;20371,900;10165,725;81,863;0,000;7887,350;1012,275;1314,788
2020-03-18;16;20279,775;10174,675;-6,475;0,000;7734,163;1056,325;1325,575
2020-03-18;17;20267,638;10484,825;32,588;0,000;7391,538;1067,338;1326,088
2020-03-18;18;20713,850;11083,600;162,825;0,000;7263,400;1141,513;1226,350
2020-03-18;19;22016,688;12214,888;95,988;0,000;7308,175;1424,763;1065,563
2020-03-18;20;22440,188;12453,788;107,788;0,000;7501,950;1189,813;1297,688
2020-03-18;21;21660,913;11990,363;100,288;0,000;7491,775;874,413;1323,950
2020-03-18;22;20328,825;11089,463;4,925;0,000;7421,250;511,213;1323,138
2020-03-18;23;18882,875;10223,625;-6,363;0,000;7212,513;133,238;1323,588
2020-03-18;24;17820,063;9965,363;-10,088;0,000;6868,638;-298,938;1302,375
