Data;Godzina;Krajowe zapotrzebowanie na moc;Sumaryczna generacja JWCD;Generacja PI;Generacja IRZ;Sumaryczna generacja nJWCD;Krajowe saldo wymiany miêdzysystemowej równoleg³ej;Krajowe saldo wymiany miêdzysystemowej nierównoleg³ej
2020-11-02;1;14565,913;8182,813;-471,238;0,000;6535,263;-301,938;624,975
2020-11-02;2;14139,338;8238,225;-758,638;0,000;6618,425;-26,388;70,313
2020-11-02;3;14054,675;8068,463;-820,288;0,000;6822,575;-12,013;-3,963
2020-11-02;4;14106,350;7979,700;-817,713;0,000;6836,338;68,425;39,675
2020-11-02;5;14601,750;8462,325;-840,563;0,000;6935,550;-15,325;62,363
2020-11-02;6;15637,388;9054,825;-777,575;0,000;7034,963;-40,625;368,775
2020-11-02;7;18400,713;10391,275;-38,088;0,000;7193,063;160,200;692,513
2020-11-02;8;20565,813;12065,113;-6,875;0,000;7420,963;441,400;640,850
2020-11-02;9;22049,638;12817,650;10,638;0,000;7584,613;815,300;838,675
2020-11-02;10;22619,575;12915,088;63,950;0,000;7612,188;995,750;1104,663
2020-11-02;11;22886,113;13117,463;231,300;0,000;7605,563;1078,688;1097,113
2020-11-02;12;23242,813;13653,300;435,838;0,000;7663,300;845,200;1093,925
2020-11-02;13;23396,725;13969,713;439,463;0,000;7595,963;742,988;1099,213
2020-11-02;14;23329,875;14050,413;410,425;0,000;7479,600;715,375;1093,050
2020-11-02;15;22857,813;13898,013;405,338;0,000;7284,225;585,225;1098,550
2020-11-02;16;22825,613;14066,888;249,313;0,000;7105,350;583,763;1068,000
2020-11-02;17;23353,800;14485,150;243,238;0,000;7217,088;566,525;1091,500
2020-11-02;18;23688,475;14673,488;392,413;0,000;7298,763;610,413;1103,838
2020-11-02;19;23342,913;13767,063;45,125;0,000;7301,050;1169,050;1111,988
2020-11-02;20;23120,263;13243,938;13,813;0,000;7261,575;1532,350;1095,700
2020-11-02;21;22364,250;12500,200;9,513;0,000;7349,988;1471,538;1052,063
2020-11-02;22;20938,338;11499,238;-4,525;0,000;7342,725;1233,700;877,388
2020-11-02;23;19427,475;10492,013;99,763;0,000;7211,913;1109,900;621,075
2020-11-02;24;18221,413;9816,638;152,600;0,000;7149,138;730,238;540,125
