Data;Godzina;Krajowe zapotrzebowanie na moc;Sumaryczna generacja JWCD;Generacja PI;Generacja IRZ;Sumaryczna generacja nJWCD;Krajowe saldo wymiany miêdzysystemowej równoleg³ej;Krajowe saldo wymiany miêdzysystemowej nierównoleg³ej
2020-05-05;1;15012,788;8717,388;-30,413;258,625;4686,688;809,250;844,400
2020-05-05;2;14457,713;8696,975;-202,788;258,987;4798,125;446,150;724,950
2020-05-05;3;14110,425;8960,013;-340,100;258,750;4915,400;-195,363;771,500
2020-05-05;4;14104,350;8972,550;-396,800;259,000;5119,775;-312,113;723,500
2020-05-05;5;14288,763;9051,900;-396,275;259,475;5122,713;-184,463;698,925
2020-05-05;6;14300,338;8667,350;-347,513;258,837;5095,288;243,975;648,288
2020-05-05;7;16304,050;9680,513;-54,338;259,437;5135,738;734,838;805,250
2020-05-05;8;18401,338;11121,113;-6,925;258,250;5095,088;1322,525;866,025
2020-05-05;9;19640,175;12009,600;-6,950;258,950;5411,263;1538,775;693,138
2020-05-05;10;20085,500;12164,150;-6,738;259,175;5798,863;1470,550;656,800
2020-05-05;11;20221,988;12063,613;10,825;258,425;6057,875;1447,063;666,675
2020-05-05;12;20583,138;12309,838;12,875;259,225;6132,450;1503,888;645,600
2020-05-05;13;20657,900;12581,263;128,875;258,663;6065,300;1401,500;626,988
2020-05-05;14;20487,750;12347,225;129,600;258,150;6079,125;1450,975;626,025
2020-05-05;15;19844,750;11829,300;129,200;259,763;5960,238;1401,950;664,975
2020-05-05;16;19441,500;10970,475;129,138;260,775;6287,275;1407,175;784,413
2020-05-05;17;18977,625;10394,313;223,975;260,487;6214,163;1446,325;937,000
2020-05-05;18;18581,013;10250,875;388,075;260,238;5943,913;1433,875;960,200
2020-05-05;19;18560,175;10477,438;580,988;261,250;5728,000;1378,538;979,513
2020-05-05;20;18919,750;11023,513;716,638;261,012;5591,988;1319,388;984,538
2020-05-05;21;19523,150;11629,300;616,188;261,537;5556,975;1355,688;982,688
2020-05-05;22;18908,775;10725,963;347,138;260,525;5848,113;1364,463;980,325
2020-05-05;23;17498,063;9450,388;292,575;260,650;5935,050;1158,638;965,425
2020-05-05;24;16180,500;8474,838;85,000;261,038;6066,625;864,275;789,563
