Data;Godzina;Krajowe zapotrzebowanie na moc;Sumaryczna generacja JWCD;Generacja PI;Generacja IRZ;Sumaryczna generacja nJWCD;Krajowe saldo wymiany miêdzysystemowej równoleg³ej;Krajowe saldo wymiany miêdzysystemowej nierównoleg³ej
2020-07-15;1;15934,675;9734,963;-9,713;0,000;4843,275;610,775;762,125
2020-07-15;2;15257,988;9688,388;-9,913;0,000;4696,763;267,100;620,950
2020-07-15;3;14908,863;9974,250;-9,663;0,000;4371,500;85,225;487,050
2020-07-15;4;14773,363;10143,963;-9,963;0,000;4140,413;-34,500;532,763
2020-07-15;5;14545,125;10309,488;-192,838;0,000;4007,425;-213,450;634,338
2020-07-15;6;14773,613;10466,075;-492,425;0,000;3934,275;136,763;729,813
2020-07-15;7;17074,475;11916,488;-107,138;0,000;3922,375;446,050;895,688
2020-07-15;8;19252,913;14264,838;197,975;0,000;3941,225;177,325;876,750
2020-07-15;9;20512,388;14668,625;153,563;0,000;4082,538;606,575;1161,013
2020-07-15;10;21063,013;14458,750;40,125;0,000;4452,725;926,925;1231,150
2020-07-15;11;21211,038;14331,263;106,950;0,000;4831,800;819,913;1231,425
2020-07-15;12;21475,338;14513,075;78,275;0,000;5021,088;710,850;1234,088
2020-07-15;13;21505,325;14384,513;60,863;0,000;4980,838;905,763;1240,738
2020-07-15;14;21346,863;14159,550;58,163;0,000;4960,338;996,513;1239,188
2020-07-15;15;20948,000;13704,400;5,125;0,000;4897,025;1116,275;1239,050
2020-07-15;16;20862,338;13627,938;-2,550;0,000;4909,400;1086,413;1239,825
2020-07-15;17;20402,850;13546,413;50,925;0,000;4703,975;914,463;1235,238
2020-07-15;18;20082,625;13474,425;58,550;0,000;4420,375;983,763;1203,050
2020-07-15;19;19940,213;13407,975;58,638;0,000;4204,375;1095,438;1232,100
2020-07-15;20;20054,075;13614,088;77,025;0,000;3922,413;1306,550;1204,763
2020-07-15;21;20040,088;13425,063;52,975;0,000;3877,663;1496,650;1237,025
2020-07-15;22;19778,150;13341,950;3,400;0,000;3996,550;1212,038;1233,163
2020-07-15;23;18566,538;11904,850;-5,738;0,000;4047,900;1395,275;1235,263
2020-07-15;24;17150,775;10964,113;-7,050;0,000;3988,288;1019,488;1201,188
