Data;Godzina;Krajowe zapotrzebowanie na moc;Sumaryczna generacja JWCD;Generacja PI;Generacja IRZ;Sumaryczna generacja nJWCD;Krajowe saldo wymiany miêdzysystemowej równoleg³ej;Krajowe saldo wymiany miêdzysystemowej nierównoleg³ej
2020-09-09;1;16087,500;9826,713;-8,825;0,000;5810,288;-148,900;615,550
2020-09-09;2;15452,563;9569,000;-87,400;0,000;5707,338;-717,325;987,588
2020-09-09;3;15221,275;9614,150;-212,450;0,000;5475,625;-658,975;1011,475
2020-09-09;4;15259,925;9910,950;-231,438;0,000;5224,700;-648,213;1014,275
2020-09-09;5;15416,788;10092,775;-348,100;0,000;5039,913;-366,600;1010,063
2020-09-09;6;16015,850;10344,213;-329,950;0,000;4881,013;449,400;680,800
2020-09-09;7;18141,650;11887,663;-31,738;0,000;4860,650;576,350;854,388
2020-09-09;8;20289,438;13437,113;-6,725;0,000;4940,825;1088,300;836,200
2020-09-09;9;21196,000;13847,175;19,625;0,000;5087,788;1350,000;927,375
2020-09-09;10;21400,525;13656,788;24,113;0,000;5369,188;1410,938;975,863
2020-09-09;11;21322,013;12979,525;15,638;0,000;5897,375;1441,250;1014,563
2020-09-09;12;21658,563;12887,750;13,900;0,000;6379,388;1349,825;1050,825
2020-09-09;13;21526,900;12304,238;-3,700;0,000;6819,413;1293,650;1125,288
2020-09-09;14;21278,013;12059,225;44,400;0,000;6758,963;1527,838;947,075
2020-09-09;15;20740,925;11415,513;80,475;0,000;6675,538;1475,025;1186,713
2020-09-09;16;20620,688;11607,613;43,425;0,000;6333,150;1488,963;1209,513
2020-09-09;17;20596,488;11977,488;111,888;0,000;6025,213;1488,063;1106,050
2020-09-09;18;20404,775;12256,475;231,850;0,000;5640,088;1392,100;1122,063
2020-09-09;19;20436,663;13107,263;333,063;0,000;5166,775;1113,813;1056,425
2020-09-09;20;21741,938;13823,525;455,863;0,000;5513,488;1503,938;907,375
2020-09-09;21;21904,088;13531,688;655,938;0,000;6074,688;1136,825;1176,400
2020-09-09;22;20285,825;12324,913;457,375;0,000;6588,888;188,238;1204,450
2020-09-09;23;18481,225;10330,538;153,275;0,000;6792,688;292,413;1088,225
2020-09-09;24;17136,325;9701,950;-5,425;0,000;6869,350;-385,025;965,788
