Data;Godzina;Krajowe zapotrzebowanie na moc;Sumaryczna generacja JWCD;Generacja PI;Generacja IRZ;Sumaryczna generacja nJWCD;Krajowe saldo wymiany miêdzysystemowej równoleg³ej;Krajowe saldo wymiany miêdzysystemowej nierównoleg³ej
2020-07-11;1;16124,938;9607,700;-14,650;0,000;6024,488;358,838;153,313
2020-07-11;2;15339,113;9159,913;-43,313;0,000;5851,263;225,238;152,313
2020-07-11;3;14769,275;9276,963;-272,450;0,000;5436,988;165,850;167,000
2020-07-11;4;14659,025;9052,938;-354,638;0,000;5337,350;236,488;392,363
2020-07-11;5;14110,913;8896,238;-354,088;0,000;5118,875;-213,838;667,125
2020-07-11;6;13700,913;8863,988;-354,713;0,000;4932,125;-415,738;682,300
2020-07-11;7;14691,450;9490,463;-349,413;0,000;4799,213;58,050;698,000
2020-07-11;8;15820,975;10016,888;-273,838;0,000;4757,963;503,713;820,338
2020-07-11;9;16953,175;10189,513;-11,475;0,000;4958,450;697,350;1121,875
2020-07-11;10;17826,300;10292,063;-10,963;0,000;5303,375;1139,550;1104,250
2020-07-11;11;18286,750;10457,263;86,613;0,000;5399,988;1214,675;1226,225
2020-07-11;12;18512,963;10735,988;103,263;0,000;5473,413;1085,100;1233,450
2020-07-11;13;18510,638;10765,225;86,688;0,000;5511,388;1015,950;1233,663
2020-07-11;14;18340,388;10756,800;4,788;0,000;5380,888;979,013;1233,675
2020-07-11;15;17907,363;10495,038;-5,975;0,000;5187,625;999,825;1233,513
2020-07-11;16;17612,863;10366,950;-6,025;0,000;5034,213;989,050;1233,938
2020-07-11;17;17184,900;10204,875;-6,175;0,000;4689,750;1065,188;1233,275
2020-07-11;18;16889,625;10042,350;-6,263;0,000;4409,738;1217,700;1231,900
2020-07-11;19;16784,050;10004,088;237,488;0,000;4187,563;1370,488;1233,000
2020-07-11;20;16856,813;10135,888;409,863;0,000;4012,738;1481,663;1233,825
2020-07-11;21;16650,263;10174,038;398,163;0,000;3872,750;1379,713;1231,463
2020-07-11;22;16603,000;10013,338;120,338;0,000;3977,875;1396,363;1232,888
2020-07-11;23;15897,675;9233,200;-7,425;0,000;3988,113;1466,588;1228,775
2020-07-11;24;14723,063;8131,875;-7,338;0,000;4047,200;1392,938;1169,850
