Data;Godzina;Krajowe zapotrzebowanie na moc;Sumaryczna generacja JWCD;Generacja PI;Generacja IRZ;Sumaryczna generacja nJWCD;Krajowe saldo wymiany miêdzysystemowej równoleg³ej;Krajowe saldo wymiany miêdzysystemowej nierównoleg³ej
2020-07-16;1;15889,325;10914,538;71,763;0,000;3737,400;700,363;548,550
2020-07-16;2;15421,000;10771,250;-13,038;0,000;3786,050;279,813;599,750
2020-07-16;3;15020,025;10408,250;-12,613;0,000;3763,013;193,725;664,113
2020-07-16;4;15019,525;10290,613;-69,888;0,000;3804,338;260,338;733,650
2020-07-16;5;14884,975;10295,050;-147,725;0,000;3910,963;76,738;748,300
2020-07-16;6;14960,950;10344,425;-147,113;0,000;3880,475;149,100;739,388
2020-07-16;7;17209,900;12246,313;295,450;0,000;3932,475;370,825;685,163
2020-07-16;8;19241,725;13729,500;280,650;0,000;3908,250;732,925;870,200
2020-07-16;9;20321,250;14459,688;89,575;0,000;4049,450;976,050;844,463
2020-07-16;10;20756,288;14017,638;48,788;0,000;4164,388;1435,188;1153,650
2020-07-16;11;20990,775;13948,525;92,413;0,000;4320,813;1492,325;1238,913
2020-07-16;12;21386,413;14366,738;159,650;0,000;4492,763;1296,875;1240,900
2020-07-16;13;21523,963;14189,188;56,913;0,000;4571,900;1542,563;1239,588
2020-07-16;14;21273,713;14112,688;155,138;0,000;4498,388;1435,963;1239,263
2020-07-16;15;20836,200;13808,663;3,563;0,000;4397,075;1396,663;1239,463
2020-07-16;16;20787,788;13642,950;3,713;0,000;4549,213;1356,600;1241,213
2020-07-16;17;20219,338;13353,275;-4,738;0,000;4285,563;1344,413;1241,475
2020-07-16;18;19839,250;13012,800;46,613;0,000;4030,100;1566,425;1236,538
2020-07-16;19;19678,863;12673,175;72,263;0,000;3837,638;1932,600;1239,463
2020-07-16;20;19779,750;13211,888;75,038;0,000;3662,488;1673,163;1239,525
2020-07-16;21;19808,638;13218,875;75,150;0,000;3536,025;1821,400;1236,500
2020-07-16;22;19623,475;12859,275;4,288;0,000;3570,988;1969,188;1235,100
2020-07-16;23;18369,700;11669,375;-6,250;0,000;3532,763;1940,250;1235,913
2020-07-16;24;16909,600;10534,250;-6,675;0,000;3579,550;1592,013;1215,225
