Data;Godzina;Krajowe zapotrzebowanie na moc;Sumaryczna generacja JWCD;Generacja PI;Generacja IRZ;Sumaryczna generacja nJWCD;Krajowe saldo wymiany miêdzysystemowej równoleg³ej;Krajowe saldo wymiany miêdzysystemowej nierównoleg³ej
2020-03-07;1;17573,475;9461,238;-9,813;0,000;6787,850;243,125;1104,650
2020-03-07;2;17042,538;9364,638;-9,925;0,000;6742,275;-166,450;1118,863
2020-03-07;3;16702,038;9247,113;-10,388;0,000;6746,700;-252,525;979,213
2020-03-07;4;16585,588;9136,963;-10,388;0,000;6701,175;-193,088;954,913
2020-03-07;5;16609,275;9024,050;-10,250;0,000;6602,000;101,250;891,613
2020-03-07;6;16652,813;8977,463;-10,425;0,000;6559,313;176,463;951,275
2020-03-07;7;17126,575;8806,888;-10,325;0,000;6622,438;436,650;1274,213
2020-03-07;8;18406,388;9253,188;-226,938;0,000;6623,600;1471,750;1285,688
2020-03-07;9;19528,075;10174,400;35,250;0,000;6549,600;1546,113;1290,488
2020-03-07;10;20301,063;10904,375;225,438;0,000;6674,350;1427,338;1307,638
2020-03-07;11;20587,338;11094,225;349,563;0,000;6820,463;1376,063;1309,075
2020-03-07;12;20895,150;11398,188;361,888;0,000;6988,425;1208,388;1306,063
2020-03-07;13;20904,225;11108,563;152,438;0,000;7139,713;1354,350;1309,325
2020-03-07;14;20824,263;10856,888;71,538;0,000;7332,113;1365,713;1280,350
2020-03-07;15;20258,650;10174,888;-7,738;0,000;7390,725;1420,588;1279,663
2020-03-07;16;19875,463;9497,150;-7,325;0,000;7613,150;1489,500;1277,163
2020-03-07;17;19675,050;9428,700;10,238;0,000;7734,125;1241,613;1279,750
2020-03-07;18;20133,325;9840,263;13,050;0,000;7800,913;1195,688;1291,813
2020-03-07;19;20832,450;10673,500;110,300;0,000;7846,663;1010,313;1307,550
2020-03-07;20;20594,038;10372,588;124,163;0,000;7842,963;1100,063;1301,550
2020-03-07;21;19972,075;9752,750;106,188;0,000;7756,763;1206,313;1275,325
2020-03-07;22;18806,588;9487,388;116,325;0,000;7681,638;658,188;1001,288
2020-03-07;23;17753,300;9155,638;-10,038;0,000;7379,338;82,238;1162,263
2020-03-07;24;16731,625;8808,063;-12,863;0,000;7153,963;-60,625;863,650
