Data;Godzina;Krajowe zapotrzebowanie na moc;Sumaryczna generacja JWCD;Generacja PI;Generacja IRZ;Sumaryczna generacja nJWCD;Krajowe saldo wymiany miêdzysystemowej równoleg³ej;Krajowe saldo wymiany miêdzysystemowej nierównoleg³ej
2020-09-20;1;14242,663;8551,200;-12,875;0,000;4184,525;530,513;995,850
2020-09-20;2;13695,825;8481,050;-12,750;0,000;4128,800;117,163;988,375
2020-09-20;3;13387,263;8522,188;-12,500;0,000;4011,800;-54,563;921,875
2020-09-20;4;13211,975;8643,438;-13,113;0,000;4024,575;-305,388;864,838
2020-09-20;5;13263,213;8487,388;-12,813;0,000;4126,763;-153,388;813,675
2020-09-20;6;13292,125;8371,075;-12,725;0,000;4266,813;-65,325;731,775
2020-09-20;7;13297,075;8427,850;-12,725;0,000;4359,700;-146,988;670,725
2020-09-20;8;13982,925;8560,188;-12,663;0,000;4555,675;226,088;651,975
2020-09-20;9;14948,900;8681,263;-12,750;0,000;4709,100;933,488;637,925
2020-09-20;10;15588,950;8930,050;-9,850;0,000;4602,213;1228,963;843,025
2020-09-20;11;15844,363;9208,588;-9,250;0,000;4497,888;1212,463;936,938
2020-09-20;12;15872,650;8969,363;-8,988;0,000;4684,100;1252,400;975,138
2020-09-20;13;15814,375;8656,438;-8,825;0,000;4940,725;1277,200;952,413
2020-09-20;14;15722,988;8561,250;-8,638;0,000;4924,763;1284,325;965,400
2020-09-20;15;15435,875;8516,425;-8,988;0,000;4746,950;1240,763;945,900
2020-09-20;16;15249,888;8605,175;-8,950;0,000;4516,488;1148,813;991,625
2020-09-20;17;15280,663;8977,138;12,388;0,000;4266,300;1044,213;1006,613
2020-09-20;18;15538,888;8823,463;199,038;0,000;4084,825;1457,813;1177,588
2020-09-20;19;16339,725;9926,450;271,113;0,000;4064,850;1159,625;1191,838
2020-09-20;20;17983,788;11357,288;260,475;0,000;4353,875;1183,663;1094,675
2020-09-20;21;17799,975;11209,588;258,025;0,000;4435,725;989,938;1180,800
2020-09-20;22;16732,713;9966,325;17,875;0,000;4473,988;1119,663;1184,938
2020-09-20;23;15793,613;9482,900;-6,613;0,000;4386,463;738,613;1194,725
2020-09-20;24;14773,413;8479,763;-7,713;0,000;4239,513;880,063;1189,738
