Data;Godzina;Krajowe zapotrzebowanie na moc;Sumaryczna generacja JWCD;Generacja PI;Generacja IRZ;Sumaryczna generacja nJWCD;Krajowe saldo wymiany miêdzysystemowej równoleg³ej;Krajowe saldo wymiany miêdzysystemowej nierównoleg³ej
2020-03-30;1;15005,975;7631,013;-311,938;120,675;7355,450;-32,150;370,363
2020-03-30;2;14510,163;7865,375;-682,663;120,675;7105,400;-217,488;442,113
2020-03-30;3;14147,025;7732,313;-730,113;120,325;7063,638;-359,088;441,625
2020-03-30;4;14160,363;7713,163;-847,800;120,775;7097,188;-244,200;443,650
2020-03-30;5;14413,013;7933,550;-803,313;120,363;7146,750;-94,625;233,900
2020-03-30;6;15192,700;8424,125;-955,950;121,013;7154,088;415,100;159,613
2020-03-30;7;17042,938;9357,288;-385,400;120,663;7101,088;593,963;384,038
2020-03-30;8;19008,025;11040,150;-16,150;120,838;6971,100;419,538;619,038
2020-03-30;9;20157,250;12302,138;289,225;120,175;6573,888;665,513;626,525
2020-03-30;10;20401,563;12802,113;250,763;120,688;6429,475;426,550;754,588
2020-03-30;11;20251,438;11998,600;29,913;120,963;6638,563;349,350;1278,875
2020-03-30;12;20542,688;11663,138;93,800;120,963;6890,413;650,825;1344,488
2020-03-30;13;20626,975;11741,650;181,488;120,625;6822,013;730,063;1345,375
2020-03-30;14;20566,538;12068,713;-5,113;120,300;6748,713;425,275;1343,913
2020-03-30;15;20233,088;11862,825;-7,475;120,575;6734,575;303,538;1345,125
2020-03-30;16;19913,925;11926,063;-7,488;120,600;6572,175;81,538;1346,275
2020-03-30;17;19615,363;11674,375;48,375;120,575;6385,850;224,600;1345,725
2020-03-30;18;19551,250;11277,088;186,638;120,613;6466,663;474,438;1347,438
2020-03-30;19;19589,225;10918,075;286,688;120,700;6294,475;1035,375;1356,488
2020-03-30;20;20786,075;11491,463;203,738;121,388;6735,263;1295,375;1263,325
2020-03-30;21;21185,838;11645,163;506,625;120,463;6703,088;1504,475;1338,375
2020-03-30;22;19970,225;10671,013;376,063;120,750;6571,725;1418,388;1324,900
2020-03-30;23;18638,363;9819,250;104,950;120,300;6364,950;1450,038;1019,975
2020-03-30;24;17564,250;8857,688;-10,288;120,563;6292,800;1137,888;1293,988
