Data;Godzina;Krajowe zapotrzebowanie na moc;Sumaryczna generacja JWCD;Generacja PI;Generacja IRZ;Sumaryczna generacja nJWCD;Krajowe saldo wymiany miêdzysystemowej równoleg³ej;Krajowe saldo wymiany miêdzysystemowej nierównoleg³ej
2020-04-15;1;15339,825;7594,588;-17,300;0,000;7649,800;85,300;27,388
2020-04-15;2;14627,125;7169,913;-128,163;0,000;7722,838;-164,900;23,375
2020-04-15;3;14409,050;7195,250;-590,300;0,000;7910,700;-145,775;42,200
2020-04-15;4;14460,575;7526,338;-1120,450;0,000;8041,825;-9,250;22,275
2020-04-15;5;14659,000;7941,238;-1468,125;0,000;8126,713;26,675;27,625
2020-04-15;6;14898,713;8220,950;-1450,425;0,000;8183,938;-262,875;208,825
2020-04-15;7;16387,600;8263,800;-222,463;0,000;8258,938;-43,538;130,100
2020-04-15;8;18337,350;10086,775;-2,525;0,000;8356,400;-240,238;128,300
2020-04-15;9;19369,613;10487,500;65,388;0,000;8416,050;317,888;146,288
2020-04-15;10;20009,538;10941,113;233,575;0,000;8644,113;276,113;147,638
2020-04-15;11;20118,500;10596,188;81,538;0,000;9093,950;275,888;146,550
2020-04-15;12;20381,163;10782,863;23,925;0,000;9191,175;262,100;148,213
2020-04-15;13;20092,488;10754,938;103,488;0,000;9003,200;194,213;147,950
2020-04-15;14;19825,313;10499,263;63,438;0,000;9023,550;163,750;146,538
2020-04-15;15;19462,525;9894,425;10,863;0,000;9176,388;213,438;175,100
2020-04-15;16;19440,988;9703,788;141,625;0,000;9365,988;198,325;163,038
2020-04-15;17;18911,238;9539,963;190,525;0,000;9040,375;183,800;148,013
2020-04-15;18;18631,488;9695,413;438,250;0,000;8575,288;207,913;155,200
2020-04-15;19;18754,563;10453,900;601,238;0,000;8136,175;-174,400;335,950
2020-04-15;20;19160,863;11175,125;598,463;0,000;7764,150;-307,888;530,913
2020-04-15;21;20074,800;11830,088;532,988;0,000;7637,350;-142,425;749,975
2020-04-15;22;19100,488;10698,700;232,013;0,000;7952,650;-120,338;575,400
2020-04-15;23;17878,875;9423,013;57,188;0,000;8351,988;-290,075;402,625
2020-04-15;24;16741,613;8000,263;-9,813;0,000;8568,413;-216,638;400,350
