Data;Godzina;Krajowe zapotrzebowanie na moc;Sumaryczna generacja JWCD;Generacja PI;Generacja IRZ;Sumaryczna generacja nJWCD;Krajowe saldo wymiany miêdzysystemowej równoleg³ej;Krajowe saldo wymiany miêdzysystemowej nierównoleg³ej
2020-01-08;1;18012,075;10130,500;-241,213;74,700;7152,663;323,175;653,575
2020-01-08;2;17433,225;10499,288;-779,775;77,213;7306,513;-102,638;515,313
2020-01-08;3;17064,300;10173,800;-858,088;74,425;7513,288;-192,338;431,988
2020-01-08;4;17119,963;10017,225;-853,388;77,763;7790,650;-240,700;407,275
2020-01-08;5;17365,538;10017,225;-851,238;77,300;8027,350;-139,888;318,225
2020-01-08;6;18331,200;10104,700;-684,563;77,613;8319,813;14,875;578,438
2020-01-08;7;21381,563;11779,763;-70,325;78,912;8837,100;-146,088;972,625
2020-01-08;8;23362,388;13596,938;-4,575;78,725;9115,413;-665,875;1325,850
2020-01-08;9;24092,888;14051,038;-6,175;75,725;9343,388;-662,788;1373,575
2020-01-08;10;24199,075;14130,500;9,200;77,238;9317,425;-599,125;1370,963
2020-01-08;11;23906,600;13694,438;12,650;76,388;9214,750;-366,963;1371,588
2020-01-08;12;24100,713;14033,888;-5,750;75,650;9117,713;-405,900;1370,425
2020-01-08;13;24131,250;14180,138;-8,350;76,763;8999,963;-401,863;1371,775
2020-01-08;14;24346,013;14218,038;-8,200;76,425;8942,863;-167,063;1369,450
2020-01-08;15;24066,750;14167,913;9,725;76,625;8863,450;-325,913;1369,100
2020-01-08;16;24023,813;14038,713;79,700;74,575;8929,500;-305,913;1369,300
2020-01-08;17;24787,900;14448,563;368,788;74,688;9007,825;-39,913;1370,475
2020-01-08;18;24756,000;14523,388;482,838;74,150;8938,925;-74,038;1371,450
2020-01-08;19;24397,025;15077,875;477,563;74,688;8877,913;-927,838;1371,350
2020-01-08;20;24202,475;14885,413;462,163;75,488;8652,938;-703,600;1370,163
2020-01-08;21;23623,975;14171,913;671,700;73,400;8487,125;-388,588;1370,363
2020-01-08;22;21999,375;11985,088;480,325;78,125;8264,275;430,750;1330,825
2020-01-08;23;20368,063;10488,963;16,450;78,650;7964,388;598,450;1327,013
2020-01-08;24;19080,788;10062,038;-111,313;73,488;7663,575;141,050;1329,275
