Data;Godzina;Krajowe zapotrzebowanie na moc;Sumaryczna generacja JWCD;Generacja PI;Generacja IRZ;Sumaryczna generacja nJWCD;Krajowe saldo wymiany miêdzysystemowej równoleg³ej;Krajowe saldo wymiany miêdzysystemowej nierównoleg³ej
2020-02-08;1;18371,450;9925,638;-11,125;77,400;6799,088;931,713;737,875
2020-02-08;2;17602,025;9464,988;-171,588;79,000;6827,075;719,675;762,563
2020-02-08;3;17323,800;9212,638;-193,775;80,013;7100,150;469,400;740,400
2020-02-08;4;17311,150;9196,988;-193,988;77,075;7256,025;392,263;666,275
2020-02-08;5;17322,950;9173,788;-193,050;79,512;7364,063;373,875;603,300
2020-02-08;6;17402,425;9224,250;-125,000;78,138;7337,075;240,288;724,950
2020-02-08;7;18380,350;9625,188;-13,300;78,950;7411,850;602,063;752,300
2020-02-08;8;18990,475;10110,813;-11,600;78,987;7407,150;745,113;747,100
2020-02-08;9;20241,125;11479,925;9,388;76,950;7198,100;826,388;748,750
2020-02-08;10;20931,275;12552,550;111,113;77,588;6790,100;838,325;760,763
2020-02-08;11;20869,238;12981,913;269,975;78,513;6315,650;830,688;756,613
2020-02-08;12;20733,763;12981,625;478,688;79,763;6094,675;904,588;764,175
2020-02-08;13;20335,938;12779,625;379,788;80,775;5976,825;828,238;760,075
2020-02-08;14;20228,288;12553,125;346,375;77,875;5946,850;984,688;759,850
2020-02-08;15;19702,900;11983,638;211,275;78,263;5772,375;1192,313;759,825
2020-02-08;16;19782,888;11881,638;159,250;77,400;5871,863;1282,850;756,100
2020-02-08;17;20020,875;11740,650;160,813;77,712;6406,600;1160,963;726,813
2020-02-08;18;21302,713;12192,113;242,575;79,500;7229,288;1154,488;734,750
2020-02-08;19;21329,475;11702,875;613,325;78,113;7869,313;999,300;766,338
2020-02-08;20;20987,350;11103,575;386,238;78,450;8319,850;819,300;757,838
2020-02-08;21;20374,938;10453,650;312,275;77,688;8309,588;872,413;761,900
2020-02-08;22;19428,088;9906,463;49,088;77,688;8229,700;630,238;684,000
2020-02-08;23;18437,400;9453,750;-12,100;79,362;8089,413;381,975;530,488
2020-02-08;24;17340,738;8966,063;-13,075;78,325;7892,488;-37,063;552,025
