Data;Godzina;Krajowe zapotrzebowanie na moc;Sumaryczna generacja JWCD;Generacja PI;Generacja IRZ;Sumaryczna generacja nJWCD;Krajowe saldo wymiany miêdzysystemowej równoleg³ej;Krajowe saldo wymiany miêdzysystemowej nierównoleg³ej
2020-05-17;1;13638,963;7405,775;-13,463;0,000;5375,913;191,150;680,913
2020-05-17;2;12982,988;6923,425;-13,675;0,000;5297,588;314,150;462,613
2020-05-17;3;12589,575;6938,488;-13,450;0,000;5205,650;203,600;257,300
2020-05-17;4;12443,900;7092,388;-140,225;0,000;5203,000;52,088;237,813
2020-05-17;5;12165,425;6917,275;-334,313;0,000;5359,050;51,963;169,888
2020-05-17;6;11754,263;6512,463;-350,950;0,000;5399,988;38,425;156,488
2020-05-17;7;12167,675;6659,900;-300,613;0,000;5213,225;424,800;174,050
2020-05-17;8;12873,913;6762,325;-36,263;0,000;5171,400;602,963;374,938
2020-05-17;9;13848,550;7012,863;-10,250;0,000;5606,425;640,013;599,463
2020-05-17;10;14452,663;6867,188;71,750;4,550;5971,450;964,088;652,388
2020-05-17;11;14985,988;7175,300;100,013;29,688;6372,650;983,788;465,625
2020-05-17;12;15504,425;7319,613;98,850;61,137;7148,413;676,250;367,025
2020-05-17;13;15548,050;7307,538;1,500;69,863;7582,938;560,550;102,763
2020-05-17;14;15399,050;7507,600;-12,400;70,050;7618,513;322,400;-29,425
2020-05-17;15;14963,613;7031,688;-12,113;70,038;7649,363;94,588;208,388
2020-05-17;16;14416,888;6596,963;-12,625;69,288;7616,038;12,425;210,188
2020-05-17;17;14126,975;6660,450;-12,450;70,025;7239,325;251,050;-9,475
2020-05-17;18;14200,838;7157,575;-12,513;70,113;6869,525;430,225;-243,063
2020-05-17;19;14561,463;7379,163;-12,638;70,038;6399,250;409,050;389,725
2020-05-17;20;14993,863;7865,413;103,088;70,100;5753,650;744,588;645,850
2020-05-17;21;15530,463;8211,025;157,788;70,050;5634,288;885,775;817,088
2020-05-17;22;16155,300;8762,150;234,238;70,025;5921,088;588,913;896,763
2020-05-17;23;15526,238;8451,025;77,625;70,025;6268,538;75,388;741,325
2020-05-17;24;14448,000;7719,750;-9,888;70,025;6500,388;-341,538;588,525
