Data;Godzina;Krajowe zapotrzebowanie na moc;Sumaryczna generacja JWCD;Generacja PI;Generacja IRZ;Sumaryczna generacja nJWCD;Krajowe saldo wymiany miêdzysystemowej równoleg³ej;Krajowe saldo wymiany miêdzysystemowej nierównoleg³ej
2020-11-24;1;18000,125;9653,400;-802,575;0,000;8894,950;-197,400;464,900
2020-11-24;2;17446,600;9698,963;-909,425;0,000;8595,650;-172,563;242,800
2020-11-24;3;17019,500;9667,588;-949,238;0,000;8157,013;-105,138;256,463
2020-11-24;4;17108,138;9734,150;-833,100;0,000;8044,175;-259,288;426,338
2020-11-24;5;17429,000;10066,288;-821,875;0,000;7988,913;-262,888;463,100
2020-11-24;6;18250,675;10335,613;-727,950;0,000;7870,500;3,488;773,225
2020-11-24;7;20712,525;12029,350;-55,450;0,000;8007,763;-318,900;1047,725
2020-11-24;8;22735,063;13987,663;-6,975;0,000;8367,063;-515,438;898,950
2020-11-24;9;23900,525;14781,638;-4,513;0,000;8703,213;-166,513;591,400
2020-11-24;10;24153,775;14482,988;36,263;0,000;8858,688;-23,325;843,450
2020-11-24;11;23917,200;14491,588;-3,888;0,000;9019,000;-436,663;855,263
2020-11-24;12;24082,525;14238,013;16,275;0,000;9306,063;-305,413;850,050
2020-11-24;13;24045,525;14319,550;156,413;0,000;9210,350;-330,788;859,363
2020-11-24;14;23863,450;14300,325;154,938;0,000;8996,288;-276,063;850,150
2020-11-24;15;23588,200;14403,900;171,925;0,000;8527,238;-120,288;789,175
2020-11-24;16;23641,263;15029,038;33,913;0,000;8189,513;-559,275;985,938
2020-11-24;17;24485,950;15371,913;74,113;0,000;8232,738;-260,100;1144,900
2020-11-24;18;24310,038;15253,375;243,950;0,000;8479,663;-378,388;965,463
2020-11-24;19;24059,900;14749,650;622,200;0,000;8661,925;-239,250;897,450
2020-11-24;20;23854,750;13988,538;691,125;0,000;8488,750;83,263;1312,600
2020-11-24;21;23246,238;13538,788;664,975;0,000;8227,150;165,025;1326,513
2020-11-24;22;21837,413;12590,600;468,888;0,000;8035,500;-42,063;1274,200
2020-11-24;23;20425,800;11413,575;72,225;0,000;7778,863;-74,275;1324,763
2020-11-24;24;19166,738;10791,688;-340,300;0,000;7536,913;-79,900;1265,788
