Data;Godzina;Krajowe zapotrzebowanie na moc;Sumaryczna generacja JWCD;Generacja PI;Generacja IRZ;Sumaryczna generacja nJWCD;Krajowe saldo wymiany miêdzysystemowej równoleg³ej;Krajowe saldo wymiany miêdzysystemowej nierównoleg³ej
2020-01-02;1;13978,000;7241,300;-336,100;73,188;7895,300;-1142,963;329,675
2020-01-02;2;13548,888;7367,650;-650,125;74,313;7888,625;-1422,775;370,938
2020-01-02;3;13335,450;7287,825;-753,150;75,663;7915,025;-1379,938;270,038
2020-01-02;4;13273,150;7125,938;-758,813;75,063;7904,125;-1309,588;319,013
2020-01-02;5;13678,600;7140,675;-839,138;77,213;8025,463;-992,463;346,463
2020-01-02;6;14682,000;7375,000;-941,288;77,350;8282,863;-493,525;460,913
2020-01-02;7;17356,050;8509,713;-114,913;85,950;8476,675;-158,000;644,000
2020-01-02;8;19425,863;10884,025;337,788;175,625;8596,675;-783,075;740,350
2020-01-02;9;20505,350;11644,388;239,088;184,200;8630,825;-674,400;911,025
2020-01-02;10;21299,488;11683,100;24,300;207,050;8635,325;-285,450;1276,963
2020-01-02;11;21491,288;11671,925;161,563;254,125;8439,075;78,500;1314,863
2020-01-02;12;21542,875;11838,388;358,275;308,875;8159,013;232,438;1316,038
2020-01-02;13;21550,588;11915,700;343,588;307,750;7940,300;387,225;1316,488
2020-01-02;14;21820,550;12050,525;338,725;305,388;7833,188;630,000;1314,175
2020-01-02;15;21644,388;12040,325;134,400;308,037;7959,663;335,413;1314,263
2020-01-02;16;21687,638;12083,863;25,738;304,225;8119,400;170,425;1318,738
2020-01-02;17;22766,563;13045,938;310,075;306,100;8579,500;-187,938;1332,013
2020-01-02;18;22698,688;12681,250;429,888;304,975;8976,388;-287,025;1333,288
2020-01-02;19;22517,363;12332,025;500,638;303,687;9039,500;-201,050;1347,000
2020-01-02;20;22337,863;12115,888;610,825;304,875;9147,738;-249,800;1332,950
2020-01-02;21;21805,575;11286,825;513,763;105,000;9068,225;133,063;1329,188
2020-01-02;22;20555,488;10128,463;207,713;79,238;9003,963;102,525;1331,938
2020-01-02;23;19283,800;9225,363;34,288;73,575;9006,425;-255,650;1327,350
2020-01-02;24;18067,363;8184,313;-95,650;75,850;9115,013;-317,275;1204,088
