Data;Godzina;Krajowe zapotrzebowanie na moc;Sumaryczna generacja JWCD;Generacja PI;Generacja IRZ;Sumaryczna generacja nJWCD;Krajowe saldo wymiany miêdzysystemowej równoleg³ej;Krajowe saldo wymiany miêdzysystemowej nierównoleg³ej
2020-02-02;1;15597,813;6049,663;-11,800;0,000;9298,750;5,613;261,875
2020-02-02;2;15003,475;5788,988;-136,688;0,000;9186,950;-100,388;270,238
2020-02-02;3;14677,138;5488,013;-207,013;0,000;9337,375;-195,125;260,488
2020-02-02;4;14553,350;5398,338;-713,450;0,000;9565,113;42,513;263,638
2020-02-02;5;14439,025;5576,938;-1036,963;0,000;9609,513;37,238;255,588
2020-02-02;6;14621,575;6009,663;-1193,900;0,000;9594,713;-46,825;263,725
2020-02-02;7;15060,800;6437,738;-1149,563;0,000;9766,288;-244,763;258,588
2020-02-02;8;15241,313;6674,075;-731,563;0,000;9874,088;-818,575;250,613
2020-02-02;9;16013,663;6530,800;-106,500;0,000;9880,450;-545,563;260,738
2020-02-02;10;16844,325;7339,513;7,463;0,000;10062,863;-807,263;262,500
2020-02-02;11;17322,825;7389,063;201,275;0,000;10100,663;-417,875;258,763
2020-02-02;12;17644,613;8164,350;368,238;0,000;10064,775;-839,863;266,913
2020-02-02;13;17750,500;8164,150;450,438;0,000;9929,513;-613,888;284,850
2020-02-02;14;18023,425;8106,025;27,125;0,000;9807,750;-435,825;557,513
2020-02-02;15;17690,813;7875,063;-6,613;0,000;9388,225;-298,000;736,600
2020-02-02;16;17465,500;7784,188;-6,400;0,000;9017,625;-75,550;743,988
2020-02-02;17;17929,850;8159,988;46,850;0,000;8590,413;433,363;750,738
2020-02-02;18;19009,238;9298,725;72,275;0,000;8448,063;516,375;745,163
2020-02-02;19;19106,600;9297,188;89,063;0,000;8306,000;774,163;735,613
2020-02-02;20;19253,363;9658,175;230,475;0,000;8075,900;791,613;738,400
2020-02-02;21;18936,500;9811,775;243,363;0,000;7849,300;548,613;736,763
2020-02-02;22;18170,013;8898,575;65,288;0,000;7748,275;801,688;738,088
2020-02-02;23;17545,900;8367,013;-9,263;0,000;7630,600;832,325;733,925
2020-02-02;24;16555,975;7687,525;-9,488;0,000;7590,088;620,063;672,463
