Data;Godzina;Krajowe zapotrzebowanie na moc;Sumaryczna generacja JWCD;Generacja PI;Generacja IRZ;Sumaryczna generacja nJWCD;Krajowe saldo wymiany miêdzysystemowej równoleg³ej;Krajowe saldo wymiany miêdzysystemowej nierównoleg³ej
2020-07-23;1;15741,163;9886,588;-6,475;0,000;3625,913;1095,725;1141,638
2020-07-23;2;15205,525;9713,138;-6,850;0,000;3666,738;746,363;1081,650
2020-07-23;3;14898,950;9718,625;-9,200;0,000;3678,550;653,263;854,863
2020-07-23;4;14822,425;9847,088;-8,975;0,000;3618,000;494,075;870,775
2020-07-23;5;14649,388;9902,538;-25,975;0,000;3561,250;149,000;1061,663
2020-07-23;6;14854,688;9820,688;-143,075;0,000;3589,800;619,725;967,013
2020-07-23;7;16967,225;11384,638;-26,038;0,000;3680,450;991,688;930,125
2020-07-23;8;18953,988;12680,575;-6,850;0,000;3777,738;1336,750;1165,200
2020-07-23;9;20025,863;13547,563;73,800;0,000;4090,075;1216,550;1179,125
2020-07-23;10;20477,725;13829,675;102,563;0,000;4555,925;926,838;1175,288
2020-07-23;11;20469,988;13674,238;104,838;0,000;4886,025;746,150;1176,750
2020-07-23;12;21028,925;13966,075;24,563;0,000;5108,425;786,100;1176,338
2020-07-23;13;21138,750;14111,800;-4,400;0,000;5090,975;766,538;1177,838
2020-07-23;14;21028,513;14111,350;-6,463;0,000;5003,150;745,363;1176,688
2020-07-23;15;20605,088;13869,200;-4,675;0,000;4792,438;769,350;1176,438
2020-07-23;16;20364,050;13837,863;-2,625;0,000;4632,338;714,788;1177,950
2020-07-23;17;20047,025;13769,000;-2,500;0,000;4361,238;735,988;1177,888
2020-07-23;18;19752,600;13620,638;77,238;0,000;4144,763;812,725;1176,338
2020-07-23;19;19621,163;13174,075;88,913;0,000;3844,600;1425,925;1177,225
2020-07-23;20;19699,950;13224,238;79,638;0,000;3608,200;1688,088;1176,475
2020-07-23;21;19908,400;13375,100;25,100;0,000;3579,788;1776,325;1178,825
2020-07-23;22;19894,213;13494,575;-1,413;0,000;3574,650;1653,900;1176,038
2020-07-23;23;18551,613;12104,350;-7,400;0,000;3583,375;1693,388;1178,825
2020-07-23;24;17137,450;11073,163;-8,975;0,000;3459,988;1455,613;1158,050
