Data;Godzina;Krajowe zapotrzebowanie na moc;Sumaryczna generacja JWCD;Generacja PI;Generacja IRZ;Sumaryczna generacja nJWCD;Krajowe saldo wymiany miêdzysystemowej równoleg³ej;Krajowe saldo wymiany miêdzysystemowej nierównoleg³ej
2020-11-03;1;17275,088;10681,888;-270,063;0,000;6937,988;-446,475;412,513
2020-11-03;2;16648,113;10791,975;-810,200;0,000;6673,375;-415,463;416,125
2020-11-03;3;16301,650;10943,563;-919,950;0,000;6420,375;-552,838;417,450
2020-11-03;4;16367,625;11023,150;-1010,275;0,000;6353,525;-548,675;551,238
2020-11-03;5;16680,038;11551,363;-1080,788;0,000;6122,488;-326,663;415,350
2020-11-03;6;17363,450;11652,688;-727,188;0,000;6172,688;-113,475;380,513
2020-11-03;7;19491,863;12742,138;-120,763;0,000;6169,575;68,175;630,825
2020-11-03;8;21514,363;13919,488;-3,688;0,000;6359,663;495,625;745,713
2020-11-03;9;22784,263;14416,950;14,063;0,000;6571,125;755,488;1038,075
2020-11-03;10;23117,825;14539,600;17,300;0,000;6791,488;744,988;1049,763
2020-11-03;11;23064,275;14180,400;17,325;0,000;7082,050;685,763;1121,725
2020-11-03;12;23207,163;14382,688;108,263;0,000;6982,125;712,375;1134,638
2020-11-03;13;23135,638;14623,388;182,613;0,000;6656,725;731,688;1135,688
2020-11-03;14;23091,888;15047,250;161,325;0,000;6234,500;679,625;1132,775
2020-11-03;15;22699,838;15047,150;-0,950;0,000;5811,925;716,750;1132,575
2020-11-03;16;22612,488;15441,063;14,375;0,000;5337,813;702,488;1129,888
2020-11-03;17;23241,713;16297,875;365,563;0,000;5187,050;616,700;1141,475
2020-11-03;18;23925,663;16963,638;560,550;0,000;5130,325;781,613;1047,513
2020-11-03;19;23585,588;16680,963;484,088;0,000;5100,388;785,200;1026,063
2020-11-03;20;23513,738;16573,850;451,425;0,000;5046,613;853,850;1046,725
2020-11-03;21;22775,050;15880,038;150,775;0,000;5040,413;727,113;1139,288
2020-11-03;22;21260,550;14369,788;13,238;0,000;4965,775;800,150;1125,800
2020-11-03;23;19592,550;12793,050;-4,725;0,000;4955,113;758,950;1099,525
2020-11-03;24;18355,463;11486,738;-7,425;0,000;4991,150;847,613;1052,150
