Data;Godzina;Krajowe zapotrzebowanie na moc;Sumaryczna generacja JWCD;Generacja PI;Generacja IRZ;Sumaryczna generacja nJWCD;Krajowe saldo wymiany miêdzysystemowej równoleg³ej;Krajowe saldo wymiany miêdzysystemowej nierównoleg³ej
2020-03-31;1;16539,038;8723,063;-36,063;15,225;6239,950;740,050;875,063
2020-03-31;2;16053,688;8926,188;-235,588;0,000;6324,950;384,525;651,050
2020-03-31;3;15795,225;9275,300;-349,213;0,000;6208,375;193,575;469,438
2020-03-31;4;15715,125;9490,488;-432,775;0,000;6087,288;110,063;458,100
2020-03-31;5;15898,450;9613,388;-608,975;0,000;6071,313;333,388;489,188
2020-03-31;6;16309,800;9691,388;-682,913;0,000;6027,338;560,450;720,675
2020-03-31;7;17690,038;10257,950;-243,275;0,000;6160,938;723,813;800,825
2020-03-31;8;19489,913;11802,088;-7,550;0,000;6395,938;819,875;476,813
2020-03-31;9;20429,675;12090,600;-4,350;0,000;6236,825;939,863;1165,538
2020-03-31;10;20652,563;12474,613;13,763;0,000;6240,000;611,688;1340,125
2020-03-31;11;20612,200;12523,750;16,325;0,000;6300,413;458,088;1350,050
2020-03-31;12;20945,075;13126,125;33,325;0,000;6208,825;274,463;1347,525
2020-03-31;13;20938,175;13065,750;134,050;0,000;6031,563;499,025;1350,538
2020-03-31;14;20982,100;13109,438;131,775;0,000;5913,238;624,263;1347,113
2020-03-31;15;20525,425;12385,063;10,063;0,000;5994,463;797,888;1349,363
2020-03-31;16;20110,925;12211,313;-7,875;0,000;6000,150;586,763;1313,050
2020-03-31;17;19756,800;11798,525;-7,713;0,000;6069,975;563,838;1339,913
2020-03-31;18;19654,113;11333,838;10,250;0,000;6070,288;1006,463;1255,888
2020-03-31;19;19816,475;11206,988;133,438;0,000;6139,263;1212,263;1264,825
2020-03-31;20;20910,125;12517,488;548,688;0,000;6218,888;904,163;1270,525
2020-03-31;21;21290,875;12244,375;667,363;0,000;6300,463;1400,788;1353,138
2020-03-31;22;19962,550;10752,175;546,450;0,000;6456,813;1418,800;1346,625
2020-03-31;23;18647,113;9331,350;385,813;0,000;6581,188;1418,188;1343,063
2020-03-31;24;17512,413;8344,075;-9,813;0,000;6858,800;1080,313;1244,850
