Data;Godzina;Krajowe zapotrzebowanie na moc;Sumaryczna generacja JWCD;Generacja PI;Generacja IRZ;Sumaryczna generacja nJWCD;Krajowe saldo wymiany miêdzysystemowej równoleg³ej;Krajowe saldo wymiany miêdzysystemowej nierównoleg³ej
2020-03-22;1;15274,763;7399,325;-37,625;0,000;7735,200;-51,450;235,338
2020-03-22;2;14713,150;7113,888;-225,375;0,000;7549,500;178,100;100,188
2020-03-22;3;14334,125;6875,850;-265,325;0,000;7583,138;84,775;61,700
2020-03-22;4;14216,150;6851,688;-375,213;0,000;7504,125;226,838;13,200
2020-03-22;5;14235,650;6986,063;-464,513;0,000;7506,938;201,513;7,163
2020-03-22;6;13899,850;6656,700;-581,463;0,000;7719,775;171,625;-61,050
2020-03-22;7;14053,800;6724,825;-715,538;0,000;7799,950;299,750;-50,063
2020-03-22;8;14564,300;6953,725;-301,438;0,000;7656,363;62,200;198,238
2020-03-22;9;15148,963;6857,138;-12,613;0,000;8076,450;16,363;220,188
2020-03-22;10;15598,550;6683,088;19,213;0,000;8756,175;30,125;232,763
2020-03-22;11;16083,913;6926,363;102,288;0,000;8904,500;65,725;219,863
2020-03-22;12;16356,875;7341,300;83,263;0,000;8790,188;17,775;222,825
2020-03-22;13;16513,250;7664,713;-1,900;0,000;8610,850;-4,325;262,388
2020-03-22;14;16662,813;7808,763;-13,650;0,000;8531,475;36,463;307,800
2020-03-22;15;16404,038;7533,500;-13,275;0,000;8652,788;2,500;232,488
2020-03-22;16;16163,375;7384,575;-12,850;0,000;8641,200;-76,325;226,713
2020-03-22;17;16342,175;7414,563;-63,450;0,000;8540,913;70,525;384,725
2020-03-22;18;16760,500;7823,463;-43,013;0,000;8071,263;16,438;906,750
2020-03-22;19;18210,638;8866,350;114,613;0,000;7803,275;381,488;1166,388
2020-03-22;20;18786,938;8844,350;310,425;0,000;7911,475;993,800;1049,150
2020-03-22;21;18301,288;7794,400;180,600;0,000;8079,400;1224,513;1230,325
2020-03-22;22;17421,400;7018,500;-268,363;0,000;8038,425;1329,463;1311,313
2020-03-22;23;16796,038;6777,825;-52,413;0,000;7913,813;843,563;1320,888
2020-03-22;24;16081,275;6869,125;-13,238;0,000;7632,425;675,475;926,575
