Data;Godzina;Krajowe zapotrzebowanie na moc;Sumaryczna generacja JWCD;Generacja PI;Generacja IRZ;Sumaryczna generacja nJWCD;Krajowe saldo wymiany miêdzysystemowej równoleg³ej;Krajowe saldo wymiany miêdzysystemowej nierównoleg³ej
2020-02-07;1;18273,475;9859,988;-12,738;79,100;6929,038;809,088;691,313
2020-02-07;2;17608,450;9722,538;-12,638;78,325;6745,075;686,350;470,638
2020-02-07;3;17267,725;9953,138;-230,313;78,000;6581,700;557,200;408,350
2020-02-07;4;17472,550;10300,438;-468,538;76,425;6528,713;662,513;450,200
2020-02-07;5;17700,700;10017,638;-467,550;78,725;6405,988;1152,425;595,200
2020-02-07;6;18455,063;10825,425;-348,913;77,163;6384,988;1212,800;386,975
2020-02-07;7;21212,075;13173,425;-129,350;77,988;6472,525;1093,675;610,350
2020-02-07;8;22799,088;14810,525;-5,863;77,075;6494,850;1057,313;443,188
2020-02-07;9;23750,375;15410,663;11,538;79,050;6369,738;1423,263;555,463
2020-02-07;10;23994,950;15719,738;93,825;78,725;6231,475;1350,750;706,563
2020-02-07;11;23698,888;15407,988;104,438;79,488;6143,538;1445,900;719,550
2020-02-07;12;24021,300;16093,925;136,138;77,663;6045,738;1175,150;716,325
2020-02-07;13;24040,925;16091,513;273,488;78,638;5939,925;1301,425;721,475
2020-02-07;14;23980,675;16217,325;578,413;78,713;5873,675;1182,013;716,838
2020-02-07;15;23401,775;15567,775;142,550;77,988;5820,463;1300,525;721,000
2020-02-07;16;23005,350;15386,163;-6,563;78,888;5811,875;1107,250;711,800
2020-02-07;17;22997,725;15497,288;178,475;77,675;5856,188;922,950;726,988
2020-02-07;18;24030,713;15935,088;382,088;80,063;6014,750;1369,988;715,900
2020-02-07;19;23883,938;15656,500;383,625;77,888;6213,925;1293,550;730,613
2020-02-07;20;23623,763;15298,213;324,650;78,600;6454,900;1175,013;722,113
2020-02-07;21;23352,875;15056,550;310,663;78,125;6513,013;1087,313;721,038
2020-02-07;22;22013,388;13553,750;31,675;79,388;6635,188;1126,538;714,463
2020-02-07;23;20519,688;11922,588;5,925;77,337;6680,513;1225,363;710,263
2020-02-07;24;19278,450;10448,025;4,875;76,863;6747,038;1395,275;713,713
