Data;Godzina;Krajowe zapotrzebowanie na moc;Sumaryczna generacja JWCD;Generacja PI;Generacja IRZ;Sumaryczna generacja nJWCD;Krajowe saldo wymiany miêdzysystemowej równoleg³ej;Krajowe saldo wymiany miêdzysystemowej nierównoleg³ej
2020-11-07;1;17431,888;10307,325;-13,125;0,000;4980,813;1137,650;1024,438
2020-11-07;2;16703,913;10264,500;-191,150;0,000;4877,200;764,050;992,563
2020-11-07;3;16397,013;10295,925;-233,250;0,000;4884,450;621,213;831,263
2020-11-07;4;16291,175;10314,150;-349,013;0,000;4933,400;585,838;808,138
2020-11-07;5;16304,625;10283,838;-348,713;0,000;4982,088;574,050;816,775
2020-11-07;6;16564,500;10381,313;-348,450;0,000;5038,475;671,113;826,588
2020-11-07;7;17333,238;10799,125;-347,950;0,000;5102,488;1014,425;771,738
2020-11-07;8;18227,200;10933,075;-271,938;0,000;5260,413;1266,400;1043,313
2020-11-07;9;19446,438;11310,938;11,513;0,000;5420,875;1507,425;1217,413
2020-11-07;10;20456,300;12333,625;67,175;0,000;5636,638;1305,288;1194,888
2020-11-07;11;20911,050;12891,275;74,500;0,000;5756,425;991,325;1278,900
2020-11-07;12;21073,100;13193,113;21,325;0,000;5766,238;807,063;1317,163
2020-11-07;13;20951,975;12888,163;13,800;0,000;5794,388;999,913;1286,300
2020-11-07;14;20683,475;12579,050;14,025;0,000;5777,200;1062,813;1284,488
2020-11-07;15;20016,450;12021,925;-4,088;0,000;5661,638;1049,325;1293,550
2020-11-07;16;19957,413;12186,338;-6,250;0,000;5512,400;992,325;1278,163
2020-11-07;17;20725,288;12867,350;49,863;0,000;5534,163;1027,925;1299,638
2020-11-07;18;21099,450;13203,975;226,563;0,000;5669,975;941,813;1285,663
2020-11-07;19;20798,163;12450,088;238,313;0,000;5847,575;1199,550;1301,800
2020-11-07;20;20395,363;11945,850;238,038;0,000;5919,263;1213,000;1332,550
2020-11-07;21;19704,438;11462,063;165,838;0,000;5887,163;1054,450;1321,763
2020-11-07;22;18620,338;10617,200;153,900;0,000;5696,263;999,950;1320,213
2020-11-07;23;17413,563;9629,688;168,375;0,000;5489,438;1017,850;1298,125
2020-11-07;24;16470,925;9222,525;56,750;0,000;5248,338;1108,613;911,475
