Data;Godzina;Krajowe zapotrzebowanie na moc;Sumaryczna generacja JWCD;Generacja PI;Generacja IRZ;Sumaryczna generacja nJWCD;Krajowe saldo wymiany miêdzysystemowej równoleg³ej;Krajowe saldo wymiany miêdzysystemowej nierównoleg³ej
2020-07-03;1;16455,713;10787,513;-8,775;0,000;3132,638;1432,513;1114,613
2020-07-03;2;15742,463;10460,100;-8,688;0,000;3142,763;1095,875;1051,563
2020-07-03;3;15433,563;10340,088;-8,800;0,000;3188,763;823,513;1091,175
2020-07-03;4;15254,813;10381,875;-9,813;0,000;3238,913;632,613;1012,525
2020-07-03;5;14956,088;10689,263;-28,513;0,000;3350,188;-33,888;979,700
2020-07-03;6;15309,600;10801,763;-142,300;0,000;3385,900;523,675;744,350
2020-07-03;7;17450,113;12136,475;-24,163;0,000;3464,725;959,038;911,713
2020-07-03;8;19439,213;13510,363;-6,025;0,000;3721,688;1252,825;957,975
2020-07-03;9;20631,038;14196,938;-6,750;0,000;3850,838;1620,613;970,138
2020-07-03;10;21262,425;14593,775;90,988;0,000;4023,950;1666,488;983,888
2020-07-03;11;21282,825;14771,900;123,188;0,000;4184,325;1423,875;896,650
2020-07-03;12;21770,375;15391,063;273,438;0,000;4297,650;1184,938;895,975
2020-07-03;13;21942,988;15687,950;238,413;0,000;4498,000;821,213;947,425
2020-07-03;14;21616,138;15424,688;269,013;0,000;4563,875;727,600;912,875
2020-07-03;15;21140,925;14738,513;41,825;0,000;4616,513;809,075;984,350
2020-07-03;16;20900,200;14591,638;-5,213;0,000;4555,250;773,263;988,313
2020-07-03;17;20561,513;14367,025;-6,025;0,000;4430,025;786,838;989,700
2020-07-03;18;20197,900;13989,325;-6,175;0,000;4164,563;1056,725;999,613
2020-07-03;19;19876,563;13519,275;91,288;0,000;3764,200;1422,113;1182,038
2020-07-03;20;19881,175;13624,225;122,975;0,000;3515,950;1484,188;1264,338
2020-07-03;21;19725,788;13670,863;125,538;0,000;3342,650;1433,900;1291,400
2020-07-03;22;19401,863;13292,138;10,475;0,000;3409,388;1419,463;1291,913
2020-07-03;23;18611,925;12408,563;-5,950;0,000;3437,225;1487,750;1291,100
2020-07-03;24;17272,325;10897,763;-7,163;0,000;3453,863;1649,600;1288,000
