Data;Godzina;Krajowe zapotrzebowanie na moc;Sumaryczna generacja JWCD;Generacja PI;Generacja IRZ;Sumaryczna generacja nJWCD;Krajowe saldo wymiany miêdzysystemowej równoleg³ej;Krajowe saldo wymiany miêdzysystemowej nierównoleg³ej
2020-12-17;1;18365,463;10764,388;-348,800;0,000;5799,688;1165,288;985,738
2020-12-17;2;17692,913;10899,100;-967,738;0,000;5954,888;785,638;1021,450
2020-12-17;3;17419,738;10918,938;-1079,475;0,000;6192,688;567,338;821,838
2020-12-17;4;17398,563;10879,963;-1189,550;0,000;6404,950;491,475;815,313
2020-12-17;5;17813,250;10673,325;-1166,088;0,000;6649,500;849,513;806,388
2020-12-17;6;18434,063;10748,113;-876,913;0,000;6902,238;905,663;756,663
2020-12-17;7;20955,638;12411,700;-60,238;0,000;6977,225;995,950;627,325
2020-12-17;8;23185,463;14773,450;-5,475;0,000;7167,213;639,625;604,350
2020-12-17;9;24247,050;15305,725;-3,538;0,000;7476,313;856,688;608,413
2020-12-17;10;24748,250;15731,325;15,650;0,000;7668,788;749,800;598,938
2020-12-17;11;24747,600;15394,438;142,250;0,000;7890,600;474,213;994,788
2020-12-17;12;25029,500;15378,850;419,950;0,000;8085,538;431,825;1136,050
2020-12-17;13;25052,025;15566,775;606,575;0,000;8072,900;547,125;877,613
2020-12-17;14;24961,100;15431,275;560,413;0,000;7972,013;525,950;1036,738
2020-12-17;15;24566,225;15173,525;35,063;0,000;7958,975;511,388;918,625
2020-12-17;16;24586,925;15378,238;-0,500;0,000;7966,888;400,900;840,413
2020-12-17;17;25181,075;15675,938;87,988;0,000;8050,063;497,325;959,075
2020-12-17;18;25022,175;15513,325;733,875;0,000;8177,813;632,163;692,150
2020-12-17;19;24771,238;15081,675;981,938;0,000;8331,113;591,938;765,900
2020-12-17;20;24488,300;14288,613;861,238;0,000;8255,700;684,425;1257,138
2020-12-17;21;23890,800;13673,250;646,050;0,000;8080,288;852,913;1295,538
2020-12-17;22;22368,725;12417,438;72,400;0,000;7942,625;720,738;1302,838
2020-12-17;23;20942,900;11032,863;-318,638;0,000;7753,950;1162,638;1307,225
2020-12-17;24;19584,300;11160,538;-989,763;0,000;7514,238;637,325;1264,613
