Data;Godzina;Krajowe zapotrzebowanie na moc;Sumaryczna generacja JWCD;Generacja PI;Generacja IRZ;Sumaryczna generacja nJWCD;Krajowe saldo wymiany miêdzysystemowej równoleg³ej;Krajowe saldo wymiany miêdzysystemowej nierównoleg³ej
2020-09-03;1;15913,775;9376,450;-93,200;0,000;5097,863;804,675;727,513
2020-09-03;2;15315,688;9780,138;-143,188;0,000;5240,763;-17,363;459,838
2020-09-03;3;15055,650;9573,300;-126,138;0,000;5368,888;-218,713;460,450
2020-09-03;4;14955,250;9464,788;-8,900;0,000;5345,875;-311,650;469,838
2020-09-03;5;15171,900;9620,100;-135,675;0,000;5344,563;-43,388;391,225
2020-09-03;6;15668,850;10031,888;-210,850;0,000;5543,363;-130,863;440,263
2020-09-03;7;17850,363;11464,500;-185,575;0,000;5698,950;406,450;476,363
2020-09-03;8;19893,563;13316,575;-6,050;0,000;5766,900;606,475;214,688
2020-09-03;9;20722,600;13477,100;-6,200;0,000;5803,113;1309,613;141,013
2020-09-03;10;20952,338;13227,238;-6,925;0,000;6143,913;1190,288;405,688
2020-09-03;11;20695,638;12327,150;-6,700;0,000;6703,813;1066,100;613,513
2020-09-03;12;21223,650;12623,175;10,175;0,000;7090,438;928,400;584,738
2020-09-03;13;21247,113;12783,063;187,500;0,000;6980,350;912,175;580,513
2020-09-03;14;21018,975;12527,963;276,100;0,000;6718,550;1178,213;601,075
2020-09-03;15;20612,550;11983,388;277,663;0,000;6541,263;1233,313;864,450
2020-09-03;16;20619,500;12533,275;174,300;0,000;6285,138;928,225;873,350
2020-09-03;17;20347,588;12811,850;-3,800;0,000;5803,675;956,475;785,538
2020-09-03;18;20138,775;12839,250;-3,763;0,000;5094,238;1336,025;872,775
2020-09-03;19;20032,938;13291,713;66,963;0,000;4487,250;1361,838;897,100
2020-09-03;20;21006,038;14008,863;281,088;0,000;4516,650;1421,000;1060,075
2020-09-03;21;21735,813;14131,500;418,963;0,000;4878,650;1473,075;1257,400
2020-09-03;22;20097,975;12247,975;289,188;0,000;5157,238;1432,700;1266,975
2020-09-03;23;18213,975;10301,925;307,400;0,000;5456,863;1232,700;1239,850
2020-09-03;24;16774,563;9283,700;111,538;0,000;5601,438;855,338;1054,188
