Data;Godzina;Krajowe zapotrzebowanie na moc;Sumaryczna generacja JWCD;Generacja PI;Generacja IRZ;Sumaryczna generacja nJWCD;Krajowe saldo wymiany miêdzysystemowej równoleg³ej;Krajowe saldo wymiany miêdzysystemowej nierównoleg³ej
2020-03-05;1;17850,625;9428,300;-10,025;0,000;6640,763;922,925;880,513
2020-03-05;2;17267,463;9345,038;-10,013;0,000;6507,000;720,213;715,288
2020-03-05;3;16963,013;9244,738;-9,938;0,000;6413,263;638,263;679,413
2020-03-05;4;17032,913;9212,863;-9,975;0,000;6312,813;803,475;720,513
2020-03-05;5;17281,013;9529,888;-257,200;0,000;6170,288;891,438;951,950
2020-03-05;6;18144,100;9722,900;-449,225;0,000;6186,963;1440,188;1254,575
2020-03-05;7;20313,238;11327,525;-49,588;0,000;6226,863;1471,250;1343,800
2020-03-05;8;22286,925;13226,525;-7,513;0,000;6256,525;1463,450;1354,300
2020-03-05;9;22764,500;13688,613;37,350;0,000;6264,950;1460,800;1359,438
2020-03-05;10;22614,038;13513,613;87,900;0,000;6097,538;1649,800;1364,950
2020-03-05;11;22210,425;13316,100;23,238;0,000;5999,838;1540,125;1366,488
2020-03-05;12;22363,038;13237,050;94,100;0,000;6196,888;1567,900;1361,875
2020-03-05;13;22409,325;13211,763;332,463;0,000;6260,263;1587,713;1353,988
2020-03-05;14;22509,850;13496,988;536,525;0,000;6136,588;1532,175;1350,475
2020-03-05;15;22218,450;13227,888;264,188;0,000;6089,300;1561,438;1351,513
2020-03-05;16;22124,500;13072,525;191,425;0,000;6085,588;1608,575;1365,438
2020-03-05;17;22133,900;13047,650;187,450;0,000;6167,575;1560,038;1364,163
2020-03-05;18;22821,488;13404,363;109,838;0,000;6522,925;1541,950;1357,938
2020-03-05;19;23854,175;13720,263;484,050;0,000;7384,488;1423,513;1338,788
2020-03-05;20;23886,388;13003,013;539,963;0,000;8105,950;1427,438;1361,613
2020-03-05;21;23279,188;12004,450;494,725;0,000;8608,250;1365,513;1313,875
2020-03-05;22;21767,838;11539,125;160,950;0,000;8711,500;754,100;773,763
2020-03-05;23;20143,638;10437,775;56,175;0,000;8651,163;381,013;690,525
2020-03-05;24;18770,025;9547,650;-12,625;0,000;8681,950;-243,063;803,925
