Data;Godzina;Krajowe zapotrzebowanie na moc;Sumaryczna generacja JWCD;Generacja PI;Generacja IRZ;Sumaryczna generacja nJWCD;Krajowe saldo wymiany miêdzysystemowej równoleg³ej;Krajowe saldo wymiany miêdzysystemowej nierównoleg³ej
2020-12-06;1;16030,775;7532,375;-13,263;0,000;9035,375;-831,238;310,650
2020-12-06;2;15382,163;7312,400;-45,525;0,000;9180,075;-1276,700;213,463
2020-12-06;3;15000,563;7177,788;-300,900;0,000;9415,413;-1494,600;206,738
2020-12-06;4;14920,300;7150,688;-581,188;0,000;9560,225;-1417,538;209,225
2020-12-06;5;14929,288;7314,300;-791,275;0,000;9762,600;-1569,200;215,775
2020-12-06;6;15117,475;7204,050;-788,163;0,000;9873,425;-1392,488;219,175
2020-12-06;7;15732,213;7452,300;-787,088;0,000;10060,088;-1210,663;218,800
2020-12-06;8;16041,688;7561,563;-710,075;0,000;10185,950;-1196,763;201,225
2020-12-06;9;17080,850;7332,625;-260,350;0,000;10579,625;-801,500;230,725
2020-12-06;10;18219,550;7872,563;8,425;0,000;10888,225;-913,313;378,575
2020-12-06;11;18918,525;8460,188;11,150;0,000;10986,663;-1307,400;790,425
2020-12-06;12;19118,200;8719,013;11,125;0,000;10856,550;-1331,913;890,263
2020-12-06;13;19167,463;8608,500;18,850;0,000;10873,050;-1187,913;895,313
2020-12-06;14;19161,775;7970,125;208,863;0,000;10838,688;-524,275;893,563
2020-12-06;15;18962,700;8014,000;214,038;0,000;10556,938;-491,800;897,213
2020-12-06;16;18987,925;8388,150;279,500;0,000;10482,438;-762,688;887,713
2020-12-06;17;19786,263;9008,425;675,438;0,000;10634,125;-728,525;872,063
2020-12-06;18;19951,563;9696,200;674,200;0,000;10787,513;-1272,400;743,200
2020-12-06;19;19976,888;9392,450;619,913;0,000;10793,700;-1088,625;886,463
2020-12-06;20;20051,188;9017,650;510,575;0,000;10791,850;-644,938;892,725
2020-12-06;21;19527,538;8617,050;260,863;0,000;10716,613;-677,000;882,638
2020-12-06;22;18712,288;8080,500;109,463;0,000;10685,413;-909,738;865,650
2020-12-06;23;18026,863;7903,825;-9,275;0,000;10621,700;-1200,263;719,613
2020-12-06;24;16966,075;7256,725;-147,238;0,000;10552,250;-1372,150;686,950
