Data;Godzina;Krajowe zapotrzebowanie na moc;Sumaryczna generacja JWCD;Generacja PI;Generacja IRZ;Sumaryczna generacja nJWCD;Krajowe saldo wymiany miêdzysystemowej równoleg³ej;Krajowe saldo wymiany miêdzysystemowej nierównoleg³ej
2020-07-30;1;16023,713;10343,688;-6,675;0,000;4156,538;888,025;647,338
2020-07-30;2;15432,963;10270,063;-6,725;0,000;4157,188;435,450;581,988
2020-07-30;3;14966,913;10269,975;-6,950;0,000;4196,425;-69,175;583,563
2020-07-30;4;14795,013;10270,688;-7,050;0,000;4215,150;-267,963;583,000
2020-07-30;5;14613,213;9996,325;-6,800;0,000;4431,013;-382,013;582,600
2020-07-30;6;14781,400;9729,038;-6,925;0,000;4588,775;-106,400;580,713
2020-07-30;7;16961,025;10934,775;-7,150;0,000;4886,600;553,475;595,313
2020-07-30;8;19099,150;12478,650;-7,300;0,000;4906,463;876,188;851,375
2020-07-30;9;20265,338;12744,838;19,900;0,000;5410,850;1082,925;1033,338
2020-07-30;10;20767,488;12874,763;50,575;0,000;6162,863;1021,338;717,550
2020-07-30;11;20893,588;12738,325;18,900;0,000;6742,088;744,650;682,725
2020-07-30;12;21211,438;12662,475;13,463;0,000;7143,375;731,025;683,425
2020-07-30;13;21303,013;12633,325;-4,663;0,000;7261,013;746,425;682,825
2020-07-30;14;21187,463;12593,638;90,350;0,000;7075,925;845,238;682,200
2020-07-30;15;20819,388;12378,138;-4,925;0,000;7044,238;724,213;682,025
2020-07-30;16;20551,488;12250,825;-7,050;0,000;6817,438;813,763;682,163
2020-07-30;17;20268,975;12323,225;-6,788;0,000;6408,400;861,325;683,388
2020-07-30;18;19954,975;12500,788;-6,938;0,000;5891,500;891,350;682,913
2020-07-30;19;19765,750;13298,563;-6,700;0,000;5193,425;641,688;646,175
2020-07-30;20;20054,375;14206,838;10,900;0,000;4572,125;605,675;680,088
2020-07-30;21;20276,438;14478,500;66,725;0,000;4424,500;687,600;694,000
2020-07-30;22;19974,388;13486,663;166,038;0,000;4338,163;1111,625;1055,563
2020-07-30;23;18415,850;11507,313;201,663;0,000;4362,275;1308,275;1262,163
2020-07-30;24;16990,900;10341,950;-8,925;0,000;4164,050;1355,425;1164,563
