Data;Godzina;Krajowe zapotrzebowanie na moc;Sumaryczna generacja JWCD;Generacja PI;Generacja IRZ;Sumaryczna generacja nJWCD;Krajowe saldo wymiany miêdzysystemowej równoleg³ej;Krajowe saldo wymiany miêdzysystemowej nierównoleg³ej
2020-01-21;1;18315,650;9150,725;-99,100;0,000;9249,200;-625,138;647,438
2020-01-21;2;17753,225;9469,613;-611,988;0,000;9221,125;-982,613;661,938
2020-01-21;3;17437,288;9354,013;-1051,100;0,000;9362,138;-884,700;664,513
2020-01-21;4;17544,738;9579,713;-1063,850;0,000;9344,913;-952,663;643,488
2020-01-21;5;17782,350;9758,013;-1059,588;0,000;9331,150;-778,850;540,613
2020-01-21;6;18701,825;9806,088;-645,200;0,000;9464,875;-379,688;459,900
2020-01-21;7;21516,788;11378,663;-84,238;0,000;9618,713;-290,163;900,800
2020-01-21;8;23456,700;13325,738;-6,725;0,000;9847,563;-954,600;1237,825
2020-01-21;9;24064,375;13545,175;-4,200;0,000;9906,863;-710,138;1321,425
2020-01-21;10;24082,138;12997,938;76,025;0,000;9838,163;-113,013;1373,725
2020-01-21;11;23603,600;12413,050;206,613;0,000;9771,675;57,088;1375,763
2020-01-21;12;23695,975;12691,588;515,413;0,000;9619,375;19,000;1374,513
2020-01-21;13;23516,525;12333,738;387,338;0,000;9442,625;370,950;1374,675
2020-01-21;14;23729,450;12650,863;373,325;0,000;9394,275;316,350;1374,375
2020-01-21;15;23415,738;12613,000;338,213;0,000;9319,863;106,100;1373,250
2020-01-21;16;23453,300;12808,313;347,700;0,000;9338,488;-62,763;1372,363
2020-01-21;17;24139,450;13074,000;272,238;0,000;9699,225;-0,800;1374,675
2020-01-21;18;24732,213;14114,138;413,050;0,000;9861,950;-622,613;1375,163
2020-01-21;19;24483,338;14142,563;397,688;0,000;9934,363;-965,575;1377,500
2020-01-21;20;24342,088;13798,950;339,963;0,000;9850,763;-680,138;1377,550
2020-01-21;21;23710,738;13216,713;330,538;0,000;9621,200;-488,938;1377,538
2020-01-21;22;22322,050;11829,275;10,738;0,000;9628,275;-474,188;1352,250
2020-01-21;23;20781,575;10352,625;-9,850;0,000;9629,150;-270,638;1093,188
2020-01-21;24;19525,625;9673,125;-10,400;0,000;9669,313;-576,575;774,963
