Data;Godzina;Krajowe zapotrzebowanie na moc;Sumaryczna generacja JWCD;Generacja PI;Generacja IRZ;Sumaryczna generacja nJWCD;Krajowe saldo wymiany miêdzysystemowej równoleg³ej;Krajowe saldo wymiany miêdzysystemowej nierównoleg³ej
2020-02-25;1;17829,100;9895,575;-207,313;0,000;7339,488;266,925;554,850
2020-02-25;2;17413,013;10507,375;-884,513;0,000;7551,038;-11,463;256,800
2020-02-25;3;17072,663;10074,425;-1125,963;0,000;7876,425;16,725;239,363
2020-02-25;4;17135,300;9791,388;-1120,100;0,000;8208,250;13,088;246,538
2020-02-25;5;17394,313;9828,238;-1108,238;0,000;8501,063;-49,000;231,513
2020-02-25;6;18320,325;10029,413;-866,188;0,000;8898,300;-4,963;271,025
2020-02-25;7;20609,513;10840,938;-95,550;0,000;9139,663;197,625;525,725
2020-02-25;8;22509,963;12400,475;36,600;0,000;9160,613;441,350;520,100
2020-02-25;9;23372,813;12581,813;7,050;0,000;9274,850;698,375;827,025
2020-02-25;10;23540,175;12285,063;10,813;0,000;9393,513;1097,438;780,375
2020-02-25;11;23213,913;11769,675;139,400;0,000;9271,125;1215,938;977,150
2020-02-25;12;23276,813;11544,625;246,088;0,000;9185,688;1256,213;1306,025
2020-02-25;13;23190,000;12000,638;286,350;0,000;8826,488;1051,738;1331,838
2020-02-25;14;23210,388;12345,838;393,250;0,000;8596,288;954,300;1327,000
2020-02-25;15;22883,275;12256,838;335,638;0,000;8449,900;856,488;1331,038
2020-02-25;16;22654,738;12508,313;368,788;0,000;8044,813;781,350;1323,600
2020-02-25;17;22661,613;12683,538;260,350;0,000;8119,850;743,500;1121,488
2020-02-25;18;23490,200;13484,075;323,650;0,000;8175,975;762,650;1066,400
2020-02-25;19;23913,363;13509,513;149,250;0,000;8418,963;734,075;1248,400
2020-02-25;20;23891,438;12788,738;147,338;0,000;8958,775;816,675;1340,075
2020-02-25;21;23169,863;11894,038;290,000;0,000;9134,138;850,738;1305,275
2020-02-25;22;21669,288;10970,538;243,300;0,000;9137,400;505,250;1069,038
2020-02-25;23;20196,213;10259,650;14,200;0,000;8932,575;206,875;813,213
2020-02-25;24;18878,450;9805,600;-4,025;0,000;8729,613;-370,800;735,100
