Data;Godzina;Krajowe zapotrzebowanie na moc;Sumaryczna generacja JWCD;Generacja PI;Generacja IRZ;Sumaryczna generacja nJWCD;Krajowe saldo wymiany miêdzysystemowej równoleg³ej;Krajowe saldo wymiany miêdzysystemowej nierównoleg³ej
2020-02-16;1;16098,188;6570,263;-12,763;0,000;9254,863;52,575;259,825
2020-02-16;2;15486,775;6269,925;-306,963;0,000;9235,538;34,775;259,400
2020-02-16;3;15081,100;6220,800;-569,513;0,000;9212,075;-38,575;260,900
2020-02-16;4;15018,338;6336,775;-984,788;0,000;9362,188;52,075;252,238
2020-02-16;5;14986,050;6403,763;-1206,288;0,000;9532,738;5,738;251,675
2020-02-16;6;15017,375;6506,275;-1190,738;0,000;9472,138;-85,938;317,500
2020-02-16;7;15260,350;6586,300;-1122,313;0,000;9574,363;-87,075;314,100
2020-02-16;8;15495,813;6293,700;-836,213;0,000;9740,625;-79,875;390,063
2020-02-16;9;16259,975;6367,150;-151,463;0,000;9775,150;-157,238;471,225
2020-02-16;10;16827,400;6609,113;233,500;0,000;9623,788;88,038;510,238
2020-02-16;11;17253,288;6660,500;312,613;0,000;9664,588;199,363;740,313
2020-02-16;12;17332,200;6758,175;337,950;0,000;9658,975;116,838;808,763
2020-02-16;13;17443,275;6739,050;290,300;0,000;9679,650;300,225;732,150
2020-02-16;14;17629,725;6893,088;335,350;0,000;9715,413;288,875;743,863
2020-02-16;15;17348,125;7188,550;342,200;0,000;9737,113;347,613;78,213
2020-02-16;16;17074,900;7072,075;351,463;0,000;9763,138;207,963;40,613
2020-02-16;17;17256,075;6910,588;349,238;0,000;9850,300;224,575;279,825
2020-02-16;18;18469,875;7851,238;482,600;0,000;9924,850;73,900;617,013
2020-02-16;19;18977,238;7832,925;460,913;0,000;10109,588;109,900;931,225
2020-02-16;20;18986,563;7860,525;438,463;0,000;10077,475;107,200;948,400
2020-02-16;21;18525,450;7628,500;365,375;0,000;10078,700;-101,488;933,988
2020-02-16;22;17800,438;7053,788;121,700;0,000;10031,813;151,175;581,938
2020-02-16;23;17119,663;6859,525;130,775;0,000;9999,988;116,663;149,650
2020-02-16;24;16169,813;6163,213;-1,800;0,000;9867,663;311,125;-66,000
