Data;Godzina;Krajowe zapotrzebowanie na moc;Sumaryczna generacja JWCD;Generacja PI;Generacja IRZ;Sumaryczna generacja nJWCD;Krajowe saldo wymiany miêdzysystemowej równoleg³ej;Krajowe saldo wymiany miêdzysystemowej nierównoleg³ej
2020-05-08;1;15461,500;8945,800;-8,613;261,113;4807,338;895,363;826,550
2020-05-08;2;14999,838;9146,988;-186,175;261,188;4633,475;685,125;722,488
2020-05-08;3;14630,563;9606,700;-419,238;263,787;4494,913;438,575;512,938
2020-05-08;4;14695,613;10052,463;-665,638;260,763;4492,275;335,138;484,625
2020-05-08;5;14687,100;10046,150;-663,213;260,850;4494,488;342,075;470,000
2020-05-08;6;14605,250;9311,100;-521,350;261,200;4528,400;642,575;648,100
2020-05-08;7;16487,700;10673,163;-140,150;261,513;4696,938;938,138;319,850
2020-05-08;8;18328,925;12193,925;-7,113;260,588;4665,213;1362,188;121,625
2020-05-08;9;19369,438;12644,650;-7,675;260,925;4972,825;1594,775;167,613
2020-05-08;10;19606,388;12400,913;72,938;260,500;5436,863;1572,863;208,525
2020-05-08;11;19457,713;11940,063;102,750;259,700;5686,975;1522,213;321,913
2020-05-08;12;19480,975;11911,950;195,163;260,925;5766,013;1506,388;298,925
2020-05-08;13;19388,788;11917,313;805,100;260,838;5752,963;1453,125;270,113
2020-05-08;14;19264,000;11650,163;659,513;258,575;5707,138;1492,500;422,863
2020-05-08;15;18785,300;11126,763;288,413;262,125;5660,000;1363,963;641,500
2020-05-08;16;18506,013;10939,638;239,875;260,800;5471,225;1353,550;745,013
2020-05-08;17;18186,450;10706,188;239,675;259,613;5162,413;1397,650;931,538
2020-05-08;18;18059,088;10736,400;239,200;261,700;4981,363;1413,100;934,125
2020-05-08;19;18075,775;11078,063;197,438;260,988;4599,388;1588,463;812,238
2020-05-08;20;18278,288;11617,038;246,975;260,450;4334,788;1500,538;826,050
2020-05-08;21;18943,075;11958,525;264,238;260,763;4452,638;1558,788;980,050
2020-05-08;22;18741,963;11389,963;61,575;260,200;4456,275;1623,663;1275,275
2020-05-08;23;17389,000;9939,625;-5,275;260,513;4517,713;1645,488;1297,575
2020-05-08;24;16180,675;8972,925;-48,775;260,875;4535,588;1473,675;1251,000
