Data;Godzina;Krajowe zapotrzebowanie na moc;Sumaryczna generacja JWCD;Generacja PI;Generacja IRZ;Sumaryczna generacja nJWCD;Krajowe saldo wymiany miêdzysystemowej równoleg³ej;Krajowe saldo wymiany miêdzysystemowej nierównoleg³ej
2020-06-09;1;15540,338;9579,988;-62,100;0,000;3320,875;1584,338;1121,800
2020-06-09;2;14931,613;9457,425;-325,688;0,000;3320,263;1397,238;1081,038
2020-06-09;3;14555,075;9480,688;-399,325;0,000;3174,438;1242,163;1055,488
2020-06-09;4;14473,138;9488,863;-480,225;0,000;3146,488;1263,775;1054,488
2020-06-09;5;14232,263;9465,900;-479,350;0,000;3197,575;1121,588;929,663
2020-06-09;6;14652,225;9528,888;-461,025;0,000;3262,825;1272,088;1051,425
2020-06-09;7;16939,050;11115,263;-50,813;0,000;3413,988;1530,225;928,225
2020-06-09;8;19099,875;13193,663;-6,550;0,000;3557,063;1602,188;753,988
2020-06-09;9;20193,313;14280,850;-3,563;0,000;3725,975;1659,988;532,825
2020-06-09;10;20516,300;14341,838;76,313;0,000;3822,663;1622,463;737,663
2020-06-09;11;20656,863;14556,313;104,975;0,000;4061,475;1270,025;778,588
2020-06-09;12;20993,100;14878,213;106,975;0,000;4174,238;1463,225;483,525
2020-06-09;13;21032,525;14640,325;9,300;0,000;4266,800;1642,338;490,713
2020-06-09;14;20901,563;14479,500;-4,575;0,000;4307,675;1626,338;493,513
2020-06-09;15;20395,713;13972,950;-4,713;0,000;4215,288;1643,375;562,350
2020-06-09;16;20082,575;13390,850;-3,963;0,000;4227,000;1682,738;792,900
2020-06-09;17;19623,625;13063,250;-3,775;0,000;4152,100;1545,413;866,125
2020-06-09;18;19304,563;12641,075;76,088;0,000;4047,325;1775,400;843,538
2020-06-09;19;19218,950;12809,488;488,800;0,000;3957,513;1818,625;639,638
2020-06-09;20;19457,738;12924,575;722,000;0,000;3965,013;1736,188;833,713
2020-06-09;21;19527,013;13000,025;604,625;0,000;3933,325;1691,563;907,225
2020-06-09;22;19293,238;12571,300;151,025;0,000;3958,250;1726,800;1047,538
2020-06-09;23;18189,838;11528,888;0,525;0,000;3878,025;1750,113;1045,775
2020-06-09;24;16706,113;10126,563;-7,438;0,000;3705,750;1893,713;998,513
