Data;Godzina;Krajowe zapotrzebowanie na moc;Sumaryczna generacja JWCD;Generacja PI;Generacja IRZ;Sumaryczna generacja nJWCD;Krajowe saldo wymiany miêdzysystemowej równoleg³ej;Krajowe saldo wymiany miêdzysystemowej nierównoleg³ej
2020-11-15;1;15521,150;8529,275;-7,475;0,000;5886,088;651,125;469,463
2020-11-15;2;14878,138;8163,238;-7,913;0,000;5935,363;258,125;535,450
2020-11-15;3;14568,413;8184,813;-6,650;0,000;5991,800;-103,300;505,275
2020-11-15;4;14359,300;8211,075;-89,675;0,000;6094,538;-305,413;454,225
2020-11-15;5;14380,888;8148,063;-138,763;0,000;6172,975;-91,675;289,738
2020-11-15;6;14484,413;8262,150;-216,638;0,000;6232,100;-257,125;464,350
2020-11-15;7;14648,913;8454,863;-328,500;0,000;6368,063;-255,213;411,938
2020-11-15;8;15088,475;8128,675;-374,613;0,000;6702,288;149,638;483,900
2020-11-15;9;16089,850;8103,613;-181,063;0,000;7045,450;387,525;747,538
2020-11-15;10;16786,675;8173,000;75,250;0,000;7025,125;543,213;1053,513
2020-11-15;11;17276,063;8701,600;194,350;0,000;6885,113;793,250;898,638
2020-11-15;12;17450,925;9132,400;202,913;0,000;6769,325;758,700;789,775
2020-11-15;13;17521,563;9155,675;344,450;0,000;6723,263;777,263;866,338
2020-11-15;14;17477,388;8895,913;347,288;0,000;6661,963;983,600;937,325
2020-11-15;15;17226,988;8776,113;180,400;0,000;6646,125;902,888;904,850
2020-11-15;16;17330,463;8911,550;172,088;0,000;6901,463;775,525;740,350
2020-11-15;17;18466,113;9585,863;272,550;0,000;7573,788;854,688;445,188
2020-11-15;18;18931,400;9880,163;486,275;0,000;7882,588;961,488;208,538
2020-11-15;19;18979,600;9669,488;443,625;0,000;8027,400;981,888;304,913
2020-11-15;20;18926,613;9362,475;428,088;0,000;7978,475;776,550;812,413
2020-11-15;21;18546,888;9191,838;274,863;0,000;8085,575;419,725;852,388
2020-11-15;22;17756,025;8859,225;56,175;0,000;8105,400;394,600;403,763
2020-11-15;23;17141,975;8588,150;-6,750;0,000;8227,138;112,288;224,163
2020-11-15;24;16249,550;7858,000;-106,875;0,000;8176,875;94,075;233,088
