Data;Godzina;Krajowe zapotrzebowanie na moc;Sumaryczna generacja JWCD;Generacja PI;Generacja IRZ;Sumaryczna generacja nJWCD;Krajowe saldo wymiany miêdzysystemowej równoleg³ej;Krajowe saldo wymiany miêdzysystemowej nierównoleg³ej
2020-06-21;1;14257,425;9142,300;51,088;0,000;3757,075;1004,375;360,100
2020-06-21;2;13492,938;8870,075;50,850;0,000;3629,650;802,625;202,900
2020-06-21;3;13159,600;8940,250;51,000;0,000;3544,388;494,450;194,488
2020-06-21;4;12955,075;8878,525;51,038;0,000;3504,650;482,700;100,663
2020-06-21;5;12453,113;8622,450;-20,200;0,000;3474,938;317,175;118,150
2020-06-21;6;12309,563;8875,925;-351,025;0,000;3441,100;279,950;126,200
2020-06-21;7;12706,375;9181,900;-503,438;0,000;3464,000;438,375;191,163
2020-06-21;8;13488,038;9302,450;-432,138;0,000;3486,538;704,488;487,600
2020-06-21;9;14367,363;9321,700;53,075;0,000;3552,438;876,588;620,338
2020-06-21;10;15313,238;9640,838;97,900;0,000;3729,213;1216,175;736,738
2020-06-21;11;15797,025;9637,713;131,163;0,000;3844,725;1441,050;892,950
2020-06-21;12;16069,050;9753,413;135,150;0,000;3931,325;1447,638;940,650
2020-06-21;13;16219,200;9742,275;117,150;0,000;4107,688;1437,063;941,350
2020-06-21;14;16160,788;9629,250;114,750;0,000;4278,450;1320,825;937,625
2020-06-21;15;15757,375;9296,163;114,363;0,000;4375,863;1157,888;932,975
2020-06-21;16;15527,988;8842,788;60,900;0,000;4518,288;1216,025;957,175
2020-06-21;17;15227,263;8481,650;53,250;0,000;4339,188;1496,263;917,988
2020-06-21;18;15341,563;8626,088;53,288;0,000;4223,525;1566,863;928,350
2020-06-21;19;15504,250;9014,825;97,913;0,000;4014,050;1579,663;903,725
2020-06-21;20;15751,338;9421,488;131,550;0,000;3847,775;1566,850;920,725
2020-06-21;21;15896,750;9698,025;134,913;9,113;3748,875;1524,838;935,038
2020-06-21;22;16129,713;9937,025;81,313;52,238;3803,075;1460,938;936,013
2020-06-21;23;15802,738;9324,463;54,475;105,263;3909,175;1647,700;934,875
2020-06-21;24;14706,225;8522,938;42,413;123,050;3954,763;1290,688;957,563
