Data;Godzina;Krajowe zapotrzebowanie na moc;Sumaryczna generacja JWCD;Generacja PI;Generacja IRZ;Sumaryczna generacja nJWCD;Krajowe saldo wymiany miêdzysystemowej równoleg³ej;Krajowe saldo wymiany miêdzysystemowej nierównoleg³ej
2020-02-13;1;18292,588;8617,013;-596,350;80,412;10187,525;-146,225;231,650
2020-02-13;2;17804,650;8949,913;-962,013;78,925;10081,900;-457,913;191,075
2020-02-13;3;17423,475;8993,188;-1149,175;79,050;9982,663;-583,850;186,600
2020-02-13;4;17483,225;9268,200;-1259,413;80,550;9880,875;-542,475;142,775
2020-02-13;5;17791,363;9624,275;-1322,038;79,750;9791,288;-312,075;14,863
2020-02-13;6;18688,438;10066,263;-1145,750;79,088;9764,438;-88,475;105,150
2020-02-13;7;21095,988;11233,625;-115,163;79,925;9581,813;266,075;137,713
2020-02-13;8;22733,813;12902,488;-3,088;79,863;9511,763;-34,888;360,463
2020-02-13;9;23560,688;13884,300;47,075;87,312;9271,363;-185,288;594,238
2020-02-13;10;23566,700;13614,413;6,325;125,525;9038,713;-10,488;933,638
2020-02-13;11;23119,550;12974,300;-3,113;189,775;8740,988;361,275;1051,475
2020-02-13;12;23260,163;13241,963;-3,375;228,800;8339,325;536,563;1156,700
2020-02-13;13;23176,938;13584,038;-3,025;229,300;7828,163;632,800;1147,175
2020-02-13;14;23413,875;13982,650;-3,175;228,100;7661,575;613,388;1164,413
2020-02-13;15;23135,863;14232,563;-3,138;229,512;7270,150;395,275;1237,675
2020-02-13;16;23034,900;14428,213;-2,963;230,850;6859,688;489,788;1259,763
2020-02-13;17;23263,050;14641,413;33,650;229,362;6797,738;467,575;1356,888
2020-02-13;18;24392,200;15354,575;120,388;229,538;7118,125;576,950;1344,913
2020-02-13;19;24424,138;14879,063;110,600;94,500;7615,175;609,913;1341,125
2020-02-13;20;24233,463;14510,388;52,638;77,037;7848,013;543,563;1345,150
2020-02-13;21;23636,113;13932,400;1,013;80,088;7878,438;487,763;1350,713
2020-02-13;22;22157,363;13313,875;258,238;10,338;7676,163;-174,800;1351,463
2020-02-13;23;20627,350;12095,925;98,738;0,000;7477,500;-270,800;1334,638
2020-02-13;24;19305,375;11183,363;-6,025;0,000;7207,825;-213,888;1143,625
