Data;Godzina;Krajowe zapotrzebowanie na moc;Sumaryczna generacja JWCD;Generacja PI;Generacja IRZ;Sumaryczna generacja nJWCD;Krajowe saldo wymiany miêdzysystemowej równoleg³ej;Krajowe saldo wymiany miêdzysystemowej nierównoleg³ej
2020-02-11;1;18050,075;8531,075;-307,825;77,738;9450,063;91,675;302,488
2020-02-11;2;17497,038;8941,988;-835,813;77,438;9035,100;120,713;238,388
2020-02-11;3;17134,613;9011,250;-928,500;78,250;8867,863;-41,488;237,400
2020-02-11;4;17275,975;9130,975;-924,438;78,762;8812,225;18,875;242,475
2020-02-11;5;17515,600;9475,475;-742,863;77,763;8588,738;-42,938;234,438
2020-02-11;6;18398,250;9945,625;-599,550;76,887;8834,525;-15,075;239,213
2020-02-11;7;20897,950;11204,988;-131,550;78,625;9340,025;190,213;295,875
2020-02-11;8;22610,300;12321,238;-5,763;77,862;9685,550;76,988;531,288
2020-02-11;9;23507,888;12867,200;12,600;79,287;9948,863;32,775;668,213
2020-02-11;10;23914,975;12993,275;97,500;78,438;10196,275;12,775;723,225
2020-02-11;11;23780,563;12702,313;264,688;79,375;10373,213;60,113;661,600
2020-02-11;12;23891,700;12789,413;426,750;79,613;10412,825;15,825;690,475
2020-02-11;13;23876,713;12824,213;334,888;79,175;10343,038;17,388;695,313
2020-02-11;14;24005,300;12887,575;277,850;79,225;10458,513;-43,650;706,663
2020-02-11;15;23740,025;12531,225;-6,263;78,837;10505,388;67,600;636,675
2020-02-11;16;23579,413;12378,413;175,588;79,675;10455,725;66,525;674,650
2020-02-11;17;23541,313;12412,688;273,625;77,238;10478,725;-20,525;684,038
2020-02-11;18;24493,438;13230,950;534,963;78,250;10531,488;28,863;715,163
2020-02-11;19;24334,300;13028,388;711,375;77,975;10629,250;15,863;668,750
2020-02-11;20;24124,975;12848,013;694,938;79,212;10652,713;-3,438;635,975
2020-02-11;21;23378,500;12064,975;398,975;80,150;10667,913;24,563;627,763
2020-02-11;22;21884,800;10611,088;330,863;79,450;10654,325;-21,038;650,325
2020-02-11;23;20229,350;9190,575;158,563;78,200;10525,513;0,400;523,338
2020-02-11;24;19075,725;8389,625;-20,738;79,050;10438,725;-2,625;279,125
