Data;Godzina;Krajowe zapotrzebowanie na moc;Sumaryczna generacja JWCD;Generacja PI;Generacja IRZ;Sumaryczna generacja nJWCD;Krajowe saldo wymiany miêdzysystemowej równoleg³ej;Krajowe saldo wymiany miêdzysystemowej nierównoleg³ej
2020-12-28;1;14973,075;6115,150;-865,688;0,000;10147,300;-459,225;34,463
2020-12-28;2;14467,888;5714,313;-1109,438;0,000;10059,525;-199,575;0,238
2020-12-28;3;14216,275;5868,038;-1403,625;0,000;9955,588;-215,125;11,125
2020-12-28;4;14137,813;5869,925;-1397,538;0,000;9832,075;-106,138;-63,438
2020-12-28;5;14540,825;6350,500;-1391,250;0,000;9778,150;-93,525;-104,200
2020-12-28;6;15396,525;7517,225;-1030,088;0,000;9763,038;-760,363;-90,225
2020-12-28;7;17604,800;8323,550;-77,100;0,000;9732,650;-348,625;24,488
2020-12-28;8;19365,475;9438,750;110,913;0,000;9925,963;-262,113;273,475
2020-12-28;9;20626,488;9955,488;230,738;0,000;10091,125;106,738;477,588
2020-12-28;10;21640,775;10170,975;313,388;0,000;10275,500;586,263;616,063
2020-12-28;11;21943,125;10272,000;330,063;0,000;10190,900;595,988;889,575
2020-12-28;12;22371,825;10941,100;365,338;0,000;10218,975;310,975;899,513
2020-12-28;13;22643,125;11923,075;366,438;0,000;9992,663;31,550;699,213
2020-12-28;14;22631,400;12059,938;118,175;0,000;9605,663;361,438;607,888
2020-12-28;15;22038,650;12076,150;-9,313;0,000;9302,488;175,625;492,038
2020-12-28;16;21910,788;12394,475;117,088;0,000;9036,300;-189,863;675,175
2020-12-28;17;22474,563;12744,288;404,300;0,000;8967,975;54,338;703,150
2020-12-28;18;22304,200;12976,713;722,163;0,000;8954,700;-229,525;599,638
2020-12-28;19;21970,188;12781,025;494,663;0,000;8828,163;-268,600;631,913
2020-12-28;20;21655,913;12521,438;253,175;0,000;8702,213;-629,900;1070,863
2020-12-28;21;20979,963;11780,050;75,313;0,000;8435,100;-323,200;1092,825
2020-12-28;22;19789,875;10646,488;162,538;0,000;8596,225;-356,363;911,950
2020-12-28;23;18592,213;9679,363;130,663;0,000;8632,888;-771,600;1068,413
2020-12-28;24;17250,825;8941,938;-126,888;0,000;8575,100;-941,263;805,950
