Data;Godzina;Krajowe zapotrzebowanie na moc;Sumaryczna generacja JWCD;Generacja PI;Generacja IRZ;Sumaryczna generacja nJWCD;Krajowe saldo wymiany miêdzysystemowej równoleg³ej;Krajowe saldo wymiany miêdzysystemowej nierównoleg³ej
2020-07-27;1;13998,250;9393,013;-38,663;0,000;3596,313;373,300;677,750
2020-07-27;2;13530,850;9861,275;-512,450;0,000;3505,763;182,425;492,650
2020-07-27;3;13352,675;9827,563;-609,963;0,000;3512,588;211,963;409,325
2020-07-27;4;13281,813;9777,300;-588,488;0,000;3496,350;198,025;400,875
2020-07-27;5;13322,275;10185,025;-460,750;0,000;3411,825;-106,263;289,413
2020-07-27;6;13832,775;10633,350;-405,150;0,000;3481,738;-335,238;462,188
2020-07-27;7;16386,938;12340,200;-155,500;0,000;3602,150;4,813;597,888
2020-07-27;8;18795,425;14105,250;17,300;0,000;3762,700;276,463;653,538
2020-07-27;9;20239,550;15036,900;160,800;0,000;4048,200;392,488;762,900
2020-07-27;10;20905,300;15152,000;153,738;0,000;4272,513;752,325;725,850
2020-07-27;11;21000,413;14970,463;97,138;0,000;4423,875;831,525;783,800
2020-07-27;12;21355,988;15202,525;18,938;0,000;4519,888;858,400;792,350
2020-07-27;13;21543,063;15428,100;-5,963;0,000;4562,663;762,863;792,888
2020-07-27;14;21388,613;15345,863;-7,975;0,000;4486,838;770,138;792,200
2020-07-27;15;20986,363;15007,875;-7,488;0,000;4325,238;706,638;953,788
2020-07-27;16;20769,363;14637,113;46,000;0,000;4238,313;671,525;1226,838
2020-07-27;17;20450,750;14322,125;153,863;0,000;4060,400;847,775;1227,125
2020-07-27;18;20124,738;14318,563;278,863;0,000;3884,188;697,600;1226,150
2020-07-27;19;19965,938;14327,175;177,788;0,000;3715,600;696,975;1226,425
2020-07-27;20;20131,213;14447,013;62,675;0,000;3698,825;762,900;1225,713
2020-07-27;21;20345,763;14065,863;30,988;0,000;3870,663;1187,313;1226,113
2020-07-27;22;20125,563;13491,288;140,763;0,000;4070,150;1342,913;1226,125
2020-07-27;23;18570,325;11755,300;47,725;0,000;4129,363;1475,663;1225,300
2020-07-27;24;17014,475;10317,000;-6,300;0,000;4106,413;1422,525;1187,763
