Data;Godzina;Krajowe zapotrzebowanie na moc;Sumaryczna generacja JWCD;Generacja PI;Generacja IRZ;Sumaryczna generacja nJWCD;Krajowe saldo wymiany miêdzysystemowej równoleg³ej;Krajowe saldo wymiany miêdzysystemowej nierównoleg³ej
2020-01-14;1;17854,288;9581,450;-7,738;0,000;6730,038;399,050;1153,975
2020-01-14;2;17341,513;9498,263;-10,138;0,000;6832,113;188,113;835,300
2020-01-14;3;17066,750;9605,700;-10,213;0,000;7026,300;-414,325;858,538
2020-01-14;4;17116,013;9805,038;-87,075;0,000;7118,550;-426,038;702,050
2020-01-14;5;17513,675;9904,050;-231,863;0,000;7477,163;-302,438;663,075
2020-01-14;6;18343,638;9884,875;-171,425;0,000;7839,888;-148,063;936,375
2020-01-14;7;21181,888;11941,863;-24,975;0,000;8244,013;-80,600;1090,975
2020-01-14;8;23214,450;13984,000;-6,913;0,000;8719,163;-822,250;1328,950
2020-01-14;9;23941,125;14567,950;94,513;0,000;8970,700;-951,813;1357,325
2020-01-14;10;24024,288;14703,563;163,300;0,000;8989,288;-1008,988;1359,563
2020-01-14;11;23751,800;14405,988;188,313;0,000;8924,438;-913,763;1358,675
2020-01-14;12;23830,463;14258,963;310,500;0,000;8798,075;-578,500;1360,150
2020-01-14;13;23841,588;14037,638;346,163;0,000;8951,238;-496,600;1362,763
2020-01-14;14;23842,988;13898,750;362,300;0,000;9095,350;-502,013;1359,988
2020-01-14;15;23706,900;13605,188;375,375;0,000;9167,013;-426,688;1361,038
2020-01-14;16;23583,200;13535,988;484,300;0,000;9455,288;-759,350;1359,613
2020-01-14;17;24555,113;13999,213;557,688;0,000;9738,200;-547,725;1360,788
2020-01-14;18;24800,125;13741,725;689,675;0,000;10024,125;-324,588;1362,038
2020-01-14;19;24527,150;13307,913;476,513;0,000;10135,575;-275,675;1358,488
2020-01-14;20;24402,900;13273,388;278,388;0,000;10107,388;-320,150;1358,688
2020-01-14;21;23900,800;12778,688;65,038;0,000;10060,513;-299,413;1360,163
2020-01-14;22;22313,175;11495,975;-6,175;0,000;9990,900;-373,538;1199,875
2020-01-14;23;20767,575;10236,250;-8,113;0,000;9816,988;-357,200;1079,725
2020-01-14;24;19465,963;9686,875;-45,525;0,000;9698,875;-641,700;769,888
