Data;Godzina;Krajowe zapotrzebowanie na moc;Sumaryczna generacja JWCD;Generacja PI;Generacja IRZ;Sumaryczna generacja nJWCD;Krajowe saldo wymiany miêdzysystemowej równoleg³ej;Krajowe saldo wymiany miêdzysystemowej nierównoleg³ej
2020-08-05;1;15530,375;9401,875;-287,125;0,000;3724,325;1489,400;1210,138
2020-08-05;2;14939,013;9449,488;-400,450;0,000;3613,588;1221,363;1061,925
2020-08-05;3;14658,675;9560,650;-400,363;0,000;3579,500;938,625;987,363
2020-08-05;4;14552,263;9394,288;-399,663;0,000;3557,675;1010,513;994,813
2020-08-05;5;14770,550;9397,350;-404,438;0,000;3545,075;1387,238;849,150
2020-08-05;6;14803,375;9318,825;-439,338;0,000;3626,375;1358,688;947,213
2020-08-05;7;16863,075;10471,000;-98,850;0,000;3804,888;1743,288;955,013
2020-08-05;8;18819,500;12113,663;-4,475;0,000;3865,700;1880,638;968,338
2020-08-05;9;20041,850;13396,213;50,038;0,000;3869,575;1919,075;867,738
2020-08-05;10;20573,888;14014,338;57,638;0,000;4086,725;1601,363;883,138
2020-08-05;11;20621,275;14070,013;68,463;0,000;4243,700;1492,350;826,250
2020-08-05;12;20956,813;14355,225;23,925;0,000;4491,950;1059,150;1061,075
2020-08-05;13;21085,625;14664,925;26,188;0,000;4573,638;885,813;974,938
2020-08-05;14;20984,463;14352,300;-3,000;0,000;4532,250;987,388;1123,738
2020-08-05;15;20524,000;14084,313;-2,550;0,000;4365,400;944,238;1137,900
2020-08-05;16;20340,838;14063,775;-2,700;0,000;4162,138;987,963;1137,200
2020-08-05;17;19983,138;13885,488;-5,750;0,000;3955,050;998,538;1156,625
2020-08-05;18;19688,888;13588,050;47,075;0,000;3749,125;1112,863;1249,750
2020-08-05;19;19510,788;13140,538;140,813;0,000;3588,025;1513,175;1286,188
2020-08-05;20;19604,313;13186,825;175,863;0,000;3520,488;1613,138;1291,025
2020-08-05;21;20066,850;13431,700;181,350;0,000;3660,925;1690,075;1294,788
2020-08-05;22;19808,300;12799,138;129,688;0,000;4086,325;1661,638;1274,263
2020-08-05;23;18139,638;10613,388;-3,688;0,000;4513,088;1759,300;1271,788
2020-08-05;24;16768,350;9414,675;-6,188;0,000;4688,488;1474,188;1205,975
