Data;Godzina;Krajowe zapotrzebowanie na moc;Sumaryczna generacja JWCD;Generacja PI;Generacja IRZ;Sumaryczna generacja nJWCD;Krajowe saldo wymiany miêdzysystemowej równoleg³ej;Krajowe saldo wymiany miêdzysystemowej nierównoleg³ej
2020-08-02;1;13882,000;7737,613;-8,875;0,000;4433,563;703,888;1015,700
2020-08-02;2;13243,613;7716,688;-10,050;0,000;4265,263;337,263;933,913
2020-08-02;3;12829,275;7915,325;-12,263;0,000;4143,150;166,375;617,063
2020-08-02;4;12677,125;8549,325;-12,550;0,000;3978,813;-71,225;232,675
2020-08-02;5;12442,538;8508,325;-12,650;0,000;3867,400;-116,463;195,363
2020-08-02;6;11949,625;8174,188;-12,475;0,000;3825,438;-245,275;212,213
2020-08-02;7;12333,350;7752,425;-12,725;0,000;3852,200;193,088;551,725
2020-08-02;8;13289,375;7923,513;-12,113;0,000;3885,313;701,675;794,488
2020-08-02;9;14160,250;8347,888;-9,975;0,000;3865,938;918,450;1042,563
2020-08-02;10;14932,475;8674,175;-8,063;0,000;3993,063;1019,275;1256,475
2020-08-02;11;15344,600;9037,938;-6,625;0,000;4073,150;985,500;1254,875
2020-08-02;12;15569,600;8905,375;64,675;0,000;4190,225;1255,163;1219,038
2020-08-02;13;15542,375;8965,425;3,675;0,000;4230,988;1117,488;1235,525
2020-08-02;14;15516,400;8988,750;136,625;0,000;4181,500;1087,075;1265,713
2020-08-02;15;15194,925;8859,163;153,188;0,000;4123,038;955,213;1273,725
2020-08-02;16;14976,213;9004,775;133,800;0,000;3884,700;830,713;1273,613
2020-08-02;17;14946,413;9193,713;18,200;0,000;3634,125;851,300;1273,513
2020-08-02;18;15166,263;9729,050;48,275;0,000;3390,238;781,438;1272,713
2020-08-02;19;15510,813;10136,863;48,288;0,000;3253,100;869,738;1256,850
2020-08-02;20;15945,650;10493,200;114,050;0,000;3242,813;946,413;1268,688
2020-08-02;21;16472,888;10551,638;147,475;0,000;3278,388;1382,513;1266,950
2020-08-02;22;16802,675;10552,625;255,438;0,000;3453,925;1526,550;1276,613
2020-08-02;23;15980,138;9607,875;10,313;0,000;3531,100;1577,125;1276,050
2020-08-02;24;14861,975;8578,313;-7,150;0,000;3631,463;1424,813;1243,238
