Data;Godzina;Krajowe zapotrzebowanie na moc;Sumaryczna generacja JWCD;Generacja PI;Generacja IRZ;Sumaryczna generacja nJWCD;Krajowe saldo wymiany miêdzysystemowej równoleg³ej;Krajowe saldo wymiany miêdzysystemowej nierównoleg³ej
2020-07-14;1;15666,288;10077,863;-6,175;0,000;3445,875;1239,913;911,163
2020-07-14;2;15025,025;9952,225;-8,500;0,000;3498,650;888,238;696,475
2020-07-14;3;14625,200;9949,600;-9,125;0,000;3444,113;547,775;692,263
2020-07-14;4;14568,263;10168,838;-267,338;0,000;3382,888;490,788;793,675
2020-07-14;5;14363,788;10411,175;-341,700;0,000;3337,350;188,413;772,850
2020-07-14;6;14701,050;10392,425;-341,100;0,000;3338,250;421,463;891,163
2020-07-14;7;16989,888;11843,425;-48,088;0,000;3531,713;959,238;705,513
2020-07-14;8;19095,950;13127,238;-6,375;0,000;3737,688;1364,850;877,100
2020-07-14;9;20272,013;13632,100;-2,738;0,000;4008,075;1532,813;1104,100
2020-07-14;10;20865,650;13822,288;41,113;0,000;4324,913;1497,463;1223,763
2020-07-14;11;20980,025;14013,650;73,738;0,000;4584,375;1157,425;1231,263
2020-07-14;12;21432,488;14660,788;77,188;0,000;4773,363;768,550;1232,738
2020-07-14;13;21368,050;14857,213;59,463;0,000;4759,325;532,900;1231,325
2020-07-14;14;21218,700;14716,975;57,225;0,000;4665,325;611,775;1230,113
2020-07-14;15;20740,963;14372,063;4,838;0,000;4518,188;619,713;1230,863
2020-07-14;16;20638,613;14448,263;-2,800;0,000;4246,288;715,375;1231,963
2020-07-14;17;20281,363;14066,000;-2,800;0,000;4008,213;969,475;1231,313
2020-07-14;18;19941,500;13460,925;46,625;0,000;3766,800;1486,713;1230,525
2020-07-14;19;19668,550;12996,425;72,838;0,000;3570,700;1877,938;1230,450
2020-07-14;20;19900,488;13533,538;92,313;0,000;3539,413;1600,463;1232,663
2020-07-14;21;19913,850;13365,700;211,488;0,000;3765,313;1563,713;1230,950
2020-07-14;22;19731,213;12773,313;137,538;0,000;4251,463;1480,588;1231,275
2020-07-14;23;18537,200;11217,138;-7,763;0,000;4599,400;1513,050;1228,188
2020-07-14;24;17058,138;10020,663;-9,850;0,000;4821,513;1212,925;1022,338
