Data;Godzina;Krajowe zapotrzebowanie na moc;Sumaryczna generacja JWCD;Generacja PI;Generacja IRZ;Sumaryczna generacja nJWCD;Krajowe saldo wymiany miêdzysystemowej równoleg³ej;Krajowe saldo wymiany miêdzysystemowej nierównoleg³ej
2020-08-26;1;16008,063;10377,800;-7,775;0,000;4514,763;419,425;708,650
2020-08-26;2;15437,413;10253,788;-61,263;0,000;4800,000;22,275;425,238
2020-08-26;3;15046,313;9821,938;-209,125;0,000;5068,250;-85,188;453,550
2020-08-26;4;15117,600;9937,125;-484,350;0,000;5568,138;-133,950;235,425
2020-08-26;5;15375,838;9957,725;-662,200;0,000;5885,713;-69,388;267,463
2020-08-26;6;15649,763;10303,288;-658,075;0,000;5813,438;-61,263;258,063
2020-08-26;7;17544,525;11157,013;-68,163;0,000;5876,550;275,538;307,800
2020-08-26;8;19630,750;13005,688;-5,763;0,000;6072,950;499,438;58,188
2020-08-26;9;20703,438;14012,125;34,388;0,000;5926,475;876,550;-102,713
2020-08-26;10;21359,250;14559,600;428,188;0,000;5999,425;965,263;-158,088
2020-08-26;11;21352,725;14444,875;252,913;0,000;6462,038;608,513;-161,100
2020-08-26;12;21541,063;14260,700;334,463;0,000;7062,563;380,513;-162,425
2020-08-26;13;21719,975;13967,125;408,963;0,000;7573,238;411,100;-221,600
2020-08-26;14;21794,150;13521,750;548,775;0,000;7689,588;754,663;-166,125
2020-08-26;15;21301,188;13212,375;513,738;0,000;7568,525;777,000;-251,450
2020-08-26;16;21096,175;13213,475;264,450;0,000;7321,650;570,775;1,700
2020-08-26;17;20772,175;13149,063;59,150;0,000;6951,100;469,525;211,438
2020-08-26;18;20555,875;13066,950;-5,375;0,000;6951,838;439,900;96,088
2020-08-26;19;20390,275;13096,488;79,325;0,000;6771,638;629,588;-97,663
2020-08-26;20;20675,763;13286,888;325,175;0,000;6411,350;734,713;249,025
2020-08-26;21;21340,713;13800,913;454,613;0,000;6232,250;661,975;642,275
2020-08-26;22;20085,800;12668,675;246,800;0,000;6426,188;487,025;513,763
2020-08-26;23;18435,538;11323,125;32,538;0,000;6546,200;274,925;307,638
2020-08-26;24;17117,875;10161,625;-10,288;0,000;6572,888;17,963;384,238
