Data;Godzina;Krajowe zapotrzebowanie na moc;Sumaryczna generacja JWCD;Generacja PI;Generacja IRZ;Sumaryczna generacja nJWCD;Krajowe saldo wymiany miêdzysystemowej równoleg³ej;Krajowe saldo wymiany miêdzysystemowej nierównoleg³ej
2020-03-14;1;17374,088;8353,088;-37,488;0,000;9796,875;-1249,138;519,325
2020-03-14;2;16695,225;8246,738;-223,263;0,000;9590,438;-1428,863;518,438
2020-03-14;3;16410,575;8372,088;-358,563;0,000;9286,688;-1363,813;481,588
2020-03-14;4;16491,963;8591,688;-476,400;0,000;9088,588;-1200,638;486,925
2020-03-14;5;16505,038;8732,925;-459,350;0,000;8743,138;-944,738;436,538
2020-03-14;6;16323,125;8812,650;-362,650;0,000;8396,988;-926,100;412,163
2020-03-14;7;16850,050;9091,613;-400,838;0,000;8270,588;-633,225;524,313
2020-03-14;8;17837,113;9437,750;-338,613;0,000;7934,625;395,163;415,063
2020-03-14;9;18762,700;9888,963;-367,313;0,000;7774,050;763,763;719,988
2020-03-14;10;19390,900;9835,625;-267,050;0,000;7924,150;921,450;1100,025
2020-03-14;11;19484,975;9313,350;54,625;0,000;7980,150;1189,563;1102,388
2020-03-14;12;19548,388;8969,088;174,988;0,000;7813,038;1450,200;1321,700
2020-03-14;13;19404,750;8921,688;406,225;0,000;7688,513;1459,525;1340,788
2020-03-14;14;19258,513;8857,938;406,463;5,225;7578,363;1482,250;1351,050
2020-03-14;15;18670,600;8512,513;20,175;48,450;7431,650;1384,088;1349,313
2020-03-14;16;18552,700;8438,463;-6,488;107,413;7253,400;1518,725;1350,750
2020-03-14;17;18587,388;8787,813;64,675;158,588;6970,650;1485,775;1350,213
2020-03-14;18;19124,925;9796,338;416,125;217,662;6520,988;1479,075;1327,800
2020-03-14;19;20555,563;11504,913;954,913;229,913;6351,725;1482,950;1210,263
2020-03-14;20;20537,013;11477,188;932,138;229,613;6297,688;1419,800;1348,763
2020-03-14;21;19864,988;10742,338;773,863;229,275;6221,450;1556,300;1355,250
2020-03-14;22;18784,525;9707,213;391,963;230,425;6242,438;1493,763;1352,813
2020-03-14;23;17715,150;8720,563;254,275;230,300;6350,688;1303,013;1349,238
2020-03-14;24;16678,963;8439,163;24,863;132,538;6611,400;324,438;1347,075
