Data;Godzina;Krajowe zapotrzebowanie na moc;Sumaryczna generacja JWCD;Generacja PI;Generacja IRZ;Sumaryczna generacja nJWCD;Krajowe saldo wymiany miêdzysystemowej równoleg³ej;Krajowe saldo wymiany miêdzysystemowej nierównoleg³ej
2020-09-19;1;16280,238;10088,038;-12,563;0,000;4048,675;1257,075;901,775
2020-09-19;2;15609,463;9993,600;-12,775;0,000;4009,675;917,138;706,163
2020-09-19;3;15254,750;10147,150;-12,863;0,000;3968,925;495,525;658,200
2020-09-19;4;15232,925;10182,763;-12,763;0,000;3955,238;543,238;567,550
2020-09-19;5;15217,000;10142,150;-12,288;0,000;3975,500;662,288;449,950
2020-09-19;6;15392,063;10214,538;-12,838;0,000;4021,563;690,375;477,913
2020-09-19;7;15874,650;10159,363;-12,525;0,000;4102,225;957,888;672,425
2020-09-19;8;17116,550;10595,975;-12,525;0,000;4343,275;1307,625;888,425
2020-09-19;9;18153,763;11517,163;-7,488;0,000;4461,075;1225,013;959,738
2020-09-19;10;18708,700;11905,375;-6,550;0,000;4525,863;1292,125;990,800
2020-09-19;11;18680,850;12177,863;-6,575;0,000;4663,850;864,488;986,188
2020-09-19;12;18656,925;12038,663;-6,950;0,000;4761,775;872,713;990,025
2020-09-19;13;18384,913;11689,950;8,400;0,000;4783,313;931,713;994,100
2020-09-19;14;18250,225;11661,000;107,463;0,000;4736,563;864,313;994,763
2020-09-19;15;17788,563;11412,588;110,063;0,000;4571,488;823,975;993,138
2020-09-19;16;17636,975;11474,563;11,275;0,000;4377,263;803,688;992,388
2020-09-19;17;17622,300;11763,450;-5,613;0,000;4142,463;738,600;980,325
2020-09-19;18;17715,563;11899,200;-5,638;0,000;3944,700;907,925;970,963
2020-09-19;19;18085,550;12025,825;13,550;0,000;3979,013;1195,988;894,863
2020-09-19;20;19419,975;12783,463;287,700;0,000;4213,063;1445,413;982,163
2020-09-19;21;19040,763;12116,463;352,925;0,000;4438,288;1505,550;992,988
2020-09-19;22;17739,350;11040,675;104,038;0,000;4376,838;1339,338;993,525
2020-09-19;23;16442,063;9963,988;-10,625;0,000;4335,413;1163,288;995,163
2020-09-19;24;15211,050;9110,788;-12,650;0,000;4226,600;899,138;995,575
