Data;Godzina;Krajowe zapotrzebowanie na moc;Sumaryczna generacja JWCD;Generacja PI;Generacja IRZ;Sumaryczna generacja nJWCD;Krajowe saldo wymiany miêdzysystemowej równoleg³ej;Krajowe saldo wymiany miêdzysystemowej nierównoleg³ej
2020-10-19;1;15360,950;7886,750;-99,263;0,000;6973,675;362,150;240,575
2020-10-19;2;15064,038;8186,775;-526,088;0,000;6905,263;271,288;232,588
2020-10-19;3;14835,463;8461,950;-654,450;0,000;6860,513;-66,100;237,013
2020-10-19;4;14914,350;8661,275;-652,900;0,000;6805,500;-131,150;237,663
2020-10-19;5;15388,413;9004,013;-650,650;0,000;6797,500;-14,288;256,325
2020-10-19;6;16308,000;9259,738;-445,900;0,000;6781,800;200,213;517,750
2020-10-19;7;19324,463;10868,700;-56,638;0,000;6877,375;984,550;652,238
2020-10-19;8;21514,913;12853,350;285,825;0,000;7087,513;977,063;592,888
2020-10-19;9;22826,125;13523,888;398,763;0,000;7349,725;1204,863;750,013
2020-10-19;10;23273,325;13451,713;121,788;0,000;7346,150;1604,063;880,325
2020-10-19;11;22996,150;13079,125;104,350;0,000;7468,563;1589,988;876,488
2020-10-19;12;23129,613;13089,925;25,075;0,000;7627,838;1552,038;877,088
2020-10-19;13;23078,675;12695,250;-4,350;0,000;7929,513;1607,325;865,825
2020-10-19;14;23057,750;12736,350;27,325;0,000;7972,938;1492,188;871,713
2020-10-19;15;22600,675;12457,375;-6,475;0,000;7693,100;1585,550;870,700
2020-10-19;16;22360,350;12722,200;95,838;0,000;7184,900;1589,188;872,975
2020-10-19;17;22170,675;13294,575;305,338;0,000;6602,088;1405,325;877,588
2020-10-19;18;22348,850;14008,513;319,188;0,000;6318,350;1148,600;876,738
2020-10-19;19;23555,588;14979,813;286,575;0,000;6592,788;1100,550;878,088
2020-10-19;20;23636,088;14614,800;331,763;0,000;6889,075;1266,513;873,338
2020-10-19;21;22850,650;13422,350;325,575;0,000;7021,113;1543,075;876,838
2020-10-19;22;21296,475;11809,063;288,400;0,000;7012,750;1609,825;870,738
2020-10-19;23;19643,388;10447,475;134,875;0,000;6864,763;1495,900;842,163
2020-10-19;24;18337,000;9660,188;-8,188;0,000;6549,050;1320,963;820,438
