Data;Godzina;Krajowe zapotrzebowanie na moc;Sumaryczna generacja JWCD;Generacja PI;Generacja IRZ;Sumaryczna generacja nJWCD;Krajowe saldo wymiany miêdzysystemowej równoleg³ej;Krajowe saldo wymiany miêdzysystemowej nierównoleg³ej
2020-08-19;1;16287,950;10625,313;-198,750;0,000;3803,575;1069,850;993,438
2020-08-19;2;15808,950;10845,075;-541,863;0,000;3757,938;804,113;948,675
2020-08-19;3;15524,500;11071,850;-658,713;0,000;3719,088;582,213;816,438
2020-08-19;4;15500,450;11070,413;-729,400;0,000;3674,125;688,988;802,975
2020-08-19;5;15667,950;11256,200;-848,288;0,000;3653,225;750,238;863,813
2020-08-19;6;15803,438;10943,775;-689,825;0,000;3664,000;906,738;984,438
2020-08-19;7;17859,838;12201,663;-44,313;0,000;3746,863;1077,500;877,888
2020-08-19;8;19955,913;14530,888;76,288;0,000;3827,813;1566,813;39,013
2020-08-19;9;21135,688;15579,275;47,513;0,000;3942,213;1574,075;54,350
2020-08-19;10;21776,225;15994,150;-5,825;0,000;4173,688;1532,463;79,075
2020-08-19;11;21789,038;16125,625;-7,800;0,000;4368,213;1174,675;131,975
2020-08-19;12;22119,575;16523,263;47,325;0,000;4618,188;855,638;134,838
2020-08-19;13;22118,075;16524,438;165,975;0,000;4756,900;716,238;141,513
2020-08-19;14;21944,975;16429,288;241,413;0,000;4709,400;682,288;135,288
2020-08-19;15;21632,938;16093,088;128,938;0,000;4613,225;786,613;147,713
2020-08-19;16;21416,163;15478,575;128,750;0,000;4568,713;819,650;559,488
2020-08-19;17;21033,700;14839,925;128,750;0,000;4453,563;1057,975;688,463
2020-08-19;18;20752,425;14590,538;182,038;0,000;4148,275;1325,800;694,813
2020-08-19;19;20607,613;14480,525;179,338;0,000;3825,025;1696,738;607,625
2020-08-19;20;20831,675;15012,800;261,238;0,000;3564,150;1539,075;718,675
2020-08-19;21;21641,700;15153,875;143,975;0,000;3572,725;1747,888;1171,588
2020-08-19;22;20631,900;14024,325;9,750;0,000;3683,825;1705,238;1231,050
2020-08-19;23;18849,750;12305,150;-6,775;0,000;3744,313;1588,938;1231,000
2020-08-19;24;17403,388;10996,650;-6,650;0,000;3713,975;1443,538;1272,550
