Data;Godzina;Krajowe zapotrzebowanie na moc;Sumaryczna generacja JWCD;Generacja PI;Generacja IRZ;Sumaryczna generacja nJWCD;Krajowe saldo wymiany miêdzysystemowej równoleg³ej;Krajowe saldo wymiany miêdzysystemowej nierównoleg³ej
2020-10-26;1;14995,138;8631,263;-826,800;0,000;6612,975;-80,263;665,100
2020-10-26;2;14668,388;8565,175;-946,400;0,000;6483,263;-57,488;634,188
2020-10-26;3;14593,550;8629,438;-1082,338;0,000;6408,775;3,625;636,050
2020-10-26;4;14625,500;8835,438;-1079,525;0,000;6239,475;-4,750;637,150
2020-10-26;5;15061,513;9318,525;-1066,900;0,000;6258,875;-80,475;636,775
2020-10-26;6;16206,263;10131,238;-769,300;0,000;6198,813;-23,425;666,563
2020-10-26;7;18819,350;11509,038;-55,600;0,000;6344,650;290,638;728,450
2020-10-26;8;21101,638;13303,025;-6,750;0,000;6479,088;702,463;618,563
2020-10-26;9;22273,075;14119,913;11,163;0,000;6612,288;920,025;625,713
2020-10-26;10;22403,613;14082,763;13,713;0,000;6578,313;1188,913;564,600
2020-10-26;11;22289,575;13600,688;13,713;0,000;6622,188;1558,363;527,138
2020-10-26;12;22793,863;13644,125;13,288;0,000;6805,325;1669,950;678,725
2020-10-26;13;22999,975;13992,013;13,275;0,000;6787,613;1462,138;773,825
2020-10-26;14;22875,225;14052,275;12,888;0,000;6509,400;1510,725;804,563
2020-10-26;15;22647,688;13863,713;112,350;0,000;6352,913;1577,675;847,413
2020-10-26;16;22630,088;14176,075;303,350;0,000;6241,750;1367,838;834,813
2020-10-26;17;22981,825;14422,175;493,375;0,000;6325,088;1559,100;673,513
2020-10-26;18;23597,288;14668,413;1074,663;0,000;6438,750;1492,113;983,738
2020-10-26;19;23323,788;14342,688;1016,475;0,000;6562,788;1473,275;940,488
2020-10-26;20;23058,125;13620,238;943,838;0,000;6667,450;1454,400;1309,950
2020-10-26;21;22230,688;12558,563;590,050;0,000;6617,288;1726,550;1320,475
2020-10-26;22;20640,863;11075,763;59,438;0,000;6587,588;1665,163;1325,750
2020-10-26;23;19094,863;10095,000;-110,313;0,000;6392,538;1393,125;1326,588
2020-10-26;24;17837,150;9643,875;-468,163;0,000;6178,188;1247,025;1242,025
