Data;Godzina;Krajowe zapotrzebowanie na moc;Sumaryczna generacja JWCD;Generacja PI;Generacja IRZ;Sumaryczna generacja nJWCD;Krajowe saldo wymiany miêdzysystemowej równoleg³ej;Krajowe saldo wymiany miêdzysystemowej nierównoleg³ej
2020-07-17;1;15791,875;10180,038;-91,888;0,000;3607,000;1213,625;883,538
2020-07-17;2;15177,513;10243,713;-148,525;0,000;3567,188;823,713;693,225
2020-07-17;3;14948,600;10252,463;-188,213;0,000;3452,638;731,938;698,688
2020-07-17;4;14854,063;10236,088;-146,063;0,000;3445,175;631,050;687,200
2020-07-17;5;14695,050;10548,013;-265,250;0,000;3442,800;521,013;450,313
2020-07-17;6;14919,063;10372,225;-264,838;0,000;3431,500;777,863;603,513
2020-07-17;7;16955,775;11838,013;-38,700;0,000;3490,238;970,325;695,488
2020-07-17;8;18825,438;13126,388;-6,700;0,000;3549,163;1323,963;836,575
2020-07-17;9;19902,763;13539,575;20,188;0,000;3748,738;1536,088;1081,950
2020-07-17;10;20387,213;13808,525;23,325;0,000;3932,488;1425,650;1229,250
2020-07-17;11;20710,363;13902,113;52,988;0,000;4165,313;1419,625;1235,613
2020-07-17;12;21037,925;14084,500;75,825;0,000;4386,500;1337,725;1234,600
2020-07-17;13;21072,888;14097,463;56,738;0,000;4392,050;1352,263;1236,888
2020-07-17;14;20960,025;14237,750;125,813;0,000;4406,563;1092,125;1233,950
2020-07-17;15;20420,600;13932,150;0,700;0,000;4269,438;1000,588;1235,125
2020-07-17;16;20355,588;13775,350;-6,500;0,000;4194,663;1169,900;1232,275
2020-07-17;17;19973,350;13632,250;-6,075;0,000;4061,575;1050,425;1237,125
2020-07-17;18;19667,200;12991,863;47,075;0,000;3864,338;1579,238;1235,475
2020-07-17;19;19357,525;12864,063;177,325;0,000;3641,688;1622,850;1235,200
2020-07-17;20;19405,650;13009,700;303,550;0,000;3461,625;1701,950;1238,800
2020-07-17;21;19438,988;13186,150;296,288;0,000;3436,750;1585,975;1236,550
2020-07-17;22;19250,563;12962,913;86,538;0,000;3566,600;1492,525;1236,475
2020-07-17;23;18163,950;11803,688;-6,388;0,000;3621,788;1513,463;1235,863
2020-07-17;24;16849,563;10480,188;-6,363;0,000;3569,125;1575,550;1238,325
