Data;Godzina;Krajowe zapotrzebowanie na moc;Sumaryczna generacja JWCD;Generacja PI;Generacja IRZ;Sumaryczna generacja nJWCD;Krajowe saldo wymiany miêdzysystemowej równoleg³ej;Krajowe saldo wymiany miêdzysystemowej nierównoleg³ej
2020-12-09;1;18562,938;10207,013;-189,100;0,000;8576,675;-266,013;235,588
2020-12-09;2;17977,488;10305,600;-973,275;0,000;8656,888;-185,225;181,263
2020-12-09;3;17643,238;10460,025;-1406,425;0,000;8687,363;-265,550;175,425
2020-12-09;4;17879,825;10339,863;-1397,425;0,000;8776,438;-23,263;188,238
2020-12-09;5;18179,188;10669,313;-1390,213;0,000;8889,600;-187,213;204,300
2020-12-09;6;18953,338;10673,113;-1024,150;0,000;8921,650;-91,938;478,450
2020-12-09;7;21439,750;11721,338;-66,138;0,000;8948,650;243,463;596,150
2020-12-09;8;23722,275;15335,713;66,750;0,000;8932,963;-1335,113;798,988
2020-12-09;9;24904,913;17121,200;-7,438;0,000;8967,250;-1355,513;178,000
2020-12-09;10;25440,950;17348,325;9,663;0,000;8916,863;-863,900;56,363
2020-12-09;11;25509,438;16424,163;-6,075;0,000;8921,238;-797,688;974,813
2020-12-09;12;25906,113;16689,425;76,113;0,000;8826,025;-658,988;1057,413
2020-12-09;13;26007,475;17597,200;425,138;0,000;8590,050;-437,863;270,625
2020-12-09;14;25873,563;17876,163;436,450;0,000;8372,575;-374,950;14,150
2020-12-09;15;25475,850;17709,700;439,913;0,000;8247,825;-454,675;-18,975
2020-12-09;16;25491,738;17775,138;396,850;0,000;8183,375;-433,663;-23,850
2020-12-09;17;25897,050;18393,263;530,025;0,000;8250,225;-780,975;32,938
2020-12-09;18;25655,463;17729,075;422,550;0,000;8381,900;-465,563;0,688
2020-12-09;19;25107,188;16824,888;534,225;0,000;8419,400;-396,175;278,813
2020-12-09;20;24856,775;16090,563;685,450;0,000;8124,750;-260,838;927,300
2020-12-09;21;24205,425;15306,775;829,425;0,000;7904,200;-227,188;1243,338
2020-12-09;22;22826,575;14004,813;488,988;0,000;7795,350;-209,800;1260,338
2020-12-09;23;21202,438;11593,138;2,025;0,000;7518,338;936,700;1260,763
2020-12-09;24;19829,925;11033,863;-672,425;0,000;7246,825;1078,888;1154,525
