Data;Godzina;Krajowe zapotrzebowanie na moc;Sumaryczna generacja JWCD;Generacja PI;Generacja IRZ;Sumaryczna generacja nJWCD;Krajowe saldo wymiany miêdzysystemowej równoleg³ej;Krajowe saldo wymiany miêdzysystemowej nierównoleg³ej
2020-09-22;1;16390,200;11661,675;-524,013;0,000;4600,475;130,375;528,838
2020-09-22;2;15938,463;11844,563;-741,663;0,000;4692,688;-412,500;559,963
2020-09-22;3;15579,100;11614,625;-863,763;0,000;4651,950;-393,925;574,250
2020-09-22;4;15623,313;11618,338;-861,913;0,000;4579,250;-269,663;559,125
2020-09-22;5;15941,588;11710,763;-724,550;0,000;4487,550;-82,400;559,638
2020-09-22;6;16720,038;12048,088;-698,263;0,000;4383,588;295,025;700,725
2020-09-22;7;19023,188;13816,100;-94,288;0,000;4470,613;122,875;710,713
2020-09-22;8;21045,350;15737,025;-6,175;0,000;4816,400;-190,613;687,513
2020-09-22;9;21910,850;16062,588;-4,063;0,000;5148,563;-0,038;709,525
2020-09-22;10;22125,013;15839,638;-3,363;0,000;5188,838;393,775;716,275
2020-09-22;11;21859,950;14961,913;-2,825;0,000;5262,488;928,975;716,450
2020-09-22;12;22069,888;14489,163;-3,138;0,000;5485,438;1393,763;712,188
2020-09-22;13;22195,763;14474,975;-3,113;0,000;5809,700;1206,513;713,488
2020-09-22;14;21930,663;14291,663;-2,825;0,000;5957,700;977,475;712,025
2020-09-22;15;21542,625;13972,913;-2,638;0,000;5895,338;965,463;713,400
2020-09-22;16;21616,988;14188,563;-2,563;0,000;5618,400;1096,075;713,025
2020-09-22;17;21494,175;14639,975;60,275;0,000;5235,150;915,075;712,650
2020-09-22;18;21361,525;15705,450;282,788;0,000;4759,238;181,600;713,463
2020-09-22;19;21621,463;16265,375;534,225;0,000;4685,900;-55,525;714,663
2020-09-22;20;23181,813;17333,250;785,050;0,000;5344,900;-214,925;715,338
2020-09-22;21;22710,038;16029,075;658,925;0,000;5776,363;192,975;715,238
2020-09-22;22;20879,713;14111,925;629,375;0,000;5992,213;73,050;714,225
2020-09-22;23;19019,788;12353,813;427,713;0,000;5969,825;2,888;713,438
2020-09-22;24;17663,638;10988,200;4,838;0,000;6056,813;-70,725;710,888
