Data;Godzina;Krajowe zapotrzebowanie na moc;Sumaryczna generacja JWCD;Generacja PI;Generacja IRZ;Sumaryczna generacja nJWCD;Krajowe saldo wymiany miêdzysystemowej równoleg³ej;Krajowe saldo wymiany miêdzysystemowej nierównoleg³ej
2020-06-17;1;16079,613;10257,450;-51,263;0,000;3082,188;1510,300;1275,663
2020-06-17;2;15329,013;10337,375;-598,388;0,000;3068,825;1356,600;1183,063
2020-06-17;3;14928,975;10378,013;-721,213;0,000;3053,150;1113,813;1112,925
2020-06-17;4;14894,025;10476,763;-897,325;0,000;3030,500;1265,025;1033,363
2020-06-17;5;14654,588;10761,350;-1053,388;0,000;3061,713;1000,150;898,138
2020-06-17;6;15138,813;10521,400;-951,413;0,000;3113,500;1379,300;1094,625
2020-06-17;7;17429,988;11544,588;-121,763;0,000;3263,025;1499,563;1248,613
2020-06-17;8;19661,550;13867,913;-7,213;0,000;3456,013;1662,088;686,888
2020-06-17;9;20819,763;14768,625;72,650;0,000;3659,275;1743,825;662,000
2020-06-17;10;21416,625;14698,163;83,263;0,000;3972,663;1670,625;1083,388
2020-06-17;11;21529,775;14684,913;82,388;0,000;4282,500;1575,013;1008,075
2020-06-17;12;22004,688;15145,613;130,350;0,000;4439,475;1235,625;1196,350
2020-06-17;13;22173,925;15341,800;9,413;0,000;4502,113;1136,075;1207,575
2020-06-17;14;21964,025;15210,563;-7,513;0,000;4472,338;1080,425;1214,300
2020-06-17;15;21396,175;14683,000;-6,413;0,000;4366,613;1167,450;1185,938
2020-06-17;16;21228,650;15040,538;-6,938;0,000;4295,088;867,838;1029,875
2020-06-17;17;20773,813;14345,663;-6,950;0,000;4310,775;1101,275;1028,350
2020-06-17;18;20320,100;13405,825;-6,763;0,000;4452,563;1322,863;1146,125
2020-06-17;19;20038,200;12921,538;90,988;0,000;4522,313;1388,013;1208,463
2020-06-17;20;20254,575;13189,300;104,850;0,000;4197,988;1604,575;1267,650
2020-06-17;21;20260,300;13397,338;78,200;0,000;4012,488;1538,313;1319,475
2020-06-17;22;19853,425;13029,400;2,838;0,000;3989,888;1525,113;1323,500
2020-06-17;23;18901,963;11863,350;-10,325;0,000;4082,700;1645,313;1325,538
2020-06-17;24;17371,438;10731,113;-10,938;0,000;3951,588;1402,363;1306,425
