Data;Godzina;Krajowe zapotrzebowanie na moc;Sumaryczna generacja JWCD;Generacja PI;Generacja IRZ;Sumaryczna generacja nJWCD;Krajowe saldo wymiany miêdzysystemowej równoleg³ej;Krajowe saldo wymiany miêdzysystemowej nierównoleg³ej
2020-12-07;1;16169,375;7166,825;-853,163;0,000;10466,575;-835,800;232,038
2020-12-07;2;15717,988;6975,588;-1204,613;0,000;10467,575;-710,938;196,925
2020-12-07;3;15591,575;7018,013;-1271,225;0,000;10479,588;-833,875;200,338
2020-12-07;4;15649,700;7236,000;-1363,088;0,000;10416,000;-831,838;193,988
2020-12-07;5;16020,875;7676,525;-1176,788;0,000;10297,850;-960,900;187,150
2020-12-07;6;17252,338;8141,900;-689,863;0,000;10384,988;-759,575;183,000
2020-12-07;7;20289,500;9563,863;-87,888;0,000;10631,313;-169,275;360,938
2020-12-07;8;22536,338;12306,588;154,963;0,000;10802,825;-967,300;402,125
2020-12-07;9;23904,388;12882,688;180,488;0,000;10920,425;-645,538;747,075
2020-12-07;10;24505,150;13545,325;156,000;0,000;11034,875;-775,713;700,050
2020-12-07;11;24606,213;13386,188;238,288;0,000;11201,050;-824,700;858,463
2020-12-07;12;24951,788;13724,038;380,963;0,000;11115,575;-745,300;867,313
2020-12-07;13;24904,913;13693,550;400,838;0,000;10894,225;-653,025;966,700
2020-12-07;14;24812,500;13665,250;581,413;0,000;10425,650;-352,925;1077,625
2020-12-07;15;24571,913;13908,350;168,650;0,000;10086,213;-505,013;1073,588
2020-12-07;16;24562,513;13986,150;129,613;0,000;9758,025;-247,538;1080,163
2020-12-07;17;25312,963;14780,963;176,288;0,000;9775,188;-328,338;1090,313
2020-12-07;18;25066,800;14154,925;329,938;0,000;9874,925;-113,350;1165,713
2020-12-07;19;24579,788;13699,038;447,688;0,000;9772,225;-32,425;1149,663
2020-12-07;20;24471,525;13707,863;540,075;0,000;9663,038;-52,288;1170,750
2020-12-07;21;23811,375;12976,775;532,250;0,000;9430,475;160,925;1264,813
2020-12-07;22;22228,700;11806,225;258,838;0,000;9208,213;-15,750;1256,925
2020-12-07;23;20758,913;10339,875;89,725;0,000;8909,138;283,025;1245,450
2020-12-07;24;19425,050;9625,325;-135,650;0,000;8822,325;71,250;1057,650
