Data;Godzina;Krajowe zapotrzebowanie na moc;Sumaryczna generacja JWCD;Generacja PI;Generacja IRZ;Sumaryczna generacja nJWCD;Krajowe saldo wymiany miêdzysystemowej równoleg³ej;Krajowe saldo wymiany miêdzysystemowej nierównoleg³ej
2020-10-15;1;17402,513;9497,663;-258,450;0,000;6233,263;1122,938;815,938
2020-10-15;2;16754,963;9744,275;-711,800;0,000;6204,513;713,100;813,288
2020-10-15;3;16465,038;9642,263;-755,400;0,000;6111,163;661,013;811,513
2020-10-15;4;16525,175;9640,325;-778,100;0,000;5968,700;889,100;812,475
2020-10-15;5;16829,750;9662,975;-775,925;0,000;5841,700;1294,813;815,763
2020-10-15;6;17496,025;10230,363;-732,663;0,000;5747,325;1443,575;810,025
2020-10-15;7;20108,150;12230,950;-125,213;0,000;5825,650;1363,475;813,038
2020-10-15;8;22004,400;14152,600;-3,588;0,000;5948,350;1091,375;813,763
2020-10-15;9;23183,863;15484,400;-3,950;0,000;6190,775;690,250;815,863
2020-10-15;10;23642,313;15608,763;-3,688;0,000;6517,788;698,725;814,788
2020-10-15;11;23555,475;15391,800;-3,800;0,000;6664,800;696,625;813,413
2020-10-15;12;23891,313;15393,175;-4,113;0,000;6795,625;890,600;814,813
2020-10-15;13;23761,063;15364,400;-3,913;0,000;6822,925;765,638;816,625
2020-10-15;14;23671,600;15180,338;-3,825;0,000;6861,563;832,900;809,900
2020-10-15;15;23260,413;14843,163;-3,625;0,000;6747,188;859,200;810,363
2020-10-15;16;23058,663;14822,238;47,650;0,000;6567,663;864,763;809,938
2020-10-15;17;22742,663;14810,450;133,050;0,000;6349,000;777,575;807,013
2020-10-15;18;22715,263;14807,113;83,763;0,000;6152,025;951,150;811,650
2020-10-15;19;23622,713;15450,063;224,450;0,000;6157,200;1199,788;814,925
2020-10-15;20;23850,188;15467,975;365,288;0,000;6225,463;1348,350;815,113
2020-10-15;21;23131,500;14830,050;266,300;0,000;6165,850;1339,238;808,788
2020-10-15;22;21598,775;13541,725;97,413;0,000;6007,725;1249,425;811,800
2020-10-15;23;19858,438;11941,588;-6,988;0,000;5993,588;1128,463;814,300
2020-10-15;24;18524,888;10937,200;-6,863;0,000;5665,650;1114,500;815,163
