Data;Godzina;Krajowe zapotrzebowanie na moc;Sumaryczna generacja JWCD;Generacja PI;Generacja IRZ;Sumaryczna generacja nJWCD;Krajowe saldo wymiany miêdzysystemowej równoleg³ej;Krajowe saldo wymiany miêdzysystemowej nierównoleg³ej
2020-11-18;1;17703,838;10541,050;-581,988;0,000;7365,313;-69,463;460,225
2020-11-18;2;17167,513;10380,500;-874,275;0,000;7215,888;-69,225;520,575
2020-11-18;3;16829,400;10287,900;-870,088;0,000;7145,163;-262,350;530,475
2020-11-18;4;16750,075;10358,538;-868,725;0,000;7028,663;-282,550;525,250
2020-11-18;5;17046,363;10580,425;-782,913;0,000;6997,538;-295,513;552,438
2020-11-18;6;17801,050;10634,950;-500,238;0,000;6919,113;207,125;553,763
2020-11-18;7;20071,550;12254,725;-215,850;0,000;7065,575;95,138;879,350
2020-11-18;8;22007,913;13096,400;-2,575;0,000;7322,325;590,238;1012,000
2020-11-18;9;23307,088;14000,863;14,938;0,000;7574,650;845,213;897,413
2020-11-18;10;23601,788;13882,650;17,300;0,000;7599,813;968,488;1166,763
2020-11-18;11;23451,350;13748,525;73,350;0,000;7426,975;977,613;1308,613
2020-11-18;12;23724,500;14190,650;363,938;0,000;7296,963;943,288;1306,225
2020-11-18;13;23568,238;14191,350;351,375;0,000;7280,488;807,000;1297,688
2020-11-18;14;23404,988;14281,250;346,550;0,000;7123,350;718,350;1296,400
2020-11-18;15;23023,600;14140,588;345,125;0,000;7000,838;590,463;1293,050
2020-11-18;16;23071,138;14107,663;329,525;0,000;7116,725;648,375;1203,588
2020-11-18;17;24014,500;14648,538;336,788;0,000;7464,413;811,788;1093,413
2020-11-18;18;23977,663;13911,875;433,200;0,000;8026,825;839,463;1200,463
2020-11-18;19;23733,363;13484,675;457,213;0,000;8437,200;575,588;1246,138
2020-11-18;20;23594,200;12942,913;580,950;0,000;8763,725;579,188;1317,400
2020-11-18;21;22970,988;11811,188;567,888;0,000;9089,338;783,563;1290,763
2020-11-18;22;21610,600;10896,775;498,500;0,000;9203,938;407,238;1114,525
2020-11-18;23;20172,525;10204,188;378,913;0,000;9185,600;-202,763;1000,950
2020-11-18;24;18986,125;9400,300;1,725;0,000;9233,500;-428,563;809,263
