Data;Godzina;Krajowe zapotrzebowanie na moc;Sumaryczna generacja JWCD;Generacja PI;Generacja IRZ;Sumaryczna generacja nJWCD;Krajowe saldo wymiany miêdzysystemowej równoleg³ej;Krajowe saldo wymiany miêdzysystemowej nierównoleg³ej
2020-12-13;1;16625,488;9536,150;-108,800;0,000;5969,200;534,563;696,975
2020-12-13;2;16001,250;9691,988;-399,000;0,000;5881,663;284,688;546,063
2020-12-13;3;15720,350;9797,338;-423,350;0,000;5812,988;-56,600;590,338
2020-12-13;4;15421,513;9748,550;-415,213;0,000;5757,300;-205,525;538,575
2020-12-13;5;15473,738;9666,138;-358,188;0,000;5727,375;4,375;441,763
2020-12-13;6;15648,463;9613,025;-357,813;0,000;5682,563;240,263;473,425
2020-12-13;7;16230,963;9576,400;-173,125;0,000;5674,413;395,313;755,525
2020-12-13;8;16580,463;9641,038;-11,600;0,000;5673,738;361,288;916,950
2020-12-13;9;17379,300;9836,000;-177,200;0,000;5831,013;832,075;1059,525
2020-12-13;10;18734,988;10187,375;-30,613;0,000;6002,150;1306,100;1272,825
2020-12-13;11;19644,113;10779,025;-6,113;0,000;6058,350;1550,113;1259,813
2020-12-13;12;20080,900;11366,138;-6,288;0,000;6094,425;1470,963;1155,613
2020-12-13;13;20275,575;11392,125;11,488;0,000;5998,925;1764,250;1132,638
2020-12-13;14;20182,100;11503,563;14,175;0,000;5860,025;1776,238;1052,363
2020-12-13;15;19930,813;11726,763;-3,475;0,000;5631,500;1588,163;991,250
2020-12-13;16;20038,475;12293,225;14,538;0,000;5545,088;1593,213;616,650
2020-12-13;17;20695,100;13504,350;321,813;0,000;5583,175;1279,913;332,450
2020-12-13;18;20672,063;13791,013;295,375;0,000;5706,713;1219,063;-35,450
2020-12-13;19;20647,600;13260,300;283,488;0,000;5711,675;1383,125;304,400
2020-12-13;20;20572,788;12614,438;14,600;0,000;5726,175;1319,625;923,313
2020-12-13;21;19979,700;11562,975;-6,325;0,000;5697,275;1445,913;1285,975
2020-12-13;22;19080,838;10777,900;-6,338;0,000;5657,188;1444,288;1215,300
2020-12-13;23;18354,288;10333,825;-67,138;0,000;5662,938;1300,850;1132,813
2020-12-13;24;17389,313;9850,400;-496,638;0,000;5632,063;1197,075;1222,775
