Data;Godzina;Krajowe zapotrzebowanie na moc;Sumaryczna generacja JWCD;Generacja PI;Generacja IRZ;Sumaryczna generacja nJWCD;Krajowe saldo wymiany miêdzysystemowej równoleg³ej;Krajowe saldo wymiany miêdzysystemowej nierównoleg³ej
2020-04-05;1;14642,963;7756,975;-14,350;0,000;4983,038;1100,475;819,438
2020-04-05;2;14003,175;7666,725;-128,888;0,000;5069,400;769,263;631,800
2020-04-05;3;13649,325;7806,875;-279,525;0,000;5140,288;545,888;439,825
2020-04-05;4;13471,125;7770,275;-313,188;0,000;5229,775;465,450;323,275
2020-04-05;5;13444,950;7696,888;-196,075;0,000;5266,000;470,588;216,925
2020-04-05;6;13459,900;7886,913;-125,113;0,000;5280,113;300,913;118,563
2020-04-05;7;13308,313;7626,000;-14,363;0,000;5264,038;179,825;259,313
2020-04-05;8;13703,050;7594,463;-13,975;0,000;5168,000;422,650;539,500
2020-04-05;9;14227,400;7884,563;10,225;0,000;4915,525;610,188;836,688
2020-04-05;10;14828,488;8324,938;114,150;0,000;4576,563;1002,150;932,625
2020-04-05;11;15099,175;8560,363;10,638;0,000;4573,400;888,300;1098,150
2020-04-05;12;15181,800;8551,025;12,738;0,000;4678,500;848,350;1108,750
2020-04-05;13;15225,800;8587,738;-5,163;0,000;4671,150;866,525;1108,688
2020-04-05;14;15030,450;8445,363;-7,975;0,000;4714,363;837,875;1052,425
2020-04-05;15;14827,925;8084,688;-7,775;0,000;4805,550;903,188;1045,025
2020-04-05;16;14599,675;7774,400;-7,663;0,000;4855,250;934,038;1048,575
2020-04-05;17;14624,500;7733,013;-7,488;0,000;4952,413;916,838;1028,775
2020-04-05;18;14942,225;7971,063;10,250;0,000;5053,675;841,625;1085,050
2020-04-05;19;15600,538;8407,188;112,563;0,000;5217,350;862,875;1109,338
2020-04-05;20;16619,163;8624,488;85,838;0,000;5620,000;1263,950;1107,163
2020-04-05;21;17411,963;8838,000;100,150;0,000;6431,463;1170,400;983,800
2020-04-05;22;16677,563;8015,038;6,400;0,000;7021,625;933,850;725,325
2020-04-05;23;16073,000;7613,263;93,313;0,000;7419,563;570,863;488,638
2020-04-05;24;15265,263;7194,863;-7,538;0,000;7690,825;114,388;283,388
