Data;Godzina;Krajowe zapotrzebowanie na moc;Sumaryczna generacja JWCD;Generacja PI;Generacja IRZ;Sumaryczna generacja nJWCD;Krajowe saldo wymiany miêdzysystemowej równoleg³ej;Krajowe saldo wymiany miêdzysystemowej nierównoleg³ej
2020-04-03;1;16444,475;7316,875;-136,063;0,000;9117,750;-225,913;379,775
2020-04-03;2;15834,250;7358,400;-647,688;0,000;9143,850;-495,325;479,150
2020-04-03;3;15432,375;7333,875;-929,475;0,000;9154,625;-631,450;512,350
2020-04-03;4;15391,800;7440,813;-1204,000;0,000;9210,675;-491,400;441,238
2020-04-03;5;15560,600;7608,525;-1180,063;0,000;9147,275;-510,500;499,538
2020-04-03;6;15906,775;8019,488;-1133,413;0,000;9058,875;-566,588;533,550
2020-04-03;7;17355,200;8294,900;-268,225;0,000;9184,975;-449,525;596,900
2020-04-03;8;18872,800;9236,213;-7,163;0,000;9047,250;-152,388;750,800
2020-04-03;9;19804,488;9550,238;-7,038;0,000;9158,588;450,200;658,238
2020-04-03;10;19980,163;9106,788;10,138;0,000;9113,663;900,300;875,413
2020-04-03;11;19869,138;8954,350;29,050;0,000;9062,050;938,363;925,800
2020-04-03;12;20107,850;8920,850;278,525;0,000;9084,488;1069,363;1047,000
2020-04-03;13;20167,813;9772,650;301,213;0,000;9088,688;195,613;1125,475
2020-04-03;14;19928,200;9643,925;195,825;0,000;9019,038;153,700;1125,325
2020-04-03;15;19451,875;8972,550;9,013;0,000;9170,213;257,263;1057,488
2020-04-03;16;19236,375;8723,225;-7,413;0,000;9086,138;420,338;1026,075
2020-04-03;17;19080,888;8723,688;-7,675;0,000;8894,200;157,100;1312,875
2020-04-03;18;18979,475;8448,838;10,713;0,000;8591,375;646,538;1295,188
2020-04-03;19;19072,488;8891,225;13,088;0,000;8108,963;748,275;1329,625
2020-04-03;20;20059,150;9835,925;236,175;0,000;7872,638;1026,075;1330,188
2020-04-03;21;20457,225;10345,613;351,913;0,000;7744,338;1037,375;1332,913
2020-04-03;22;19118,750;9250,375;47,250;0,000;7658,788;894,338;1329,550
2020-04-03;23;17984,088;8283,063;-9,800;0,000;7461,075;924,113;1332,163
2020-04-03;24;17023,900;7828,063;-9,925;0,000;7266,288;691,000;1249,275
