Data;Godzina;Krajowe zapotrzebowanie na moc;Sumaryczna generacja JWCD;Generacja PI;Generacja IRZ;Sumaryczna generacja nJWCD;Krajowe saldo wymiany miêdzysystemowej równoleg³ej;Krajowe saldo wymiany miêdzysystemowej nierównoleg³ej
2020-04-29;1;15253,463;8765,413;-8,625;0,000;4788,500;1023,088;684,875
2020-04-29;2;14687,813;8775,575;-8,400;0,000;4560,563;860,075;496,925
2020-04-29;3;14230,638;8776,688;-10,400;0,000;4290,975;765,063;406,675
2020-04-29;4;14280,563;8878,175;-129,275;0,000;4279,625;802,288;447,138
2020-04-29;5;14350,850;9160,138;-144,825;0,000;4153,263;738,725;444,713
2020-04-29;6;14219,200;8957,863;-144,788;0,000;4049,363;680,263;679,300
2020-04-29;7;16199,463;10096,038;-24,475;0,000;4236,188;1094,913;793,088
2020-04-29;8;18230,100;11873,750;-6,750;0,000;4434,388;1109,863;819,875
2020-04-29;9;19338,600;12533,300;20,150;0,000;4687,300;1390,525;732,563
2020-04-29;10;19777,788;12717,363;50,375;0,000;4807,250;1161,875;1099,375
2020-04-29;11;19811,675;12506,125;19,100;0,000;4875,288;1345,375;1098,188
2020-04-29;12;20086,438;12607,475;70,038;0,000;4925,813;1527,088;1036,663
2020-04-29;13;20226,713;12784,550;131,175;0,000;4899,763;1528,200;1014,538
2020-04-29;14;20122,563;12537,538;208,938;0,000;4940,375;1550,675;1095,850
2020-04-29;15;19495,775;11839,375;19,838;0,000;4855,988;1532,088;1270,025
2020-04-29;16;19255,063;11686,938;-8,963;0,000;4793,250;1562,950;1223,250
2020-04-29;17;18936,175;11668,800;197,375;0,000;4722,000;1535,663;1009,675
2020-04-29;18;18612,538;11529,725;413,875;0,000;4556,063;1527,588;1002,375
2020-04-29;19;18578,738;11662,125;506,600;0,000;4469,725;1418,738;1030,363
2020-04-29;20;18937,725;12242,125;851,738;0,000;4430,200;1199,325;1061,775
2020-04-29;21;19596,388;12389,775;691,338;0,000;4601,863;1310,375;1290,550
2020-04-29;22;18812,125;11534,913;422,938;0,000;4492,300;1472,588;1318,500
2020-04-29;23;17486,538;10354,088;165,050;0,000;4373,500;1477,713;1287,875
2020-04-29;24;16225,038;9285,188;7,163;0,000;4272,888;1405,275;1271,713
