Data;Godzina;Krajowe zapotrzebowanie na moc;Sumaryczna generacja JWCD;Generacja PI;Generacja IRZ;Sumaryczna generacja nJWCD;Krajowe saldo wymiany miêdzysystemowej równoleg³ej;Krajowe saldo wymiany miêdzysystemowej nierównoleg³ej
2020-06-15;1;13349,000;8197,313;-308,913;0,000;3540,663;1182,375;741,500
2020-06-15;2;12951,438;8698,675;-458,150;0,000;3326,475;760,850;624,838
2020-06-15;3;12692,413;8810,088;-457,438;0,000;3237,888;575,888;529,850
2020-06-15;4;12621,725;8935,225;-505,663;0,000;3183,813;475,050;535,913
2020-06-15;5;12423,875;8837,388;-587,363;0,000;3091,163;562,375;521,588
2020-06-15;6;13064,063;9027,813;-519,538;0,000;3017,013;831,075;711,688
2020-06-15;7;15931,788;10912,713;-46,938;0,000;3067,213;1153,425;846,475
2020-06-15;8;18356,338;13068,138;-7,275;0,000;3188,763;1499,325;610,375
2020-06-15;9;19697,100;13991,413;72,513;0,000;3522,063;1661,800;528,813
2020-06-15;10;20364,213;14354,400;169,063;0,000;3718,100;1717,775;584,813
2020-06-15;11;20501,388;14370,538;237,838;0,000;3939,175;1667,763;534,813
2020-06-15;12;20915,288;14832,875;265,150;0,000;4065,100;1465,288;560,688
2020-06-15;13;21082,475;15267,575;300,913;0,000;4092,600;1253,888;477,688
2020-06-15;14;20888,188;15049,250;168,075;0,000;3955,363;1315,988;579,063
2020-06-15;15;20500,013;14522,238;96,338;0,000;3779,038;1505,213;706,500
2020-06-15;16;20328,838;14107,888;203,075;0,000;3678,275;1311,163;1238,800
2020-06-15;17;19920,900;13659,050;3,200;0,000;3495,163;1560,463;1209,350
2020-06-15;18;19605,000;13675,950;-6,938;0,000;3385,113;1498,088;1052,625
2020-06-15;19;19477,900;14201,650;251,663;0,000;3338,638;1014,663;933,338
2020-06-15;20;19622,050;14323,450;414,088;0,000;3224,613;1090,688;990,425
2020-06-15;21;19601,238;13549,863;370,763;0,000;3247,388;1548,675;1262,488
2020-06-15;22;19455,013;13345,888;275,350;0,000;3205,125;1702,013;1212,538
2020-06-15;23;18473,813;12685,613;-6,550;0,000;3139,213;1603,188;1055,888
2020-06-15;24;16873,600;11175,913;-7,938;0,000;3105,438;1531,075;1074,400
