Data;Godzina;Krajowe zapotrzebowanie na moc;Sumaryczna generacja JWCD;Generacja PI;Generacja IRZ;Sumaryczna generacja nJWCD;Krajowe saldo wymiany miêdzysystemowej równoleg³ej;Krajowe saldo wymiany miêdzysystemowej nierównoleg³ej
2020-05-12;1;15543,238;8768,038;-15,063;329,875;6557,775;-50,200;287,475
2020-05-12;2;14988,350;8557,400;-392,100;330,912;6540,275;69,525;215,175
2020-05-12;3;14720,175;8708,038;-699,575;330,825;6270,663;232,288;206,613
2020-05-12;4;14842,775;8946,788;-753,088;330,863;6239,063;184,713;219,563
2020-05-12;5;14653,413;9107,650;-760,438;331,512;6084,150;-207,038;429,463
2020-05-12;6;14818,500;9214,800;-707,450;330,875;5919,013;174,350;217,588
2020-05-12;7;17032,650;10505,238;84,563;330,762;5856,563;574,413;185,538
2020-05-12;8;19057,050;11882,963;237,425;331,137;5701,113;1295,663;176,550
2020-05-12;9;20108,925;12663,913;111,875;331,088;5901,250;1429,188;114,825
2020-05-12;10;20429,600;12372,500;72,550;331,238;6445,038;1398,963;219,813
2020-05-12;11;20653,463;11894,363;101,738;329,650;6955,563;1526,763;276,213
2020-05-12;12;21033,313;11998,413;101,213;330,813;7169,438;1454,900;412,750
2020-05-12;13;20983,563;12007,775;57,175;331,075;7173,038;1350,250;460,638
2020-05-12;14;20651,150;11836,163;0,175;330,387;7131,488;1238,038;451,425
2020-05-12;15;19996,525;11108,125;-7,650;330,325;6840,713;1166,675;877,363
2020-05-12;16;19641,013;10736,238;-7,413;330,863;6747,038;1260,663;901,825
2020-05-12;17;19317,138;10557,800;10,000;331,075;6506,738;1353,575;903,488
2020-05-12;18;18909,388;10584,125;11,988;330,987;6223,275;1213,338;887,800
2020-05-12;19;18776,200;10720,488;206,963;330,588;5871,875;1460,900;722,250
2020-05-12;20;19119,400;11339,613;186,125;329,950;5628,288;1465,613;681,275
2020-05-12;21;19514,363;11244,700;68,600;330,975;5754,913;1399,938;1113,875
2020-05-12;22;19292,725;10873,388;1,450;330,563;5983,263;1307,513;1139,388
2020-05-12;23;17986,413;9226,088;-6,975;331,137;6429,713;1308,450;1033,600
2020-05-12;24;16701,738;8629,888;-7,213;331,238;6381,050;984,638;720,350
