Data;Godzina;Krajowe zapotrzebowanie na moc;Sumaryczna generacja JWCD;Generacja PI;Generacja IRZ;Sumaryczna generacja nJWCD;Krajowe saldo wymiany miêdzysystemowej równoleg³ej;Krajowe saldo wymiany miêdzysystemowej nierównoleg³ej
2020-08-20;1;16378,738;10680,750;-83,275;0,000;3551,300;1265,213;974,138
2020-08-20;2;15796,588;10920,188;-259,588;0,000;3466,713;866,725;803,450
2020-08-20;3;15421,613;11050,063;-340,988;0,000;3383,875;541,363;789,613
2020-08-20;4;15420,825;11064,100;-341,500;0,000;3371,125;540,988;789,788
2020-08-20;5;15520,988;11063,925;-345,238;0,000;3372,225;623,350;806,388
2020-08-20;6;15632,750;10933,975;-487,338;0,000;3369,275;795,088;1027,225
2020-08-20;7;17737,163;12076,563;-54,775;0,000;3539,713;1061,900;1121,625
2020-08-20;8;19847,575;14392,313;-6,775;0,000;3747,563;1246,738;469,425
2020-08-20;9;21271,263;15651,125;124,500;0,000;3991,338;1426,425;210,938
2020-08-20;10;21922,700;16045,150;161,213;0,000;4331,250;1429,775;135,063
2020-08-20;11;22116,700;16335,225;159,888;0,000;4591,700;1003,263;205,113
2020-08-20;12;22292,438;16272,388;184,700;0,000;4806,238;722,475;504,825
2020-08-20;13;22391,150;16391,825;178,238;0,000;4924,638;596,138;492,200
2020-08-20;14;22200,188;16129,263;382,350;0,000;4827,313;863,263;389,050
2020-08-20;15;21973,588;16156,438;443,988;0,000;4646,725;780,188;403,213
2020-08-20;16;21901,663;16229,450;318,213;0,000;4431,675;748,400;504,625
2020-08-20;17;21579,613;15972,438;31,688;0,000;4188,663;739,075;687,263
2020-08-20;18;21185,413;15253,250;-8,688;0,000;3890,850;1181,663;859,250
2020-08-20;19;21032,200;14890,975;59,850;0,000;3650,175;1488,338;1006,125
2020-08-20;20;21290,863;15812,888;287,238;0,000;3535,888;1113,425;833,650
2020-08-20;21;22084,925;16182,088;317,050;0,000;3723,825;1106,325;1071,975
2020-08-20;22;21017,850;14777,038;101,075;0,000;3896,038;1168,663;1184,438
2020-08-20;23;19064,438;12242,250;-6,388;0,000;3907,525;1673,088;1261,438
2020-08-20;24;17538,950;10969,388;-6,425;0,000;3897,513;1533,425;1162,563
