Data;Godzina;Krajowe zapotrzebowanie na moc;Sumaryczna generacja JWCD;Sumaryczna generacja nJWCD;Krajowe saldo wymiany miêdzysystemowej równoleg³ej;Krajowe saldo wymiany miêdzysystemowej nierównoleg³ej
2021-10-07;1;17682,600;13534,750;4957,063;-1774,650;981,825
2021-10-07;2;17049,425;13459,038;4920,488;-1924,125;688,250
2021-10-07;3;16682,075;13294,588;4896,413;-2002,225;693,838
2021-10-07;4;16765,300;13325,225;4873,350;-1918,100;837,563
2021-10-07;5;16976,975;13491,975;4890,700;-1876,513;883,300
2021-10-07;6;17852,613;14296,638;4998,800;-2035,963;938,438
2021-10-07;7;20415,113;15614,300;5080,775;-1183,038;982,363
2021-10-07;8;21975,500;16662,050;5217,450;-868,175;962,313
2021-10-07;9;22600,538;17046,313;5416,888;-839,888;984,675
2021-10-07;10;22555,575;16537,363;5783,913;-651,450;903,063
2021-10-07;11;22086,563;16215,213;5776,000;-597,813;706,425
2021-10-07;12;22202,013;16748,038;6046,325;-1464,250;879,338
2021-10-07;13;22184,763;16371,763;6412,638;-1599,988;1019,988
2021-10-07;14;22129,175;16021,238;6490,700;-1315,788;939,813
2021-10-07;15;22033,963;16121,525;6384,963;-1378,513;911,425
2021-10-07;16;22126,800;16156,200;6148,113;-1082,663;913,438
2021-10-07;17;22289,125;16341,850;5855,363;-938,313;1034,750
2021-10-07;18;22306,538;16845,938;5433,388;-1138,013;1170,425
2021-10-07;19;23134,013;17527,763;5513,300;-1089,363;1182,775
2021-10-07;20;23682,713;17645,088;5900,700;-1034,588;1178,475
2021-10-07;21;23063,038;16963,688;6106,150;-1183,738;1190,575
2021-10-07;22;21641,913;15451,850;6154,913;-1128,325;1177,800
2021-10-07;23;19932,388;14485,700;6065,613;-1778,913;1171,375
2021-10-07;24;18565,963;13158,775;5961,250;-1636,575;1185,863
