Data;Godzina;Krajowe zapotrzebowanie na moc;Sumaryczna generacja JWCD;Sumaryczna generacja nJWCD;Krajowe saldo wymiany miêdzysystemowej równoleg³ej;Krajowe saldo wymiany miêdzysystemowej nierównoleg³ej
2021-12-01;1;19278,625;14135,925;7533,363;-1444,950;-905,288
2021-12-01;2;18611,275;12985,038;7388,525;-706,550;-919,275
2021-12-01;3;18296,613;12202,963;7265,975;-491,813;-274,513
2021-12-01;4;18435,125;12261,850;6766,275;-216,450;6,750
2021-12-01;5;18808,838;12728,763;6283,913;-24,150;195,900
2021-12-01;6;19687,000;14004,275;6114,713;-452,825;338,125
2021-12-01;7;22560,325;16341,038;6340,650;-902,438;838,063
2021-12-01;8;24213,438;17840,675;6615,638;-641,788;409,425
2021-12-01;9;25088,188;18124,163;7082,675;-492,175;379,863
2021-12-01;10;25604,900;18092,325;7681,688;-652,100;496,613
2021-12-01;11;25472,325;17649,438;8142,600;-1033,863;726,100
2021-12-01;12;25853,613;17590,188;8553,475;-967,775;679,425
2021-12-01;13;26171,775;17528,788;8910,225;-861,438;607,600
2021-12-01;14;26252,250;17251,975;9298,538;-728,088;432,850
2021-12-01;15;25679,050;16299,913;9568,263;-659,688;475,725
2021-12-01;16;25711,375;15809,388;9926,975;-213,850;185,650
2021-12-01;17;26198,288;16392,563;10200,263;-155,175;-235,350
2021-12-01;18;25764,788;16232,438;10401,250;-279,988;-582,050
2021-12-01;19;25353,288;15777,750;10712,213;-437,375;-690,363
2021-12-01;20;25089,438;15474,425;10809,288;-598,738;-586,225
2021-12-01;21;24298,188;14778,900;10837,850;-872,900;-432,338
2021-12-01;22;22792,588;13953,550;10890,500;-1082,150;-956,088
2021-12-01;23;21147,563;11963,788;10757,863;-1061,800;-497,400
2021-12-01;24;19708,375;10138,675;10585,638;-798,550;-201,688
