Data;Godzina;Krajowe zapotrzebowanie na moc;Sumaryczna generacja JWCD;Sumaryczna generacja nJWCD;Krajowe saldo wymiany miêdzysystemowej równoleg³ej;Krajowe saldo wymiany miêdzysystemowej nierównoleg³ej
2021-07-27;1;17379,588;14708,050;3491,213;-1649,413;867,850
2021-07-27;2;16751,513;13726,900;3395,100;-926,638;886,263
2021-07-27;3;16387,125;13633,825;3293,263;-1076,688;888,950
2021-07-27;4;16356,738;13513,000;3209,063;-909,163;893,588
2021-07-27;5;16379,725;13564,888;3303,725;-881,100;895,900
2021-07-27;6;16459,963;13836,025;3342,238;-1096,050;869,863
2021-07-27;7;18645,663;15891,400;3366,000;-1103,900;534,738
2021-07-27;8;20619,725;17212,288;3621,138;-685,013;480,738
2021-07-27;9;21774,438;17754,288;3965,913;-274,675;336,450
2021-07-27;10;22251,788;17650,038;4432,213;-107,725;283,663
2021-07-27;11;22503,375;17141,838;5071,825;49,350;251,788
2021-07-27;12;23147,588;16983,463;5899,638;39,363;243,213
2021-07-27;13;23176,100;16275,538;6224,775;305,025;386,913
2021-07-27;14;23100,038;15628,113;6534,125;558,375;392,313
2021-07-27;15;22764,613;15443,350;6477,188;452,488;392,600
2021-07-27;16;22678,813;15620,963;6215,713;469,400;389,750
2021-07-27;17;22410,963;15999,388;5756,750;278,788;387,063
2021-07-27;18;22259,888;16942,513;5239,575;-258,913;353,388
2021-07-27;19;22121,838;17445,563;4597,088;-530,625;615,838
2021-07-27;20;22179,950;18022,663;4017,213;-675,588;820,875
2021-07-27;21;22077,675;18286,050;3706,588;-779,150;875,375
2021-07-27;22;21750,538;18061,025;3517,700;-689,800;880,275
2021-07-27;23;20332,625;16628,325;3413,350;-572,825;883,113
2021-07-27;24;18772,600;15943,038;3240,375;-1273,175;887,125
