Data;Godzina;Krajowe zapotrzebowanie na moc;Sumaryczna generacja JWCD;Sumaryczna generacja nJWCD;Krajowe saldo wymiany miêdzysystemowej równoleg³ej;Krajowe saldo wymiany miêdzysystemowej nierównoleg³ej
2021-08-19;1;16768,838;10906,288;6208,613;-1260,063;927,650
2021-08-19;2;16122,688;10439,200;6093,238;-1134,650;920,525
2021-08-19;3;15832,625;10438,725;6160,588;-847,088;920,450
2021-08-19;4;15793,050;10563,588;6309,475;-808,363;920,713
2021-08-19;5;16001,013;10551,288;6377,975;-686,263;922,050
2021-08-19;6;16210,813;11274,050;6328,650;-1665,650;903,650
2021-08-19;7;18193,250;13986,350;6499,163;-2428,963;218,125
2021-08-19;8;20082,225;16614,025;6648,700;-2638,663;-536,713
2021-08-19;9;21185,600;17402,525;7011,238;-2658,650;-562,238
2021-08-19;10;21474,200;16750,100;7439,700;-2608,913;-91,813
2021-08-19;11;21552,263;16057,838;7946,188;-2558,600;138,175
2021-08-19;12;21973,950;16293,200;8162,525;-2489,275;19,075
2021-08-19;13;22353,200;16584,800;7962,250;-1932,825;-245,300
2021-08-19;14;22431,363;16642,038;7791,938;-1672,438;-316,675
2021-08-19;15;22089,025;16430,750;7604,250;-1929,788;-5,413
2021-08-19;16;21824,463;16492,750;7099,500;-1941,738;187,350
2021-08-19;17;21756,713;16812,600;6537,100;-1748,213;163,300
2021-08-19;18;21668,013;17575,375;5843,325;-1946,750;207,300
2021-08-19;19;21208,875;17860,725;4789,650;-1982,663;556,450
2021-08-19;20;21507,275;18155,788;4316,738;-1516,463;563,138
2021-08-19;21;22132,400;18575,438;4284,813;-1482,850;753,025
2021-08-19;22;21041,488;17949,050;4346,400;-1940,113;701,813
2021-08-19;23;19553,500;16984,875;4349,775;-2106,163;345,525
2021-08-19;24;18272,650;16018,575;4421,025;-2464,925;315,513
