Data;Godzina;Krajowe zapotrzebowanie na moc;Sumaryczna generacja JWCD;Sumaryczna generacja nJWCD;Krajowe saldo wymiany miêdzysystemowej równoleg³ej;Krajowe saldo wymiany miêdzysystemowej nierównoleg³ej
2021-05-05;1;16389,825;8281,625;8167,688;-218,550;263,625
2021-05-05;2;15815,025;8433,088;8047,913;-187,050;228,875
2021-05-05;3;15682,038;8622,700;7980,488;-209,500;228,688
2021-05-05;4;15687,175;8812,388;7993,763;-284,088;228,300
2021-05-05;5;15829,050;8777,213;8084,050;-206,138;228,938
2021-05-05;6;15958,463;8819,350;7968,638;-314,438;235,125
2021-05-05;7;18273,350;10364,425;7916,313;-453,663;504,363
2021-05-05;8;20403,938;12010,825;8308,600;-529,213;625,125
2021-05-05;9;21400,850;12063,538;9073,550;-443,063;720,688
2021-05-05;10;21692,050;11634,900;9781,500;-474,825;781,238
2021-05-05;11;21697,738;11047,500;10302,063;-449,513;819,763
2021-05-05;12;22190,275;11130,875;10605,275;-354,738;820,350
2021-05-05;13;22205,400;10964,600;10669,525;-232,725;820,513
2021-05-05;14;21899,625;10979,425;10185,563;-81,675;822,338
2021-05-05;15;21474,913;10638,450;9883,350;126,688;821,538
2021-05-05;16;21504,488;10889,000;9723,000;83,475;819,625
2021-05-05;17;21444,300;11452,588;9246,388;-79,425;820,638
2021-05-05;18;21376,275;12276,463;8655,888;-383,800;821,463
2021-05-05;19;21238,863;13041,088;8041,050;-667,675;824,588
2021-05-05;20;21312,175;13536,088;7837,538;-891,988;823,000
2021-05-05;21;21623,113;13965,900;8027,725;-1181,338;804,088
2021-05-05;22;20893,063;12688,650;8549,425;-935,700;587,500
2021-05-05;23;19340,488;11058,388;8809,925;-1058,413;540,513
2021-05-05;24;17987,613;9073,138;8976,388;-288,563;239,538
