Data;Godzina;Krajowe zapotrzebowanie na moc;Sumaryczna generacja JWCD;Sumaryczna generacja nJWCD;Krajowe saldo wymiany miêdzysystemowej równoleg³ej;Krajowe saldo wymiany miêdzysystemowej nierównoleg³ej
2021-04-07;1;18017,250;11010,275;7180,925;-693,075;691,313
2021-04-07;2;17333,400;10742,988;6899,925;-602,975;657,988
2021-04-07;3;16989,788;10750,975;6759,888;-697,950;658,163
2021-04-07;4;17238,463;11189,438;6810,588;-823,325;657,825
2021-04-07;5;17471,350;11330,888;6865,438;-795,763;658,488
2021-04-07;6;17901,675;11656,550;6841,488;-688,163;658,813
2021-04-07;7;19635,863;13352,975;6840,288;-1048,025;611,725
2021-04-07;8;21854,588;15869,013;7032,213;-805,325;-212,150
2021-04-07;9;23164,238;16635,863;7657,238;-791,538;-326,113
2021-04-07;10;23409,600;14963,813;8123,738;-298,613;637,838
2021-04-07;11;23344,675;14198,113;8784,988;-523,288;904,375
2021-04-07;12;23616,513;13866,450;9281,838;-536,450;1023,775
2021-04-07;13;23519,713;13251,875;9643,963;-415,213;1043,025
2021-04-07;14;22902,075;12237,538;9839,875;-243,638;1074,700
2021-04-07;15;22429,038;11239,400;10053,963;5,113;1136,888
2021-04-07;16;22398,900;11352,088;10213,400;-308,575;1145,413
2021-04-07;17;22168,900;11664,725;9699,575;-333,588;1142,050
2021-04-07;18;21897,713;12197,200;9104,363;-501,838;1100,400
2021-04-07;19;21791,000;12599,913;8432,988;-278,900;1043,013
2021-04-07;20;22595,450;13993,750;7791,488;-96,313;904,063
2021-04-07;21;23326,788;14391,713;7669,263;131,575;1134,575
2021-04-07;22;22043,163;13360,438;7892,563;-342,288;1145,738
2021-04-07;23;20557,613;11598,275;7789,388;46,638;1132,138
2021-04-07;24;19257,838;10643,038;7841,588;-174,138;959,825
