Data;Godzina;Krajowe zapotrzebowanie na moc;Sumaryczna generacja JWCD;Sumaryczna generacja nJWCD;Krajowe saldo wymiany miêdzysystemowej równoleg³ej;Krajowe saldo wymiany miêdzysystemowej nierównoleg³ej
2021-10-10;1;15763,838;10572,913;5798,700;-1791,513;1194,013
2021-10-10;2;15171,763;10590,475;5532,075;-2141,050;1205,563
2021-10-10;3;14818,150;10500,488;5317,125;-2118,938;1132,238
2021-10-10;4;14699,300;10660,513;5106,663;-2086,563;1035,225
2021-10-10;5;14829,638;10851,250;4991,650;-1990,600;991,575
2021-10-10;6;14902,175;11205,750;4959,013;-2045,138;801,263
2021-10-10;7;15238,363;11012,888;5014,425;-1530,725;759,788
2021-10-10;8;15530,500;11131,813;5171,763;-1638,638;882,425
2021-10-10;9;16021,625;11223,838;5641,250;-1677,363;853,588
2021-10-10;10;16491,225;11128,013;6060,900;-1600,225;917,450
2021-10-10;11;16448,813;10992,913;6210,025;-1646,900;904,363
2021-10-10;12;16388,788;10571,150;6780,475;-1723,513;782,375
2021-10-10;13;16466,863;10507,125;7317,225;-1820,213;908,638
2021-10-10;14;16508,675;10255,088;7217,850;-1325,900;1039,400
2021-10-10;15;16304,725;10099,563;6741,963;-1168,350;1062,500
2021-10-10;16;16462,763;10994,925;6199,050;-1636,825;1050,538
2021-10-10;17;16975,538;12413,588;5683,463;-2087,750;978,038
2021-10-10;18;17701,363;13838,825;5210,213;-2225,613;887,638
2021-10-10;19;18951,675;14933,213;5193,938;-2031,675;864,325
2021-10-10;20;19595,725;14912,400;5619,838;-2070,463;1151,288
2021-10-10;21;19184,075;14276,400;6072,188;-2189,575;1049,838
2021-10-10;22;18234,900;12792,825;6382,850;-2064,513;1143,725
2021-10-10;23;17226,713;11721,813;6542,100;-2165,288;1146,613
2021-10-10;24;16365,588;10845,238;6632,163;-2138,725;1051,600
