Data;Godzina;Krajowe zapotrzebowanie na moc;Sumaryczna generacja JWCD;Sumaryczna generacja nJWCD;Krajowe saldo wymiany miêdzysystemowej równoleg³ej;Krajowe saldo wymiany miêdzysystemowej nierównoleg³ej
2021-09-03;1;17100,363;14720,913;4263,725;-2251,763;532,125
2021-09-03;2;16435,463;13781,113;4469,188;-2238,625;782,525
2021-09-03;3;16148,138;13389,488;4691,525;-2434,238;964,113
2021-09-03;4;16162,338;13797,025;4928,225;-2904,425;928,763
2021-09-03;5;16479,475;13868,475;5308,763;-2816,038;808,725
2021-09-03;6;17047,238;14439,563;5613,575;-2786,325;445,538
2021-09-03;7;18971,025;15689,425;5926,675;-2681,150;334,225
2021-09-03;8;20634,788;15304,438;6632,750;-823,850;-437,100
2021-09-03;9;21468,738;15467,925;7213,000;-892,863;-271,438
2021-09-03;10;21610,988;14805,500;8147,988;-1034,663;-258,350
2021-09-03;11;21754,425;14655,575;9284,613;-1710,650;-434,063
2021-09-03;12;21807,100;14628,963;9326,688;-1694,900;-445,288
2021-09-03;13;21895,788;14648,875;9194,063;-1500,688;-436,663
2021-09-03;14;21740,588;14585,913;8813,363;-1241,825;-406,900
2021-09-03;15;21387,200;14662,488;8422,750;-1592,613;-86,100
2021-09-03;16;21477,300;15052,575;7902,213;-1577,875;112,625
2021-09-03;17;21223,750;15831,988;6853,750;-1566,713;113,238
2021-09-03;18;21183,013;16064,113;5798,600;-887,613;221,763
2021-09-03;19;21437,313;16817,575;5032,425;-796,838;398,538
2021-09-03;20;21839,838;17542,388;4382,688;-578,663;503,338
2021-09-03;21;22271,288;18110,288;4301,288;-716,863;589,413
2021-09-03;22;20843,813;16810,500;4159,300;-893,838;790,000
2021-09-03;23;19306,638;16598,063;3969,650;-2089,725;850,313
2021-09-03;24;18214,363;16690,963;3820,563;-2419,000;164,825
