Data;Godzina;Krajowe zapotrzebowanie na moc;Sumaryczna generacja JWCD;Sumaryczna generacja nJWCD;Krajowe saldo wymiany miêdzysystemowej równoleg³ej;Krajowe saldo wymiany miêdzysystemowej nierównoleg³ej
2021-12-07;1;19701,475;14080,400;5366,825;451,238;-7,250
2021-12-07;2;19135,213;13560,950;5368,413;669,200;-32,663
2021-12-07;3;18743,525;13682,788;5367,388;431,225;-245,050
2021-12-07;4;18724,225;13661,788;5450,363;412,100;-304,050
2021-12-07;5;19102,813;14025,088;5563,875;40,175;-28,163
2021-12-07;6;20160,613;15575,175;5612,550;-514,138;-43,163
2021-12-07;7;23027,225;17617,113;5615,038;503,325;-512,138
2021-12-07;8;24993,863;19404,338;5647,400;790,413;-845,725
2021-12-07;9;26023,925;19850,600;5749,750;1515,038;-1100,363
2021-12-07;10;26533,038;20061,850;5994,525;1564,600;-1086,500
2021-12-07;11;26621,450;19744,738;6236,913;1522,713;-875,075
2021-12-07;12;26864,038;19769,600;6294,475;1444,150;-636,763
2021-12-07;13;26860,163;19666,838;6332,150;1310,250;-431,863
2021-12-07;14;26912,438;19839,500;6388,813;1189,288;-502,050
2021-12-07;15;26528,075;20014,400;6292,150;925,713;-715,000
2021-12-07;16;26573,363;20202,500;6228,038;1042,500;-894,175
2021-12-07;17;27180,200;20767,300;6290,875;1170,450;-1043,625
2021-12-07;18;26861,563;20481,238;6427,763;994,875;-1020,975
2021-12-07;19;26367,425;20034,113;6561,225;362,500;-571,800
2021-12-07;20;26066,263;19763,813;6520,400;95,338;-301,050
2021-12-07;21;25514,163;19205,688;6449,575;-96,488;-41,625
2021-12-07;22;23925,275;17739,875;6503,900;-288,900;-19,813
2021-12-07;23;22326,800;15859,513;6726,338;-231,963;-13,325
2021-12-07;24;20917,963;14056,250;6924,863;-17,375;-10,988
