Data;Godzina;Krajowe zapotrzebowanie na moc;Sumaryczna generacja JWCD;Sumaryczna generacja nJWCD;Krajowe saldo wymiany miêdzysystemowej równoleg³ej;Krajowe saldo wymiany miêdzysystemowej nierównoleg³ej
2021-07-01;1;17535,900;13834,013;4335,763;-1569,200;952,225
2021-07-01;2;16614,438;12611,100;4298,838;-1312,238;1031,138
2021-07-01;3;16278,888;12435,425;4341,813;-1488,788;1007,000
2021-07-01;4;16209,450;12245,325;4431,338;-1421,513;965,900
2021-07-01;5;15942,788;12174,450;4382,850;-1625,950;1018,275
2021-07-01;6;16365,213;12247,075;4520,088;-1419,063;1031,625
2021-07-01;7;18776,325;15220,438;4772,150;-1523,175;318,413
2021-07-01;8;20750,563;15963,763;5267,988;-435,825;-43,663
2021-07-01;9;21745,313;16454,588;5708,313;-361,388;-42,775
2021-07-01;10;22195,450;16202,400;6325,375;-292,150;-25,850
2021-07-01;11;22227,325;16017,313;6626,500;-416,750;7,525
2021-07-01;12;22390,275;16090,625;6916,200;-688,263;87,963
2021-07-01;13;22931,225;16209,400;7290,100;-473,275;-77,275
2021-07-01;14;22932,700;16009,050;7344,475;-439,838;26,600
2021-07-01;15;22575,088;15949,225;7006,725;-278,650;-86,338
2021-07-01;16;22450,838;15620,838;6656,713;30,150;154,438
2021-07-01;17;22314,300;16359,100;6324,938;-688,288;331,800
2021-07-01;18;22123,188;16308,600;5827,013;-199,113;203,163
2021-07-01;19;21781,663;16632,363;5283,975;-362,375;243,625
2021-07-01;20;21743,888;17021,625;4634,038;-227,763;333,550
2021-07-01;21;21563,300;16995,538;4329,475;-178,150;425,125
2021-07-01;22;21115,188;16748,600;4258,525;-419,363;538,125
2021-07-01;23;20113,950;16318,350;4025,713;-768,013;557,038
2021-07-01;24;18906,250;16138,425;4038,713;-1198,850;-46,288
