Data;Godzina;Krajowe zapotrzebowanie na moc;Sumaryczna generacja JWCD;Sumaryczna generacja nJWCD;Krajowe saldo wymiany miêdzysystemowej równoleg³ej;Krajowe saldo wymiany miêdzysystemowej nierównoleg³ej
2021-05-28;1;16672,413;11694,313;4278,563;380,013;420,863
2021-05-28;2;16175,113;11113,675;4308,413;454,363;443,325
2021-05-28;3;15808,263;11331,588;4161,288;109,650;479,238
2021-05-28;4;15809,700;11474,013;4100,700;89,938;515,025
2021-05-28;5;15631,038;11576,100;4027,025;177,163;268,413
2021-05-28;6;15955,525;12165,650;4037,063;-159,238;276,175
2021-05-28;7;18501,750;14195,100;4212,625;-66,150;225,663
2021-05-28;8;20468,800;15679,875;4457,963;118,125;226,188
2021-05-28;9;21454,300;16087,438;4833,525;302,800;241,275
2021-05-28;10;21843,000;15690,425;5309,275;265,150;598,988
2021-05-28;11;21835,688;15016,763;5551,500;642,563;647,538
2021-05-28;12;22103,113;14901,250;5817,713;752,150;644,900
2021-05-28;13;21779,613;14423,663;5816,688;916,000;639,938
2021-05-28;14;21532,613;13941,813;6115,575;810,700;674,475
2021-05-28;15;21461,550;12882,350;6630,188;881,713;1087,675
2021-05-28;16;21324,438;12586,688;6181,313;1446,100;1123,800
2021-05-28;17;21178,750;12699,925;5985,863;1380,500;1127,138
2021-05-28;18;20779,988;13401,888;5321,438;951,675;1115,425
2021-05-28;19;20574,538;14344,338;4710,663;521,913;1005,100
2021-05-28;20;20806,388;15561,325;4270,888;133,963;852,475
2021-05-28;21;20882,388;15597,850;4095,450;113,600;1087,800
2021-05-28;22;20688,350;15360,913;4128,100;123,188;1087,750
2021-05-28;23;19191,825;14299,950;4061,213;-268,750;1116,800
2021-05-28;24;17864,650;12811,000;4112,338;-149,913;1108,175
