Data;Godzina;Krajowe zapotrzebowanie na moc;Sumaryczna generacja JWCD;Sumaryczna generacja nJWCD;Krajowe saldo wymiany miêdzysystemowej równoleg³ej;Krajowe saldo wymiany miêdzysystemowej nierównoleg³ej
2021-04-25;1;15245,588;9442,938;5131,650;-110,288;798,050
2021-04-25;2;14611,450;9129,575;5134,500;-550,363;915,463
2021-04-25;3;14271,138;8866,000;5071,538;-615,963;965,088
2021-04-25;4;14234,450;9062,513;5009,363;-641,925;943,800
2021-04-25;5;14261,938;9101,263;4940,338;-651,988;965,263
2021-04-25;6;13754,100;8644,625;4990,913;-769,250;957,738
2021-04-25;7;14064,950;8697,863;5088,150;-541,938;955,863
2021-04-25;8;15040,900;8773,775;5372,275;41,125;869,375
2021-04-25;9;15706,413;8649,438;5805,575;580,613;688,563
2021-04-25;10;16413,475;8293,313;6636,200;725,375;780,763
2021-04-25;11;17106,013;7839,550;7413,675;877,650;1040,775
2021-04-25;12;17444,238;7969,400;7648,888;735,438;1162,688
2021-04-25;13;17229,475;8155,188;7785,725;378,475;992,050
2021-04-25;14;17059,250;8131,925;7800,150;618,288;552,163
2021-04-25;15;16798,750;8352,038;7742,975;705,588;16,938
2021-04-25;16;16712,450;8660,825;7801,875;417,388;-159,375
2021-04-25;17;16492,725;8909,413;7393,288;345,413;-138,825
2021-04-25;18;16668,450;9021,138;7247,600;321,625;230,788
2021-04-25;19;17024,213;9424,350;6662,163;96,563;845,975
2021-04-25;20;17549,725;11092,513;5861,875;-155,825;766,075
2021-04-25;21;18360,250;12094,613;5377,438;-79,163;981,625
2021-04-25;22;18108,488;12036,600;5409,475;-515,438;1193,188
2021-04-25;23;17316,313;11802,813;5444,138;-787,400;876,675
2021-04-25;24;16358,738;10726,525;5494,925;-933,438;1091,513
