Data;Godzina;Krajowe zapotrzebowanie na moc;Sumaryczna generacja JWCD;Sumaryczna generacja nJWCD;Krajowe saldo wymiany miêdzysystemowej równoleg³ej;Krajowe saldo wymiany miêdzysystemowej nierównoleg³ej
2021-06-14;1;14559,200;10650,588;5041,675;-1006,650;-101,688
2021-06-14;2;13957,563;10212,163;4776,225;-1068,425;97,688
2021-06-14;3;13810,163;10269,925;4632,125;-863,300;116,750
2021-06-14;4;13802,563;10339,375;4494,575;-843,200;159,663
2021-06-14;5;13728,750;10313,638;4338,275;-679,588;102,213
2021-06-14;6;14520,238;11071,663;4228,963;-663,300;105,450
2021-06-14;7;17689,863;14323,463;4155,750;-477,388;-278,238
2021-06-14;8;20025,550;15262,175;4538,888;173,088;66,950
2021-06-14;9;21031,863;15295,563;5327,650;359,675;71,538
2021-06-14;10;21348,213;14310,413;5841,750;986,850;230,175
2021-06-14;11;21157,663;13529,875;6226,800;917,075;498,788
2021-06-14;12;21297,075;13580,313;6335,788;935,213;461,425
2021-06-14;13;21486,075;13643,638;6443,025;892,350;525,325
2021-06-14;14;21307,300;13547,863;6329,125;933,475;511,475
2021-06-14;15;21312,588;13432,863;6252,013;1173,575;462,100
2021-06-14;16;21406,463;13702,163;6039,675;1065,850;604,350
2021-06-14;17;21328,288;14345,050;5512,475;767,763;704,813
2021-06-14;18;21341,650;15066,588;4998,025;496,750;793,425
2021-06-14;19;21443,700;16110,225;4483,550;-54,313;912,150
2021-06-14;20;21473,100;16903,300;3995,125;-59,663;631,113
2021-06-14;21;21206,150;16791,463;3670,825;56,050;694,175
2021-06-14;22;20874,288;16415,988;3551,613;356,250;560,225
2021-06-14;23;19754,063;15494,350;3729,600;-48,038;595,688
2021-06-14;24;18118,838;14038,663;4141,550;-717,500;684,738
