Data;Godzina;Krajowe zapotrzebowanie na moc;Sumaryczna generacja JWCD;Sumaryczna generacja nJWCD;Krajowe saldo wymiany miêdzysystemowej równoleg³ej;Krajowe saldo wymiany miêdzysystemowej nierównoleg³ej
2021-10-27;1;17669,325;11611,688;6738,925;-1039,713;803,875
2021-10-27;2;17195,338;10921,300;6727,025;-782,763;820,663
2021-10-27;3;16921,288;11006,825;6670,475;-1071,188;861,200
2021-10-27;4;16917,863;11363,100;6535,825;-1108,600;777,013
2021-10-27;5;17231,638;12053,600;6470,138;-1177,525;683,238
2021-10-27;6;18231,925;13373,238;6445,475;-1458,738;569,500
2021-10-27;7;21050,163;15505,938;6584,313;-1349,050;511,250
2021-10-27;8;22873,788;16481,513;6836,625;-1289,138;881,613
2021-10-27;9;23211,088;16374,213;7191,163;-1278,950;949,863
2021-10-27;10;23185,788;15860,300;7598,813;-1137,088;881,363
2021-10-27;11;22894,938;15659,413;7851,913;-1246,838;647,600
2021-10-27;12;22938,700;15974,913;8257,613;-1574,963;291,500
2021-10-27;13;22823,525;15854,788;8585,050;-2116,175;515,863
2021-10-27;14;22769,913;15015,650;8673,100;-1577,600;667,275
2021-10-27;15;22702,063;14633,400;8543,875;-1178,575;713,138
2021-10-27;16;22918,975;15494,100;8025,638;-1302,825;710,038
2021-10-27;17;22904,513;15750,075;7623,800;-1403,125;946,500
2021-10-27;18;23514,413;16169,175;7739,763;-1237,138;845,463
2021-10-27;19;24240,875;16712,775;8014,838;-1389,463;904,100
2021-10-27;20;24198,025;16401,975;8159,213;-1286,388;932,488
2021-10-27;21;23580,838;15895,063;8049,838;-1326,113;978,475
2021-10-27;22;21963,538;14728,650;7733,988;-1470,688;991,675
2021-10-27;23;20340,250;13466,763;7424,650;-1513,688;977,125
2021-10-27;24;19038,175;12605,150;7200,788;-1726,275;996,363
