Data;Godzina;Krajowe zapotrzebowanie na moc;Sumaryczna generacja JWCD;Sumaryczna generacja nJWCD;Krajowe saldo wymiany miêdzysystemowej równoleg³ej;Krajowe saldo wymiany miêdzysystemowej nierównoleg³ej
2021-10-29;1;17771,350;11137,150;7670,450;-1810,263;925,138
2021-10-29;2;17198,138;10621,813;7516,675;-1762,963;977,200
2021-10-29;3;17030,575;10325,425;7559,388;-1434,850;1011,913
2021-10-29;4;16959,588;10349,063;7582,675;-1296,325;1006,038
2021-10-29;5;17276,338;10756,625;7693,925;-1410,738;985,525
2021-10-29;6;18158,338;11815,938;7607,888;-1295,100;953,763
2021-10-29;7;20948,263;14302,763;7639,463;-1569,663;814,300
2021-10-29;8;22700,313;15204,438;7866,100;-1160,900;798,475
2021-10-29;9;22959,025;15498,500;7979,300;-1247,688;739,913
2021-10-29;10;22574,213;15211,938;7903,725;-1229,588;702,200
2021-10-29;11;21852,738;15072,913;7570,300;-720,775;-55,125
2021-10-29;12;21723,963;15184,738;7527,950;-1246,138;270,200
2021-10-29;13;21598,813;14431,325;7607,313;-750,763;329,125
2021-10-29;14;21528,313;14023,075;7628,775;-569,263;466,150
2021-10-29;15;21455,550;14154,138;7393,938;-614,738;523,600
2021-10-29;16;21806,688;14866,950;6917,413;-560,163;587,175
2021-10-29;17;22387,825;15950,063;6650,300;-1028,400;818,100
2021-10-29;18;23043,200;15948,263;7090,975;-951,925;970,275
2021-10-29;19;23817,775;15828,225;8198,413;-1106,238;901,700
2021-10-29;20;23711,900;15159,200;8748,775;-1133,625;954,888
2021-10-29;21;23126,563;14291,175;8736,963;-539,850;648,375
2021-10-29;22;21382,450;12930,013;8487,375;-794,825;768,100
2021-10-29;23;19759,375;11306,100;8327,850;-657,950;797,313
2021-10-29;24;18449,738;10098,388;8490,075;-1065,650;945,650
