Data;Godzina;Krajowe zapotrzebowanie na moc;Sumaryczna generacja JWCD;Sumaryczna generacja nJWCD;Krajowe saldo wymiany miêdzysystemowej równoleg³ej;Krajowe saldo wymiany miêdzysystemowej nierównoleg³ej
2021-10-23;1;17090,938;9054,938;9438,050;-1648,563;620,925
2021-10-23;2;16432,663;8647,075;9503,788;-1711,663;708,713
2021-10-23;3;15997,188;8423,188;9287,188;-1674,888;743,013
2021-10-23;4;16040,513;8298,463;9375,388;-1560,650;715,575
2021-10-23;5;16080,913;8518,738;9444,150;-1763,500;664,500
2021-10-23;6;16366,913;8949,863;9501,575;-1836,488;525,000
2021-10-23;7;17530,388;9482,638;9595,988;-1776,688;747,888
2021-10-23;8;18350,600;9974,613;9596,375;-1811,875;709,650
2021-10-23;9;19311,038;10574,938;9642,250;-1608,063;711,988
2021-10-23;10;20001,800;11326,788;9879,688;-1844,125;651,325
2021-10-23;11;20192,425;11219,463;10166,688;-1564,200;387,300
2021-10-23;12;20468,200;11423,275;10385,988;-1540,200;206,388
2021-10-23;13;20354,050;11499,300;10306,975;-1695,038;252,188
2021-10-23;14;20028,438;11418,400;9900,050;-1550,663;265,800
2021-10-23;15;19449,738;11469,738;9551,613;-1826,650;263,288
2021-10-23;16;19549,850;11687,463;9252,425;-1443,175;59,275
2021-10-23;17;19511,713;12818,575;8211,563;-1199,550;-309,813
2021-10-23;18;19927,013;14005,650;7441,238;-1778,413;267,625
2021-10-23;19;20789,963;14788,763;7278,563;-1995,825;719,375
2021-10-23;20;20676,038;14626,725;7298,925;-2078,975;846,725
2021-10-23;21;19958,988;13822,838;7042,275;-1843,513;957,988
2021-10-23;22;18972,213;13163,800;6704,300;-1464,100;583,225
2021-10-23;23;17982,388;13102,100;6342,925;-1068,038;-373,463
2021-10-23;24;16809,750;12452,775;6137,563;-1421,575;-313,200
