Data;Godzina;Krajowe zapotrzebowanie na moc;Sumaryczna generacja JWCD;Sumaryczna generacja nJWCD;Krajowe saldo wymiany miêdzysystemowej równoleg³ej;Krajowe saldo wymiany miêdzysystemowej nierównoleg³ej
2021-09-01;1;17162,675;14245,463;6103,550;-2391,513;-744,075
2021-09-01;2;16547,150;13957,913;5935,375;-2575,763;-512,750
2021-09-01;3;16221,025;13315,563;5896,888;-2552,713;-305,388
2021-09-01;4;16360,650;14281,088;5911,938;-2857,013;-416,075
2021-09-01;5;16604,988;14257,175;5971,925;-2483,113;-555,300
2021-09-01;6;17068,725;14858,763;5942,588;-2376,025;-775,825
2021-09-01;7;19121,313;16505,750;5776,413;-2136,213;-812,338
2021-09-01;8;21187,750;16974,063;5731,775;-398,175;-1082,538
2021-09-01;9;22040,963;17599,400;5764,713;-165,463;-1124,325
2021-09-01;10;22075,925;17688,338;6114,838;-577,525;-1113,063
2021-09-01;11;22016,900;17249,475;6611,188;-681,125;-1113,888
2021-09-01;12;22318,063;17147,463;6892,838;-576,700;-1104,125
2021-09-01;13;22443,188;16897,600;7271,700;-598,125;-1101,925
2021-09-01;14;22201,175;16373,463;7422,788;-503,575;-1083,013
2021-09-01;15;21935,025;16013,600;7612,088;-625,900;-1051,800
2021-09-01;16;21879,813;16116,213;7377,688;-688,613;-912,538
2021-09-01;17;21781,850;16192,200;6936,838;-547,638;-793,188
2021-09-01;18;21616,488;16507,875;6385,375;-472,450;-790,725
2021-09-01;19;21729,175;17165,013;5610,463;-529,700;-499,063
2021-09-01;20;22370,788;18086,900;5147,763;-517,213;-338,888
2021-09-01;21;23019,913;18749,675;5268,100;-689,900;-293,138
2021-09-01;22;21485,963;17350,925;5226,888;-914,100;-153,350
2021-09-01;23;19666,863;16785,750;4994,175;-2316,400;223,375
2021-09-01;24;18315,488;15905,825;4894,375;-2254,113;-205,963
