Data;Godzina;Krajowe zapotrzebowanie na moc;Sumaryczna generacja JWCD;Sumaryczna generacja nJWCD;Krajowe saldo wymiany miêdzysystemowej równoleg³ej;Krajowe saldo wymiany miêdzysystemowej nierównoleg³ej
2021-06-25;1;17736,913;15354,788;3303,688;-1290,500;396,538
2021-06-25;2;16917,600;14280,438;3441,213;-1393,350;917,463
2021-06-25;3;16487,138;13543,588;3492,300;-1218,988;1049,775
2021-06-25;4;16333,800;13045,188;3457,950;-885,863;1124,738
2021-06-25;5;16173,163;13026,188;3509,525;-875,950;1154,438
2021-06-25;6;16521,713;13464,013;3405,988;-922,238;1227,313
2021-06-25;7;18922,075;15754,388;3366,800;-1354,150;1221,263
2021-06-25;8;20991,975;17401,438;3606,788;-1150,625;1138,463
2021-06-25;9;22056,063;17801,925;4162,113;-850,050;951,775
2021-06-25;10;22319,338;17434,313;4399,038;-310,000;800,238
2021-06-25;11;22322,563;17565,150;4395,988;-671,125;1048,538
2021-06-25;12;23024,350;18096,250;4418,813;-700,300;1221,088
2021-06-25;13;23270,500;18146,300;4510,350;-608,163;1226,663
2021-06-25;14;23005,988;18148,625;4491,313;-850,613;1227,525
2021-06-25;15;22576,913;17696,363;4313,263;-638,413;1216,138
2021-06-25;16;22506,025;17719,163;4235,025;-668,500;1227,075
2021-06-25;17;22241,875;17575,175;4188,288;-733,488;1226,675
2021-06-25;18;21893,513;17535,763;4038,700;-894,525;1214,450
2021-06-25;19;21747,413;17456,050;4077,588;-996,863;1222,575
2021-06-25;20;21771,550;17845,963;3962,900;-1259,563;1227,950
2021-06-25;21;21478,650;17796,125;3660,150;-1199,963;1229,075
2021-06-25;22;20841,700;17069,425;3442,063;-883,900;1228,913
2021-06-25;23;19867,563;16368,363;3216,675;-924,175;1219,938
2021-06-25;24;18654,713;16263,225;3219,650;-1560,325;756,200
