Data;Godzina;Krajowe zapotrzebowanie na moc;Sumaryczna generacja JWCD;Sumaryczna generacja nJWCD;Krajowe saldo wymiany miêdzysystemowej równoleg³ej;Krajowe saldo wymiany miêdzysystemowej nierównoleg³ej
2021-01-03;1;15196,550;9247,550;5650,050;-300,950;630,450
2021-01-03;2;14500,913;8975,638;5664,475;-606,463;648,975
2021-01-03;3;14147,000;9084,463;5761,263;-690,500;544,000
2021-01-03;4;13876,713;8792,663;5881,825;-623,900;523,825
2021-01-03;5;13916,425;8698,413;6084,338;-750,713;715,775
2021-01-03;6;14064,463;8679,325;6256,488;-764,413;720,988
2021-01-03;7;14483,013;8796,563;6428,900;-699,213;756,900
2021-01-03;8;14881,525;8833,313;6629,188;-490,013;475,800
2021-01-03;9;15270,688;8597,988;6741,400;-154,513;564,275
2021-01-03;10;16184,463;9146,188;7002,463;-637,338;764,663
2021-01-03;11;17255,263;8999,025;7317,513;183,725;760,675
2021-01-03;12;17734,313;9551,338;7376,800;-31,513;845,850
2021-01-03;13;17946,313;9730,588;7387,400;-33,675;876,163
2021-01-03;14;18314,700;10089,688;7706,013;-410,700;946,125
2021-01-03;15;18007,613;9604,700;7833,075;-360,863;935,838
2021-01-03;16;17880,200;9802,613;7889,513;-595,713;790,813
2021-01-03;17;18825,500;10277,113;7960,975;-171,288;758,025
2021-01-03;18;19020,275;11049,200;8045,738;-861,513;791,425
2021-01-03;19;19147,488;11491,338;8083,138;-1313,300;896,288
2021-01-03;20;19140,813;10928,825;8081,763;-936,263;1066,463
2021-01-03;21;18683,238;10099,375;7891,513;-376,125;1079,800
2021-01-03;22;17877,125;9671,000;7526,025;-393,075;1079,500
2021-01-03;23;17305,863;9530,200;7406,613;-685,763;1068,388
2021-01-03;24;16288,275;8953,938;7296,225;-802,850;856,338
