Data;Godzina;Krajowe zapotrzebowanie na moc;Sumaryczna generacja JWCD;Sumaryczna generacja nJWCD;Krajowe saldo wymiany miêdzysystemowej równoleg³ej;Krajowe saldo wymiany miêdzysystemowej nierównoleg³ej
2021-03-26;1;18190,613;11257,713;5476,925;295,650;1173,975
2021-03-26;2;17490,650;11317,650;5481,350;-556,813;1338,938
2021-03-26;3;17296,775;11234,438;5554,475;-617,075;1348,775
2021-03-26;4;17293,388;11131,088;5510,725;-326,888;1327,550
2021-03-26;5;17616,938;11264,988;5504,975;43,725;1151,550
2021-03-26;6;17913,675;11435,100;5609,663;85,238;1127,325
2021-03-26;7;20044,200;12342,313;5730,938;853,775;1212,650
2021-03-26;8;21981,363;14253,513;6219,313;258,775;1265,350
2021-03-26;9;23009,350;14858,725;6551,450;451,388;1160,838
2021-03-26;10;23034,675;14575,325;6684,225;722,150;1069,125
2021-03-26;11;22666,300;14091,800;6740,025;783,975;1072,400
2021-03-26;12;22678,450;13788,275;6915,388;857,850;1127,400
2021-03-26;13;22660,938;13812,450;6858,388;916,513;1087,488
2021-03-26;14;22768,725;13960,950;6671,563;934,375;1216,713
2021-03-26;15;22179,538;13885,113;6091,125;953,913;1258,900
2021-03-26;16;22035,575;14377,513;5716,700;700,325;1259,325
2021-03-26;17;21987,688;14542,938;5436,363;682,588;1342,563
2021-03-26;18;21955,100;14538,363;5405,525;672,725;1352,013
2021-03-26;19;22794,225;15664,300;5536,188;285,238;1310,375
2021-03-26;20;23241,838;15149,075;6081,288;666,413;1363,363
2021-03-26;21;22537,150;14056,138;6718,425;427,175;1358,838
2021-03-26;22;21228,350;12584,788;7038,200;303,238;1323,063
2021-03-26;23;19799,913;11094,200;7280,863;91,863;1348,763
2021-03-26;24;18564,900;10173,350;7305,738;-231,325;1338,200
