Data;Godzina;Krajowe zapotrzebowanie na moc;Sumaryczna generacja JWCD;Sumaryczna generacja nJWCD;Krajowe saldo wymiany miêdzysystemowej równoleg³ej;Krajowe saldo wymiany miêdzysystemowej nierównoleg³ej
2021-11-24;1;18568,663;12944,188;7137,900;-2392,400;911,450
2021-11-24;2;17878,900;12297,300;7243,125;-2347,975;831,400
2021-11-24;3;17509,750;11859,563;7282,013;-2334,500;854,475
2021-11-24;4;17503,750;11914,825;7386,738;-2377,425;855,425
2021-11-24;5;17859,025;12069,363;7436,800;-2171,188;878,663
2021-11-24;6;18783,163;13095,775;7386,438;-2316,188;971,938
2021-11-24;7;21597,375;15729,688;7472,725;-2527,663;978,863
2021-11-24;8;23442,613;17303,750;7399,650;-2209,038;939,225
2021-11-24;9;24307,663;17672,275;7368,275;-1649,588;915,313
2021-11-24;10;24595,925;18215,425;7312,150;-1885,800;964,275
2021-11-24;11;24602,638;18138,938;7295,625;-1774,813;955,388
2021-11-24;12;25018,788;18190,738;7317,963;-1440,813;962,125
2021-11-24;13;25062,713;18486,325;7043,925;-1408,938;963,163
2021-11-24;14;25355,763;18786,388;7005,200;-1393,375;960,025
2021-11-24;15;24966,513;18662,213;6748,450;-1402,450;961,625
2021-11-24;16;24954,713;18957,613;6679,013;-1625,013;951,113
2021-11-24;17;25375,925;19305,463;6871,063;-1755,338;952,025
2021-11-24;18;25374,888;19006,838;7062,800;-1657,013;957,113
2021-11-24;19;25075,013;18516,738;6982,625;-1394,713;972,025
2021-11-24;20;24922,488;18280,225;6848,188;-1164,938;969,263
2021-11-24;21;24272,175;17719,025;6680,125;-1093,463;972,325
2021-11-24;22;22728,888;16895,763;6519,188;-1646,588;973,688
2021-11-24;23;21280,750;16005,400;6374,038;-2068,550;972,263
2021-11-24;24;19859,963;14948,763;6354,150;-2400,950;965,388
