Data;Godzina;Krajowe zapotrzebowanie na moc;Sumaryczna generacja JWCD;Sumaryczna generacja nJWCD;Krajowe saldo wymiany miêdzysystemowej równoleg³ej;Krajowe saldo wymiany miêdzysystemowej nierównoleg³ej
2021-03-10;1;18703,938;10667,400;6126,538;781,363;1278,575
2021-03-10;2;18275,438;11002,038;6067,713;696,075;945,750
2021-03-10;3;18011,500;11283,650;5916,475;489,775;860,000
2021-03-10;4;17966,800;11105,075;5817,675;523,838;1054,138
2021-03-10;5;18348,650;11160,350;5754,288;697,925;1264,638
2021-03-10;6;19088,813;12160,213;5710,913;647,088;958,688
2021-03-10;7;21054,813;13708,975;5754,188;583,225;1059,238
2021-03-10;8;22974,750;15529,400;6156,313;799,163;496,688
2021-03-10;9;23672,000;15855,763;6685,038;795,263;337,088
2021-03-10;10;23519,625;15106,800;7037,263;771,388;613,050
2021-03-10;11;23208,838;14336,263;7336,050;719,988;833,975
2021-03-10;12;23490,188;14712,575;7456,913;565,063;778,550
2021-03-10;13;23526,388;14737,525;7346,163;746,800;712,550
2021-03-10;14;23518,838;14641,325;7239,450;780,800;872,638
2021-03-10;15;23134,375;14458,275;6896,000;748,325;1035,713
2021-03-10;16;22990,425;14555,675;6655,425;624,950;1154,388
2021-03-10;17;22999,700;14655,213;6290,500;743,438;1309,138
2021-03-10;18;23362,513;15353,450;6103,825;648,988;1249,950
2021-03-10;19;24465,288;15979,425;6314,375;855,775;1323,125
2021-03-10;20;24536,700;15544,575;6796,575;872,013;1335,313
2021-03-10;21;23921,488;14297,338;7391,875;911,525;1334,313
2021-03-10;22;22405,938;12333,950;7934,113;817,775;1324,288
2021-03-10;23;20849,550;10679,588;8240,900;617,188;1319,775
2021-03-10;24;19577,100;9639,913;8306,413;359,350;1290,813
