Data;Godzina;Krajowe zapotrzebowanie na moc;Sumaryczna generacja JWCD;Sumaryczna generacja nJWCD;Krajowe saldo wymiany miêdzysystemowej równoleg³ej;Krajowe saldo wymiany miêdzysystemowej nierównoleg³ej
2021-08-12;1;16909,288;15592,813;3809,675;-3051,475;585,050
2021-08-12;2;16312,475;14972,400;3814,138;-3088,538;789,613
2021-08-12;3;15954,513;14590,675;3889,925;-2978,863;670,213
2021-08-12;4;15928,075;14355,513;3915,350;-3038,150;1023,275
2021-08-12;5;15971,600;14002,450;3962,588;-2723,900;1064,513
2021-08-12;6;16044,538;14308,138;4023,550;-2948,288;979,250
2021-08-12;7;17998,613;15793,075;4139,438;-2560,525;711,663
2021-08-12;8;19892,225;15734,250;4460,575;-603,000;319,050
2021-08-12;9;20927,275;15901,738;4881,038;54,263;103,925
2021-08-12;10;21298,825;16116,550;5451,600;-41,200;-210,325
2021-08-12;11;21321,488;15910,113;5929,500;1,625;-502,863
2021-08-12;12;21734,300;15549,975;6408,175;-53,575;-160,438
2021-08-12;13;21779,625;15159,250;6468,775;162,388;-9,513
2021-08-12;14;21509,750;15049,900;6244,175;249,263;-29,625
2021-08-12;15;21507,700;15303,663;6286,725;-265,400;190,750
2021-08-12;16;21630,200;15937,038;6096,638;-702,538;312,875
2021-08-12;17;21581,788;16356,875;5624,325;-768,713;374,963
2021-08-12;18;21455,975;16482,188;5018,538;-263,463;222,850
2021-08-12;19;21407,163;16950,438;4397,913;-653,625;719,038
2021-08-12;20;21400,538;17602,150;3715,063;-1044,638;1135,100
2021-08-12;21;21754,300;18131,475;3436,475;-728,875;920,525
2021-08-12;22;21119,500;17605,963;3522,000;-869,350;879,713
2021-08-12;23;19500,088;16628,500;3457,800;-1373,375;804,175
2021-08-12;24;18148,925;16882,225;3395,175;-2800,025;686,438
