Data;Godzina;Krajowe zapotrzebowanie na moc;Sumaryczna generacja JWCD;Sumaryczna generacja nJWCD;Krajowe saldo wymiany miêdzysystemowej równoleg³ej;Krajowe saldo wymiany miêdzysystemowej nierównoleg³ej
2021-10-31;1;15296,913;7248,850;8728,875;-1269,613;1010,463
2021-10-31;2;14715,413;7147,750;8809,013;-1765,963;1010,025
2021-10-31;2A;14304,575;7150,713;8750,225;-1905,275;1011,225
2021-10-31;3;13938,163;6894,338;8517,025;-1795,938;1012,813
2021-10-31;4;13992,513;7093,113;8407,313;-1672,763;901,088
2021-10-31;5;14013,850;7131,813;8198,088;-1381,913;715,763
2021-10-31;6;14356,900;7369,638;8097,550;-889,825;285,213
2021-10-31;7;14766,725;7504,200;8036,325;-976,175;251,788
2021-10-31;8;15282,075;7880,175;8053,500;-1178,475;528,425
2021-10-31;9;15765,625;8278,088;7752,600;-1216,325;957,363
2021-10-31;10;15926,438;9082,475;7207,825;-1199,900;845,625
2021-10-31;11;15818,438;8936,238;6897,800;-804,350;804,488
2021-10-31;12;15807,350;8455,000;6821,425;-124,350;665,600
2021-10-31;13;15977,863;8209,188;6679,288;390,213;726,138
2021-10-31;14;16177,063;7968,488;6461,663;938,175;828,963
2021-10-31;15;16341,738;8832,938;5978,525;766,188;773,700
2021-10-31;16;16711,138;10021,888;5730,688;256,350;708,925
2021-10-31;17;17583,188;10882,038;6359,825;-275,225;624,013
2021-10-31;18;18344,675;10272,413;7455,800;-42,025;672,188
2021-10-31;19;18239,813;9464,425;8244,863;-183,325;725,675
2021-10-31;20;18295,950;9436,863;8641,163;-651,938;873,550
2021-10-31;21;17872,513;8831,913;8797,600;-738,325;983,013
2021-10-31;22;16906,150;7878,125;8722,700;-663,800;973,913
2021-10-31;23;15968,050;7499,563;8628,288;-1104,488;946,738
2021-10-31;24;14938,088;6687,500;8623,488;-1254,388;990,500
