Data;Godzina;Krajowe zapotrzebowanie na moc;Sumaryczna generacja JWCD;Sumaryczna generacja nJWCD;Krajowe saldo wymiany miêdzysystemowej równoleg³ej;Krajowe saldo wymiany miêdzysystemowej nierównoleg³ej
2021-01-15;1;19331,050;13227,700;6543,825;-306,825;122,925
2021-01-15;2;18708,813;13273,025;6451,525;55,450;-301,925
2021-01-15;3;18368,763;13370,588;6310,813;-154,813;-100,050
2021-01-15;4;18378,963;13434,050;6290,413;-44,863;-178,375
2021-01-15;5;18788,563;13350,125;6470,688;-11,925;77,225
2021-01-15;6;19487,738;13743,300;6507,850;-248,150;-7,250
2021-01-15;7;22002,863;15541,875;6674,625;-159,700;-48,350
2021-01-15;8;23826,125;17038,038;6907,600;-3,613;-126,238
2021-01-15;9;24796,988;17784,563;7233,275;-172,525;-45,375
2021-01-15;10;25565,475;18311,913;7684,050;-289,063;-132,900
2021-01-15;11;25935,625;18489,450;8019,363;-423,813;-148,900
2021-01-15;12;26169,388;18395,913;7896,600;15,875;-131,100
2021-01-15;13;26088,488;18344,838;7809,800;-11,813;-34,200
2021-01-15;14;25928,200;18299,950;7672,213;22,625;-44,125
2021-01-15;15;25316,663;17774,088;7385,913;210,663;-46,800
2021-01-15;16;25053,775;18045,438;7392,150;-340,038;-38,725
2021-01-15;17;25748,800;18497,625;7762,200;-462,975;-40,050
2021-01-15;18;25953,388;18403,600;7824,075;40,188;-315,800
2021-01-15;19;25557,313;18012,413;7720,638;162,963;-321,963
2021-01-15;20;25174,388;17651,438;7718,975;86,163;-261,150
2021-01-15;21;24625,925;17214,113;7686,088;-150,000;-103,450
2021-01-15;22;23255,663;16880,313;7678,100;-930,525;-357,138
2021-01-15;23;21761,688;15014,500;7511,138;-668,763;-78,850
2021-01-15;24;20616,213;14167,688;7327,050;-862,188;0,738
