Data;Godzina;Krajowe zapotrzebowanie na moc;Sumaryczna generacja JWCD;Sumaryczna generacja nJWCD;Krajowe saldo wymiany miêdzysystemowej równoleg³ej;Krajowe saldo wymiany miêdzysystemowej nierównoleg³ej
2021-09-11;1;16889,950;13025,050;4534,175;-1689,563;1061,988
2021-09-11;2;16355,188;13017,113;4411,450;-2127,100;1100,050
2021-09-11;3;15930,550;13346,588;4198,400;-2672,425;1101,925
2021-09-11;4;15828,750;13546,238;4104,325;-2885,313;1107,088
2021-09-11;5;15909,363;13526,388;4025,975;-2694,425;1092,225
2021-09-11;6;15840,900;13297,475;3880,163;-2282,713;992,063
2021-09-11;7;16169,075;12828,275;3886,863;-1427,425;925,675
2021-09-11;8;17405,375;13786,863;4236,250;-1141,563;570,750
2021-09-11;9;18535,075;14763,725;4558,375;-1195,763;451,213
2021-09-11;10;19121,575;14946,438;4960,950;-1054,800;310,425
2021-09-11;11;19219,713;14447,650;5447,888;-956,063;324,813
2021-09-11;12;19404,100;14237,975;5971,075;-1067,250;276,625
2021-09-11;13;19159,250;13714,125;6175,788;-925,863;205,063
2021-09-11;14;18937,788;13276,188;6126,325;-595,125;141,688
2021-09-11;15;18521,875;13062,675;5921,250;-566,438;112,325
2021-09-11;16;18746,713;13771,275;5566,050;-795,263;211,975
2021-09-11;17;18965,650;14517,275;5089,638;-857,900;221,900
2021-09-11;18;18940,525;14583,550;4224,963;-284,888;435,488
2021-09-11;19;18899,325;15030,575;3821,800;-326,163;396,288
2021-09-11;20;19691,875;15881,913;3780,513;-976,113;1014,350
2021-09-11;21;19680,650;15991,575;3667,963;-1056,575;1087,925
2021-09-11;22;18430,650;14738,625;3719,350;-792,450;781,375
2021-09-11;23;17210,738;13589,950;3699,638;-942,188;885,025
2021-09-11;24;16030,275;12972,813;3703,913;-1561,075;939,063
