Data;Godzina;Krajowe zapotrzebowanie na moc;Sumaryczna generacja JWCD;Sumaryczna generacja nJWCD;Krajowe saldo wymiany miêdzysystemowej równoleg³ej;Krajowe saldo wymiany miêdzysystemowej nierównoleg³ej
2021-05-18;1;16657,063;11111,400;4012,713;816,225;817,913
2021-05-18;2;16185,138;11717,450;4004,463;401,488;772,275
2021-05-18;3;15874,463;11682,050;4031,675;305,263;719,650
2021-05-18;4;15910,725;11705,788;4133,350;194,963;731,775
2021-05-18;5;15789,288;11876,663;4284,600;-218,238;812,688
2021-05-18;6;16072,300;11944,338;4510,250;-242,138;699,188
2021-05-18;7;18682,000;13514,275;4879,363;160,038;247,313
2021-05-18;8;20770,763;15587,725;5022,913;-142,788;303,875
2021-05-18;9;21805,488;16268,688;5351,150;-137,213;329,275
2021-05-18;10;22161,925;16054,675;5748,900;65,288;306,038
2021-05-18;11;21953,700;15901,338;5923,000;-184,638;329,263
2021-05-18;12;22258,750;15491,388;6176,475;123,725;486,663
2021-05-18;13;22315,925;15204,550;6285,513;476,175;370,625
2021-05-18;14;22209,438;14362,200;6668,838;494,063;699,500
2021-05-18;15;21644,138;13408,700;6847,038;634,775;793,750
2021-05-18;16;21870,675;13152,875;7021,288;995,900;749,450
2021-05-18;17;21316,313;13181,288;6522,100;866,850;786,313
2021-05-18;18;20952,088;13898,913;5903,563;354,100;808,713
2021-05-18;19;20838,500;15258,038;5445,513;-202,763;352,975
2021-05-18;20;21222,975;15577,738;5231,575;-14,050;427,975
2021-05-18;21;21502,363;16069,925;4961,638;-262,438;734,800
2021-05-18;22;21035,638;15934,688;4908,938;-625,250;822,713
2021-05-18;23;19386,713;14592,950;4826,600;-844,138;826,288
2021-05-18;24;17900,475;12916,600;4759,375;-471,263;787,263
