Data;Godzina;Krajowe zapotrzebowanie na moc;Sumaryczna generacja JWCD;Sumaryczna generacja nJWCD;Krajowe saldo wymiany miêdzysystemowej równoleg³ej;Krajowe saldo wymiany miêdzysystemowej nierównoleg³ej
2021-10-16;1;17628,838;11994,375;7326,113;-2566,238;1089,325
2021-10-16;2;16996,313;11820,425;7236,200;-2845,013;1074,063
2021-10-16;3;16638,800;11809,963;7084,600;-2952,725;1053,063
2021-10-16;4;16511,863;11768,650;7012,913;-2980,513;1065,788
2021-10-16;5;16592,100;11918,600;6875,438;-2928,350;1075,163
2021-10-16;6;16819,500;12342,963;6722,375;-2902,025;1075,950
2021-10-16;7;17668,088;12971,763;6690,863;-2934,300;1078,563
2021-10-16;8;18476,463;13356,725;6662,700;-2603,013;1070,813
2021-10-16;9;19534,813;14189,000;6746,713;-2461,988;1070,050
2021-10-16;10;20449,738;14625,225;6955,388;-2186,238;1065,638
2021-10-16;11;20458,213;14524,625;7183,125;-2303,000;1070,338
2021-10-16;12;20696,688;14457,213;7689,425;-2520,588;1075,125
2021-10-16;13;20573,363;13765,913;8201,338;-2466,950;1075,950
2021-10-16;14;20210,475;12521,038;8093,613;-1475,163;1078,663
2021-10-16;15;19677,388;12457,288;7640,238;-1496,200;1080,038
2021-10-16;16;19745,375;13403,813;7371,250;-2102,888;1074,975
2021-10-16;17;19625,025;14131,975;6690,063;-2259,163;1065,663
2021-10-16;18;19835,050;13933,125;6335,013;-1505,538;1065,500
2021-10-16;19;20723,188;14575,438;6328,563;-1250,713;1071,575
2021-10-16;20;20731,463;14409,700;6658,013;-1395,550;1067,713
2021-10-16;21;20124,625;13483,813;6626,663;-1045,313;1072,900
2021-10-16;22;19018,013;13356,163;6542,538;-1944,350;1078,500
2021-10-16;23;17957,263;12763,825;6459,463;-2333,775;1080,325
2021-10-16;24;16753,338;11438,200;6464,938;-2187,075;1079,263
