Data;Godzina;Krajowe zapotrzebowanie na moc;Sumaryczna generacja JWCD;Sumaryczna generacja nJWCD;Krajowe saldo wymiany miêdzysystemowej równoleg³ej;Krajowe saldo wymiany miêdzysystemowej nierównoleg³ej
2021-06-24;1;18018,100;15703,700;3104,925;-1825,650;1053,625
2021-06-24;2;17140,113;14317,688;3189,300;-1469,263;1137,538
2021-06-24;3;16781,250;13723,425;3244,600;-1028,175;1162,175
2021-06-24;4;16623,900;13469,363;3249,138;-822,463;1073,175
2021-06-24;5;16425,275;13649,338;3306,263;-1201,688;1014,900
2021-06-24;6;16816,788;13939,375;3332,788;-1324,513;1199,525
2021-06-24;7;19052,300;15749,650;3459,413;-1116,225;999,288
2021-06-24;8;21203,175;17266,725;3747,838;-632,000;829,538
2021-06-24;9;22498,050;18127,325;4273,663;-688,825;801,600
2021-06-24;10;23005,638;18298,438;4562,563;-464,463;622,900
2021-06-24;11;23085,775;18200,038;4964,475;-627,775;555,063
2021-06-24;12;23503,125;18427,888;5146,263;-1150,800;1090,275
2021-06-24;13;23720,050;18137,800;5266,488;-771,825;1099,200
2021-06-24;14;23637,150;18223,238;5231,700;-967,400;1156,188
2021-06-24;15;23321,125;18315,713;5122,788;-1155,575;1051,988
2021-06-24;16;23566,725;18241,575;5071,263;-894,525;1163,250
2021-06-24;17;23425,875;18214,113;4823,988;-742,388;1141,913
2021-06-24;18;22940,363;18330,025;4480,600;-903,075;1043,175
2021-06-24;19;22595,725;17963,788;4265,588;-837,900;1208,838
2021-06-24;20;22406,363;18282,538;3962,850;-988,113;1150,813
2021-06-24;21;22202,688;18268,288;3794,200;-1034,575;1175,025
2021-06-24;22;21615,788;17803,175;3677,163;-970,700;1117,888
2021-06-24;23;20312,850;16880,188;3403,213;-1164,138;1207,463
2021-06-24;24;18966,750;16284,663;3222,038;-1605,188;1082,175
