Data;Godzina;Krajowe zapotrzebowanie na moc;Sumaryczna generacja JWCD;Sumaryczna generacja nJWCD;Krajowe saldo wymiany miêdzysystemowej równoleg³ej;Krajowe saldo wymiany miêdzysystemowej nierównoleg³ej
2021-12-09;1;20086,963;14959,063;7243,200;-1687,638;-8,525
2021-12-09;2;19404,713;14349,975;7213,050;-1626,400;-7,450
2021-12-09;3;19059,375;13866,975;7330,138;-1614,275;-9,038
2021-12-09;4;19101,438;13797,163;7440,438;-1602,425;-15,713
2021-12-09;5;19531,538;14303,700;7355,613;-1535,200;-71,925
2021-12-09;6;20417,063;15302,900;7368,938;-1715,025;-16,900
2021-12-09;7;22996,738;16488,038;7368,138;-620,513;-24,138
2021-12-09;8;24887,863;17544,625;7433,388;-162,550;68,888
2021-12-09;9;25917,800;18378,050;7718,075;-374,138;194,588
2021-12-09;10;26558,300;18913,363;7701,700;-492,838;438,888
2021-12-09;11;26701,863;18945,213;7799,700;-559,488;523,200
2021-12-09;12;26984,888;19389,788;7611,513;-729,413;725,538
2021-12-09;13;27179,025;19658,888;7590,925;-874,750;820,338
2021-12-09;14;27174,088;19934,100;7320,238;-1015,750;951,013
2021-12-09;15;26593,850;19621,538;7089,888;-1049,363;944,813
2021-12-09;16;26742,225;19759,325;6933,113;-795,313;846,325
2021-12-09;17;27032,063;19567,500;6886,488;-387,625;968,550
2021-12-09;18;26831,913;19588,438;6961,150;-756,538;1043,213
2021-12-09;19;26334,988;19298,538;6923,400;-840,025;983,750
2021-12-09;20;26188,025;19399,738;6882,125;-900,975;849,400
2021-12-09;21;25466,138;18706,063;6849,625;-987,663;948,225
2021-12-09;22;23947,013;17517,725;6617,775;-1081,525;947,175
2021-12-09;23;22626,400;16676,288;6407,088;-1017,725;606,600
2021-12-09;24;21250,588;15562,975;6370,650;-986,350;403,938
