Data;Godzina;Krajowe zapotrzebowanie na moc;Sumaryczna generacja JWCD;Sumaryczna generacja nJWCD;Krajowe saldo wymiany miêdzysystemowej równoleg³ej;Krajowe saldo wymiany miêdzysystemowej nierównoleg³ej
2021-08-09;1;14450,525;9741,863;3544,525;1375,300;242,925
2021-08-09;2;14149,813;10215,050;3621,713;1500,550;-448,175
2021-08-09;3;13989,163;10145,925;3793,700;1379,463;-538,850
2021-08-09;4;14038,888;10084,263;4055,200;1180,338;-491,638
2021-08-09;5;14251,425;10072,925;4070,450;1546,125;-605,200
2021-08-09;6;14534,850;10176,413;4191,163;1330,188;-286,075
2021-08-09;7;16757,300;11737,250;4470,738;620,038;179,025
2021-08-09;8;18919,588;13836,088;4458,250;467,163;166,488
2021-08-09;9;19862,450;14754,225;4760,225;182,588;172,363
2021-08-09;10;20528,850;14197,863;5255,200;889,038;195,075
2021-08-09;11;20564,988;13636,138;5851,675;904,163;191,863
2021-08-09;12;20808,988;13117,713;6549,900;970,238;202,775
2021-08-09;13;21011,600;12831,075;6994,963;984,963;205,375
2021-08-09;14;21011,825;12710,600;7035,850;1062,563;213,863
2021-08-09;15;20815,625;12677,125;6803,725;1131,850;207,150
2021-08-09;16;20882,950;13326,825;6286,050;1077,138;206,050
2021-08-09;17;20904,688;13728,175;5732,500;1245,700;207,375
2021-08-09;18;20857,538;14769,688;4995,325;816,475;272,075
2021-08-09;19;21009,500;16806,238;4440,563;-465,163;227,313
2021-08-09;20;21034,975;17948,488;3717,388;-1126,575;487,613
2021-08-09;21;21335,588;18571,275;3322,925;-1064,413;508,775
2021-08-09;22;20943,063;18631,750;3300,813;-1681,800;704,863
2021-08-09;23;19322,450;17514,238;3339,100;-2201,275;688,325
2021-08-09;24;17749,938;15130,250;3331,100;-1397,913;725,838
