Data;Godzina;Krajowe zapotrzebowanie na moc;Sumaryczna generacja JWCD;Sumaryczna generacja nJWCD;Krajowe saldo wymiany miêdzysystemowej równoleg³ej;Krajowe saldo wymiany miêdzysystemowej nierównoleg³ej
2021-06-04;1;13921,450;10615,750;4176,963;-996,925;491,775
2021-06-04;2;13402,063;10155,525;4178,500;-875,963;357,400
2021-06-04;3;13144,575;10165,913;4076,788;-996,038;309,888
2021-06-04;4;13171,763;10354,350;3948,313;-817,250;143,825
2021-06-04;5;12853,050;10391,350;3776,988;-926,175;-91,250
2021-06-04;6;13338,200;10702,463;3689,013;-876,188;108,650
2021-06-04;7;15271,475;12172,625;4089,538;-1003,913;156,900
2021-06-04;8;17134,338;14119,338;4585,975;-1373,825;-101,038
2021-06-04;9;18437,750;14071,975;5108,400;-744,875;17,238
2021-06-04;10;19056,875;13761,713;5664,075;-469,525;113,363
2021-06-04;11;19126,738;13557,013;5811,288;-295,263;70,263
2021-06-04;12;19270,513;12895,188;5807,113;366,063;214,325
2021-06-04;13;19214,538;12305,775;5639,838;833,013;440,938
2021-06-04;14;19018,263;11987,788;5367,350;1404,038;260,988
2021-06-04;15;18881,788;12319,913;5314,400;1120,713;130,438
2021-06-04;16;19205,275;12105,813;5493,238;1106,325;508,800
2021-06-04;17;18951,163;12493,350;5052,463;891,750;521,113
2021-06-04;18;18813,375;13463,225;4582,875;491,875;277,263
2021-06-04;19;18805,475;14171,900;4374,725;-61,863;331,638
2021-06-04;20;18750,838;14510,613;4060,275;-193,388;385,975
2021-06-04;21;18617,863;14272,388;3835,875;-194,900;720,075
2021-06-04;22;18553,638;14220,463;3821,488;-257,925;781,450
2021-06-04;23;17645,988;13205,888;3736,200;-129,400;848,025
2021-06-04;24;16157,375;11862,288;3621,350;-253,063;942,900
