Data;Godzina;Krajowe zapotrzebowanie na moc;Sumaryczna generacja JWCD;Sumaryczna generacja nJWCD;Krajowe saldo wymiany miêdzysystemowej równoleg³ej;Krajowe saldo wymiany miêdzysystemowej nierównoleg³ej
2021-11-30;1;19136,813;12750,088;8641,688;-1096,775;-1116,375
2021-11-30;2;18504,500;12045,188;8578,675;-1137,825;-859,888
2021-11-30;3;18041,188;11402,550;8370,763;-661,963;-807,500
2021-11-30;4;18205,888;11043,825;8209,863;-442,950;-165,038
2021-11-30;5;18586,663;12094,188;8046,075;-1132,625;214,138
2021-11-30;6;19543,288;13397,200;8059,775;-1216,850;-76,838
2021-11-30;7;22274,788;14710,825;8292,863;-1361,050;735,513
2021-11-30;8;24051,763;15712,638;8680,550;-1291,488;955,750
2021-11-30;9;25024,838;16374,913;9118,900;-1429,238;972,475
2021-11-30;10;25357,400;15861,575;9559,625;-881,000;833,213
2021-11-30;11;25412,313;15479,325;10199,488;-842,675;585,650
2021-11-30;12;25837,950;15693,838;10413,100;-880,125;614,900
2021-11-30;13;25938,300;15824,088;10304,775;-767,163;584,988
2021-11-30;14;25922,338;16170,663;10028,013;-888,825;610,088
2021-11-30;15;25608,300;16400,375;9660,438;-1240,413;791,888
2021-11-30;16;25766,063;16619,025;9427,413;-1131,800;866,025
2021-11-30;17;26275,775;17184,350;9243,463;-1104,413;948,425
2021-11-30;18;26039,625;17119,863;9084,713;-920,825;760,063
2021-11-30;19;25515,375;16789,588;9360,100;-1001,713;373,788
2021-11-30;20;25243,700;16220,575;9582,700;-1182,188;630,150
2021-11-30;21;24633,438;16107,138;9487,350;-1524,538;584,050
2021-11-30;22;22968,000;15996,413;8854,225;-1996,100;133,550
2021-11-30;23;21590,800;15524,538;8495,363;-1857,425;-546,925
2021-11-30;24;20262,613;14895,738;7995,200;-1822,338;-747,325
