Data;Godzina;Krajowe zapotrzebowanie na moc;Sumaryczna generacja JWCD;Sumaryczna generacja nJWCD;Krajowe saldo wymiany miêdzysystemowej równoleg³ej;Krajowe saldo wymiany miêdzysystemowej nierównoleg³ej
2021-03-11;1;18497,925;9331,013;8375,275;-182,825;1006,263
2021-03-11;2;17939,063;9315,725;8480,463;-435,263;693,000
2021-03-11;3;17715,663;9138,075;8714,988;-638,238;871,263
2021-03-11;4;17799,875;9194,963;8892,788;-606,625;803,500
2021-03-11;5;18135,663;9268,563;9238,013;-625,550;811,700
2021-03-11;6;18835,275;9519,100;9586,175;-214,188;410,850
2021-03-11;7;20716,000;10283,613;10047,688;-284,863;695,450
2021-03-11;8;22638,163;11660,813;10585,475;-468,350;869,438
2021-03-11;9;23724,788;12327,463;11118,138;-682,288;972,038
2021-03-11;10;24040,088;12430,875;11488,700;-717,313;854,850
2021-03-11;11;24158,500;12222,938;11585,713;-605,138;961,825
2021-03-11;12;24560,200;12524,163;11560,500;-548,975;1034,250
2021-03-11;13;24731,263;12806,938;11304,963;-320,425;956,600
2021-03-11;14;24678,288;12627,688;11286,963;-323,638;1099,900
2021-03-11;15;24427,425;12432,400;11451,900;-585,763;1140,175
2021-03-11;16;24139,488;12054,375;11373,375;-432,075;1151,550
2021-03-11;17;23827,800;11724,050;11274,825;-397,638;1220,163
2021-03-11;18;23937,975;11546,375;11168,888;-87,463;1307,738
2021-03-11;19;24439,450;11952,750;10972,513;182,075;1334,975
2021-03-11;20;24371,750;11852,250;11036,138;150,638;1338,650
2021-03-11;21;23876,188;11472,488;11099,200;0,413;1323,463
2021-03-11;22;22264,175;10321,425;11071,638;-342,063;1231,025
2021-03-11;23;20854,900;9754,863;10922,850;-1015,400;1210,063
2021-03-11;24;19555,150;8711,663;10708,188;-570,863;846,338
