Data;Godzina;Krajowe zapotrzebowanie na moc;Sumaryczna generacja JWCD;Sumaryczna generacja nJWCD;Krajowe saldo wymiany miêdzysystemowej równoleg³ej;Krajowe saldo wymiany miêdzysystemowej nierównoleg³ej
2021-10-17;1;15874,050;11156,338;6428,975;-2727,050;1083,688
2021-10-17;2;15297,688;10850,700;6404,725;-2736,538;1092,850
2021-10-17;3;14932,450;10637,388;6451,200;-2801,400;1086,863
2021-10-17;4;14752,738;10642,025;6388,863;-2931,075;1093,163
2021-10-17;5;14816,225;10773,775;6352,975;-2960,663;1093,913
2021-10-17;6;14877,450;10752,038;6356,425;-2901,013;1094,838
2021-10-17;7;15280,088;10722,375;6453,838;-2863,725;1094,088
2021-10-17;8;15636,375;10662,875;6658,188;-2713,738;1074,138
2021-10-17;9;16603,750;11060,975;6755,850;-2178,200;1006,863
2021-10-17;10;17515,013;12002,200;6807,138;-1999,663;750,625
2021-10-17;11;18062,750;12733,775;6893,675;-1865,463;341,975
2021-10-17;12;18145,325;12692,625;7049,250;-2039,525;483,550
2021-10-17;13;18480,188;12218,600;7499,163;-2031,088;844,738
2021-10-17;14;18370,313;11491,738;7688,025;-1818,388;1040,650
2021-10-17;15;17916,638;11780,088;7364,525;-1978,275;1067,975
2021-10-17;16;17627,875;11915,288;6884,325;-1799,825;979,888
2021-10-17;17;17788,713;12760,913;6489,763;-1676,963;476,475
2021-10-17;18;18223,475;13938,763;6328,950;-2295,388;295,000
2021-10-17;19;19412,125;14442,038;6560,975;-2284,088;692,563
2021-10-17;20;19657,625;14359,750;6739,375;-2194,100;757,550
2021-10-17;21;19268,138;14022,575;6666,938;-2236,225;824,750
2021-10-17;22;18444,713;13615,938;6560,788;-2149,563;433,725
2021-10-17;23;17568,275;12644,325;6370,450;-2186,375;756,338
2021-10-17;24;16496,463;11609,063;6164,788;-2196,763;1039,513
