Data;Godzina;Krajowe zapotrzebowanie na moc;Sumaryczna generacja JWCD;Sumaryczna generacja nJWCD;Krajowe saldo wymiany miêdzysystemowej równoleg³ej;Krajowe saldo wymiany miêdzysystemowej nierównoleg³ej
2021-03-18;1;18472,250;9926,325;6820,100;1219,238;565,363
2021-03-18;2;18016,300;10112,488;6674,975;983,775;496,400
2021-03-18;3;17703,813;10335,938;6404,025;783,375;476,363
2021-03-18;4;17757,488;10457,638;6258,425;830,913;537,988
2021-03-18;5;18136,425;10409,550;6278,313;1137,850;642,388
2021-03-18;6;18633,663;10668,775;6415,788;883,388;837,050
2021-03-18;7;20542,625;12105,138;6520,225;1208,063;738,775
2021-03-18;8;22680,088;14946,438;6641,488;691,775;411,738
2021-03-18;9;23621,463;15644,850;6990,950;563,575;448,725
2021-03-18;10;23813,600;14641,413;7347,650;997,863;842,700
2021-03-18;11;23849,000;13756,375;7463,888;1759,288;880,488
2021-03-18;12;24555,675;14112,763;7743,288;1828,125;880,013
2021-03-18;13;24177,113;14515,875;7397,800;1406,925;875,625
2021-03-18;14;24199,275;14576,225;7442,375;1330,875;870,525
2021-03-18;15;23750,950;14079,938;7422,088;1393,163;869,950
2021-03-18;16;23731,675;14027,738;7455,913;1389,100;872,738
2021-03-18;17;23577,188;14180,100;7058,850;1473,088;876,975
2021-03-18;18;23578,550;14614,000;6637,613;1458,225;879,175
2021-03-18;19;24638,138;16288,125;6415,963;1078,488;864,925
2021-03-18;20;24776,600;16800,863;6361,625;917,613;710,725
2021-03-18;21;24199,388;15563,625;6347,725;1430,063;869,238
2021-03-18;22;22755,050;14183,175;6200,688;1514,038;879,675
2021-03-18;23;21042,425;12469,988;6036,563;1675,063;871,300
2021-03-18;24;19744,025;11270,175;5911,825;1714,638;863,650
