Data;Godzina;Krajowe zapotrzebowanie na moc;Sumaryczna generacja JWCD;Sumaryczna generacja nJWCD;Krajowe saldo wymiany miêdzysystemowej równoleg³ej;Krajowe saldo wymiany miêdzysystemowej nierównoleg³ej
2021-07-16;1;18314,588;15556,963;3025,563;-683,163;886,013
2021-07-16;2;17500,513;15032,025;3003,788;-756,488;921,200
2021-07-16;3;17102,463;14525,063;3061,175;-690,763;913,500
2021-07-16;4;17027,388;14216,113;3138,750;-486,513;920,938
2021-07-16;5;16791,725;14362,375;3178,025;-780,075;862,550
2021-07-16;6;17050,825;14822,613;3254,750;-760,088;558,538
2021-07-16;7;19436,950;16457,563;3543,763;-620,250;363,475
2021-07-16;8;21611,150;17507,850;4123,075;-315,425;311,538
2021-07-16;9;22683,738;18184,825;4372,588;-152,850;286,550
2021-07-16;10;23197,413;18252,400;4730,075;-26,100;249,150
2021-07-16;11;23501,138;18085,563;5189,038;23,213;217,438
2021-07-16;12;24007,763;17921,788;5662,200;212,625;221,350
2021-07-16;13;24036,225;17823,825;5719,625;318,188;187,538
2021-07-16;14;23993,800;17597,025;5913,575;368,975;127,750
2021-07-16;15;23639,750;17136,675;5707,013;708,763;106,463
2021-07-16;16;23286,975;17263,725;5399,963;483,838;157,450
2021-07-16;17;23091,913;17268,763;5094,475;584,063;160,800
2021-07-16;18;23048,050;17584,450;4832,700;367,613;270,850
2021-07-16;19;22794,163;17746,763;4376,238;363,263;310,488
2021-07-16;20;22368,988;18072,413;3942,625;91,088;280,900
2021-07-16;21;21998,663;18034,488;3744,363;-140,038;367,163
2021-07-16;22;21780,850;17890,138;3664,713;172,700;67,563
2021-07-16;23;20772,013;17119,000;3597,938;-114,450;183,338
2021-07-16;24;19243,763;14988,650;3499,800;139,738;632,288
