Data;Godzina;Krajowe zapotrzebowanie na moc;Sumaryczna generacja JWCD;Sumaryczna generacja nJWCD;Krajowe saldo wymiany miêdzysystemowej równoleg³ej;Krajowe saldo wymiany miêdzysystemowej nierównoleg³ej
2021-11-20;1;17844,650;8132,988;10638,975;-1376,375;892,875
2021-11-20;2;17122,663;8221,438;10574,275;-1513,338;879,838
2021-11-20;3;16719,950;8177,588;10467,275;-1680,700;921,850
2021-11-20;4;16653,725;8349,250;10410,550;-1790,388;864,813
2021-11-20;5;16759,813;8443,238;10269,700;-1747,325;788,275
2021-11-20;6;17018,438;8410,700;10004,325;-1600,963;909,250
2021-11-20;7;18030,238;8709,063;9789,300;-1284,025;1028,663
2021-11-20;8;18921,200;10045,025;9552,925;-1531,713;861,825
2021-11-20;9;19929,813;11039,550;9377,113;-1316,013;837,138
2021-11-20;10;20888,163;11659,938;9733,625;-1287,163;781,663
2021-11-20;11;21309,575;11744,100;10037,400;-1313,925;844,588
2021-11-20;12;21421,450;11751,863;10152,150;-1383,625;914,675
2021-11-20;13;21430,725;11816,325;9963,600;-1274,538;938,988
2021-11-20;14;21518,650;12097,425;9744,788;-1220,113;910,788
2021-11-20;15;20997,675;11818,875;9488,925;-1272,588;971,050
2021-11-20;16;20991,875;12178,675;9288,638;-1237,663;766,950
2021-11-20;17;21708,575;12756,513;9366,975;-1288,613;880,175
2021-11-20;18;21645,763;12903,300;9519,075;-1686,875;919,675
2021-11-20;19;21292,188;12799,000;9415,113;-1870,075;958,375
2021-11-20;20;20855,238;12201,775;9390,450;-1670,775;947,075
2021-11-20;21;20175,063;11526,675;9458,788;-1519,975;724,825
2021-11-20;22;19054,075;10672,638;9468,313;-1614,838;533,863
2021-11-20;23;17964,938;9935,888;9309,813;-2042,175;770,100
2021-11-20;24;16749,263;8923,750;9239,288;-2368,513;987,050
