Data;Godzina;Krajowe zapotrzebowanie na moc;Sumaryczna generacja JWCD;Sumaryczna generacja nJWCD;Krajowe saldo wymiany miêdzysystemowej równoleg³ej;Krajowe saldo wymiany miêdzysystemowej nierównoleg³ej
2021-08-08;1;14454,888;8914,713;4767,675;1231,538;-445,263
2021-08-08;2;13827,638;8704,263;4850,425;1152,013;-864,613
2021-08-08;3;13618,175;8460,450;4926,475;1021,863;-780,413
2021-08-08;4;13364,488;8394,613;4669,425;1090,850;-781,600
2021-08-08;5;13241,888;8336,013;4441,225;1334,713;-774,825
2021-08-08;6;12803,513;8358,900;4490,300;1061,075;-778,025
2021-08-08;7;13133,300;8440,838;4555,250;1337,813;-872,638
2021-08-08;8;13793,488;8628,175;4720,700;1351,138;-858,500
2021-08-08;9;14717,300;9428,363;4924,563;1176,163;-805,300
2021-08-08;10;15627,850;9662,788;5284,925;1333,938;-646,563
2021-08-08;11;16108,313;9165,800;5838,588;1147,225;-32,113
2021-08-08;12;16035,800;8931,800;6227,075;799,738;89,438
2021-08-08;13;16235,125;8852,975;6954,588;1073,738;-639,625
2021-08-08;14;16384,563;8335,325;7583,925;1201,063;-723,213
2021-08-08;15;15909,788;8264,538;7254,263;1377,488;-978,588
2021-08-08;16;15757,375;8747,400;6857,538;1082,313;-924,800
2021-08-08;17;15953,613;9257,925;6414,713;1100,400;-822,538
2021-08-08;18;16082,963;9703,475;5502,263;1125,813;-249,750
2021-08-08;19;16390,063;10115,775;4680,613;1020,650;572,650
2021-08-08;20;16781,450;11076,838;3924,275;1085,988;696,475
2021-08-08;21;17194,888;11612,100;3774,638;1030,563;775,025
2021-08-08;22;17272,925;11270,350;3856,950;1029,088;1121,863
2021-08-08;23;16407,538;10707,025;3683,950;954,500;1195,913
2021-08-08;24;15228,925;9629,113;3586,375;1387,050;850,388
