Data;Godzina;Krajowe zapotrzebowanie na moc;Sumaryczna generacja JWCD;Sumaryczna generacja nJWCD;Krajowe saldo wymiany miêdzysystemowej równoleg³ej;Krajowe saldo wymiany miêdzysystemowej nierównoleg³ej
2021-02-20;1;18711,075;9984,125;6053,150;1603,075;1086,850
2021-02-20;2;18121,475;10069,088;5930,500;1209,288;924,963
2021-02-20;3;17762,275;10023,738;5850,263;994,638;913,525
2021-02-20;4;17656,575;10085,313;5802,738;801,463;985,638
2021-02-20;5;17738,913;10072,063;5798,488;872,588;1013,075
2021-02-20;6;17878,775;9969,963;5898,550;1208,125;821,713
2021-02-20;7;18490,850;10142,475;6283,200;1260,363;825,813
2021-02-20;8;19357,338;10378,288;6829,138;1192,575;974,138
2021-02-20;9;20369,038;10817,688;7422,238;1103,988;1076,988
2021-02-20;10;21138,663;11264,863;7908,025;1104,188;1080,250
2021-02-20;11;21418,938;11145,338;8164,463;1031,238;1090,913
2021-02-20;12;21442,425;11059,925;8107,400;1202,138;1089,213
2021-02-20;13;20926,313;10844,975;7560,925;1408,900;1124,200
2021-02-20;14;20406,838;10495,688;7187,013;1610,475;1124,913
2021-02-20;15;19720,800;10297,575;6898,775;1488,463;1044,563
2021-02-20;16;19757,375;10696,925;6906,263;1114,463;1037,713
2021-02-20;17;20061,050;11031,675;7165,663;1010,913;854,988
2021-02-20;18;21191,950;11636,900;7633,113;1213,388;722,313
2021-02-20;19;21609,563;11351,888;8404,663;904,300;959,600
2021-02-20;20;21383,575;10396,013;8885,525;1108,163;1003,775
2021-02-20;21;20742,700;9679,388;9065,413;972,638;1029,113
2021-02-20;22;19632,363;8970,038;9114,488;667,488;892,363
2021-02-20;23;18621,225;8536,550;9090,175;157,975;848,813
2021-02-20;24;17579,100;8162,938;8775,050;201,788;458,625
