Data;Godzina;Krajowe zapotrzebowanie na moc;Sumaryczna generacja JWCD;Sumaryczna generacja nJWCD;Krajowe saldo wymiany miêdzysystemowej równoleg³ej;Krajowe saldo wymiany miêdzysystemowej nierównoleg³ej
2021-07-05;1;14971,263;13003,525;2980,488;-1476,988;768,525
2021-07-05;2;14459,350;12222,200;2923,800;-997,263;623,075
2021-07-05;3;14176,525;11877,613;2874,675;-1150,200;886,850
2021-07-05;4;14219,488;11745,000;2824,800;-868,188;827,900
2021-07-05;5;14183,675;11869,050;2843,788;-782,350;561,338
2021-07-05;6;14868,413;12106,775;2964,900;-602,888;714,588
2021-07-05;7;17826,125;15389,600;3259,025;-1160,763;384,663
2021-07-05;8;20260,213;16598,150;3880,413;-362,438;159,238
2021-07-05;9;21572,513;17021,863;4474,363;-55,938;138,338
2021-07-05;10;21918,063;17250,000;4767,950;-276,825;188,400
2021-07-05;11;22086,425;17358,950;5052,213;-510,638;204,750
2021-07-05;12;22263,088;17498,325;4995,275;-473,138;255,888
2021-07-05;13;22745,900;17317,638;5386,100;-183,450;240,575
2021-07-05;14;22698,250;16734,938;5428,925;167,950;378,088
2021-07-05;15;22630,350;16439,538;5681,713;201,063;315,750
2021-07-05;16;22161,875;15954,050;4995,863;750,688;470,138
2021-07-05;17;21907,075;16156,738;5081,975;245,525;433,075
2021-07-05;18;22167,538;17367,938;4986,900;-635,088;452,588
2021-07-05;19;21836,238;17199,813;4435,350;-563,850;769,500
2021-07-05;20;21948,100;17559,275;4148,025;-652,225;899,525
2021-07-05;21;21828,350;17830,788;3799,913;-704,625;908,825
2021-07-05;22;21376,550;17720,450;3550,225;-797,825;909,263
2021-07-05;23;20352,363;16970,300;3389,825;-898,325;908,850
2021-07-05;24;18730,613;16332,900;3313,950;-1800,825;907,963
