Data;Godzina;Krajowe zapotrzebowanie na moc;Sumaryczna generacja JWCD;Sumaryczna generacja nJWCD;Krajowe saldo wymiany miêdzysystemowej równoleg³ej;Krajowe saldo wymiany miêdzysystemowej nierównoleg³ej
2021-11-29;1;17181,900;14453,963;5737,688;-1248,850;-1220,988
2021-11-29;2;16784,263;14017,988;5799,125;-1103,388;-1228,000
2021-11-29;3;16676,263;13855,138;5935,850;-1189,450;-1229,688
2021-11-29;4;16677,038;13824,263;6074,500;-1251,100;-1225,525
2021-11-29;5;17194,338;14372,763;6177,788;-1335,000;-1216,000
2021-11-29;6;18389,488;15258,863;6279,263;-1340,063;-1118,950
2021-11-29;7;21596,038;16590,713;6389,463;-903,163;-33,663
2021-11-29;8;23843,800;17525,650;6521,013;-825,300;645,063
2021-11-29;9;25073,413;18403,613;6782,388;-724,738;639,938
2021-11-29;10;25580,263;18649,050;7114,000;-1082,025;937,075
2021-11-29;11;25683,000;18451,775;7358,675;-1051,625;952,775
2021-11-29;12;26116,538;18549,975;7696,038;-928,500;810,650
2021-11-29;13;26156,800;18311,450;8048,463;-962,788;779,350
2021-11-29;14;26144,025;18019,500;8313,600;-834,688;663,163
2021-11-29;15;25718,238;17378,988;8438,925;-662,400;578,350
2021-11-29;16;25547,663;17384,075;8424,113;-645,225;400,538
2021-11-29;17;26000,838;17865,563;8528,625;-756,063;367,100
2021-11-29;18;25728,763;17387,163;8871,500;-968,863;443,275
2021-11-29;19;25287,388;16654,050;9005,475;-1048,075;686,275
2021-11-29;20;25093,188;16644,575;9000,225;-911,025;372,963
2021-11-29;21;24464,700;16573,675;8813,838;-888,075;-4,463
2021-11-29;22;23079,225;16474,750;8669,075;-1483,513;-551,050
2021-11-29;23;21605,013;15970,013;8578,513;-1825,938;-1078,725
2021-11-29;24;20176,263;14281,638;8533,938;-1390,225;-1195,200
