Data;Godzina;Krajowe zapotrzebowanie na moc;Sumaryczna generacja JWCD;Sumaryczna generacja nJWCD;Krajowe saldo wymiany miêdzysystemowej równoleg³ej;Krajowe saldo wymiany miêdzysystemowej nierównoleg³ej
2021-12-21;1;19803,213;15717,875;6804,688;-2469,700;-148,188
2021-12-21;2;19048,925;15448,250;6545,963;-2311,075;-466,863
2021-12-21;3;18747,500;15072,288;6455,113;-2096,200;-398,000
2021-12-21;4;18762,263;15415,888;6204,838;-1973,500;-428,150
2021-12-21;5;19153,900;15753,625;6123,850;-2415,725;136,138
2021-12-21;6;19977,400;15596,175;6017,300;-2138,075;929,500
2021-12-21;7;22439,175;16908,900;6016,525;-1190,350;872,975
2021-12-21;8;24680,550;18809,475;5966,700;-537,788;440,425
2021-12-21;9;25820,525;19905,575;6092,688;-65,425;-127,163
2021-12-21;10;26236,650;19856,838;6537,063;502,938;-657,388
2021-12-21;11;26090,738;19461,488;6930,925;493,163;-780,025
2021-12-21;12;26198,788;18782,825;7090,413;367,388;-26,725
2021-12-21;13;26189,438;18830,675;7162,050;374,563;-157,288
2021-12-21;14;26333,588;18724,450;7200,175;345,488;78,450
2021-12-21;15;26071,838;19244,300;6968,138;104,825;-233,575
2021-12-21;16;26081,600;19535,875;6822,800;168,513;-438,450
2021-12-21;17;26693,488;20018,863;6990,800;224,538;-543,775
2021-12-21;18;26538,038;19555,750;7099,550;523,938;-645,088
2021-12-21;19;26219,075;19346,750;7042,225;-58,625;-105,563
2021-12-21;20;26091,738;19116,600;7048,463;-527,525;471,475
2021-12-21;21;25428,275;18483,163;6819,313;-788,825;925,063
2021-12-21;22;24054,788;18024,175;6515,713;-1075,538;590,738
2021-12-21;23;22642,400;17153,513;6390,250;-1286,138;397,375
2021-12-21;24;21156,725;16308,575;6369,238;-1898,813;394,463
