Data;Godzina;Krajowe zapotrzebowanie na moc;Sumaryczna generacja JWCD;Sumaryczna generacja nJWCD;Krajowe saldo wymiany miêdzysystemowej równoleg³ej;Krajowe saldo wymiany miêdzysystemowej nierównoleg³ej
2021-09-16;1;17224,175;14243,513;5245,263;-2070,825;375,950
2021-09-16;2;16662,588;14051,313;5073,875;-2245,300;415,813
2021-09-16;3;16294,163;13934,375;4873,575;-2288,100;479,225
2021-09-16;4;16339,613;14133,663;4765,288;-2293,388;445,075
2021-09-16;5;16647,950;14604,950;4652,425;-2310,188;353,175
2021-09-16;6;17364,763;15340,863;4551,413;-2152,450;199,575
2021-09-16;7;19444,800;16295,500;4589,175;-1553,475;544,088
2021-09-16;8;21259,013;17195,675;4496,250;-960,200;590,650
2021-09-16;9;22185,750;17839,025;4463,938;-650,600;573,450
2021-09-16;10;22631,825;18012,738;4652,125;-584,300;570,825
2021-09-16;11;22680,338;18045,275;4812,225;-743,613;580,488
2021-09-16;12;23168,825;18313,050;5016,850;-722,288;582,063
2021-09-16;13;23050,263;18274,250;4944,788;-728,125;574,300
2021-09-16;14;23074,063;17983,263;5158,013;-637,063;580,275
2021-09-16;15;22715,288;17679,263;5103,550;-623,838;589,563
2021-09-16;16;22627,538;17779,625;4914,838;-579,138;585,888
2021-09-16;17;22533,513;17970,963;4713,588;-654,850;585,963
2021-09-16;18;22393,425;18081,263;4605,800;-824,025;575,850
2021-09-16;19;22409,088;18177,100;4335,100;-636,013;583,775
2021-09-16;20;23307,575;18689,800;4377,450;-341,988;585,438
2021-09-16;21;23034,888;18030,850;4402,763;31,100;586,575
2021-09-16;22;21367,288;17075,200;4191,638;-474,438;596,025
2021-09-16;23;19849,188;16631,763;3911,925;-1264,563;586,275
2021-09-16;24;18424,825;16554,350;3697,550;-2054,238;267,775
