Data;Godzina;Krajowe zapotrzebowanie na moc;Sumaryczna generacja JWCD;Sumaryczna generacja nJWCD;Krajowe saldo wymiany miêdzysystemowej równoleg³ej;Krajowe saldo wymiany miêdzysystemowej nierównoleg³ej
2021-07-25;1;15046,400;9649,125;4642,700;357,238;809,263
2021-07-25;2;14394,075;9061,975;4431,013;473,438;884,188
2021-07-25;3;13923,263;9374,988;4353,463;-215,963;894,000
2021-07-25;4;13803,938;9274,138;4359,038;-244,425;894,938
2021-07-25;5;13498,513;9184,288;4344,375;-496,088;888,350
2021-07-25;6;13104,900;9002,525;4310,625;-430,663;621,913
2021-07-25;7;13613,450;9192,725;4431,763;272,538;76,500
2021-07-25;8;14548,025;9490,550;4420,713;1046,525;-48,913
2021-07-25;9;15469,513;9663,400;4477,450;1473,838;-81,175
2021-07-25;10;16264,300;10042,788;4998,700;1347,938;-112,650
2021-07-25;11;16824,763;10630,275;5562,400;1020,050;-372,988
2021-07-25;12;17042,200;10265,300;5916,463;1276,350;-404,413
2021-07-25;13;17182,563;10380,300;5936,850;1274,475;-395,238
2021-07-25;14;17233,363;10121,288;5711,975;1562,388;-148,238
2021-07-25;15;17044,450;10179,388;5502,563;1477,800;-112,600
2021-07-25;16;16650,088;10252,388;4966,688;1549,025;-109,538
2021-07-25;17;16968,163;10985,125;4921,275;1173,013;-107,763
2021-07-25;18;17216,788;11720,000;4653,763;950,588;-104,550
2021-07-25;19;17272,838;13381,988;4241,213;-243,275;-103,450
2021-07-25;20;17521,113;15185,488;4062,988;-1628,475;-89,363
2021-07-25;21;17674,500;15539,025;3781,975;-1804,675;163,450
2021-07-25;22;17926,425;16258,175;3775,338;-2319,713;225,375
2021-07-25;23;17386,050;15626,900;4098,738;-2771,713;450,138
2021-07-25;24;16312,638;14540,163;4259,575;-2945,688;657,388
