Data;Godzina;Krajowe zapotrzebowanie na moc;Sumaryczna generacja JWCD;Sumaryczna generacja nJWCD;Krajowe saldo wymiany miêdzysystemowej równoleg³ej;Krajowe saldo wymiany miêdzysystemowej nierównoleg³ej
2021-01-19;1;20173,675;13110,288;7545,100;-226,900;231,288
2021-01-19;2;19741,250;13264,338;7518,600;-281,238;284,013
2021-01-19;3;19333,725;13150,000;7555,663;-482,050;320,200
2021-01-19;4;19362,100;13018,688;7617,150;-228,413;165,000
2021-01-19;5;19592,150;13127,100;7707,975;-121,050;61,638
2021-01-19;6;20306,813;13349,200;7700,363;-140,013;68,488
2021-01-19;7;22689,550;15230,713;7723,463;-296,763;67,813
2021-01-19;8;24671,575;16944,138;7702,425;-32,900;65,238
2021-01-19;9;25821,813;17947,100;7769,025;42,025;75,925
2021-01-19;10;26363,250;18233,713;7843,525;22,275;277,350
2021-01-19;11;26367,938;17962,725;7979,250;-1,225;442,413
2021-01-19;12;26543,788;17921,238;7868,275;121,813;642,088
2021-01-19;13;26314,800;17761,588;7760,988;131,488;678,050
2021-01-19;14;26188,625;17919,438;7711,600;117,788;458,625
2021-01-19;15;25583,000;17619,850;7698,025;128,375;162,663
2021-01-19;16;25278,875;17263,688;7901,650;51,413;67,888
2021-01-19;17;25769,813;17543,088;8153,000;10,288;75,600
2021-01-19;18;26058,538;17651,013;8132,975;170,488;97,350
2021-01-19;19;25697,413;17251,238;8211,775;55,125;187,600
2021-01-19;20;25469,513;16218,050;8199,388;320,188;742,913
2021-01-19;21;24798,063;15343,663;8222,950;202,438;1043,400
2021-01-19;22;23350,863;14159,675;8059,450;128,938;1020,325
2021-01-19;23;21889,763;12753,450;7941,113;179,613;1035,763
2021-01-19;24;20425,875;11959,475;7783,988;-61,438;771,225
