Data;Godzina;Krajowe zapotrzebowanie na moc;Sumaryczna generacja JWCD;Sumaryczna generacja nJWCD;Krajowe saldo wymiany miêdzysystemowej równoleg³ej;Krajowe saldo wymiany miêdzysystemowej nierównoleg³ej
2021-12-14;1;19926,863;15775,375;5903,438;-1753,975;636,625
2021-12-14;2;19334,700;14977,450;5930,038;-1575,588;779,363
2021-12-14;3;18863,913;14259,775;5922,663;-1364,638;830,625
2021-12-14;4;18828,088;14217,688;6032,288;-1361,250;853,150
2021-12-14;5;19129,338;14745,088;6189,613;-1646,675;965,888
2021-12-14;6;20108,050;15595,463;6382,550;-2041,513;1078,113
2021-12-14;7;22775,388;16335,763;6593,888;-1096,788;1104,688
2021-12-14;8;24787,975;17998,200;6794,025;-1116,850;1107,075
2021-12-14;9;25717,875;18171,700;7060,750;-609,638;1101,750
2021-12-14;10;26085,363;18324,975;7274,363;-592,325;1097,825
2021-12-14;11;26056,288;17990,100;7486,538;-513,288;1099,625
2021-12-14;12;26418,525;18190,963;7535,913;-402,238;1100,888
2021-12-14;13;26545,638;18282,238;7488,213;-303,800;1098,975
2021-12-14;14;26577,613;18385,413;7301,438;-188,450;1097,613
2021-12-14;15;26063,250;18565,863;7076,550;-683,638;1115,375
2021-12-14;16;26069,888;18482,763;6943,238;-446,488;1106,088
2021-12-14;17;26572,575;18763,438;6965,688;-255,888;1105,325
2021-12-14;18;26396,113;19090,250;6868,438;-666,613;1114,300
2021-12-14;19;25853,000;18629,825;6896,363;-779,838;1118,925
2021-12-14;20;25684,300;18433,200;6874,088;-718,275;1119,063
2021-12-14;21;25050,138;17585,413;6643,213;-264,038;1106,675
2021-12-14;22;23541,550;16460,188;6462,125;-491,000;1125,075
2021-12-14;23;22009,438;15560,713;6271,025;-921,113;1116,150
2021-12-14;24;20682,650;14889,063;6169,588;-1462,838;1103,850
