Data;Godzina;Krajowe zapotrzebowanie na moc;Sumaryczna generacja JWCD;Sumaryczna generacja nJWCD;Krajowe saldo wymiany miêdzysystemowej równoleg³ej;Krajowe saldo wymiany miêdzysystemowej nierównoleg³ej
2021-06-08;1;16742,488;12741,238;3609,775;173,438;393,000
2021-06-08;2;16022,450;12342,375;3489,738;244,388;494,913
2021-06-08;3;15698,588;12358,913;3438,463;139,575;461,725
2021-06-08;4;15618,100;12105,563;3483,438;273,875;526,738
2021-06-08;5;15403,775;12115,988;3546,113;108,913;404,825
2021-06-08;6;15994,713;12401,013;3642,250;199,475;328,813
2021-06-08;7;18821,800;14472,950;4024,938;321,888;108,588
2021-06-08;8;20914,275;16211,225;4460,688;207,200;49,500
2021-06-08;9;21767,325;16368,050;5098,025;312,850;4,825
2021-06-08;10;22089,725;15904,238;5762,075;294,600;151,238
2021-06-08;11;22026,375;14822,325;6295,738;768,475;155,388
2021-06-08;12;22408,913;14720,900;6583,463;944,213;172,600
2021-06-08;13;22609,000;14972,575;6592,463;889,450;172,663
2021-06-08;14;22390,175;14782,638;6599,275;856,250;170,888
2021-06-08;15;22339,638;14601,813;6573,188;998,388;182,500
2021-06-08;16;22250,313;14633,038;6224,913;1082,250;324,413
2021-06-08;17;21962,925;14792,063;5850,038;1007,838;331,963
2021-06-08;18;21783,238;15574,225;5358,750;542,738;324,550
2021-06-08;19;21754,688;16104,913;4941,375;524,788;203,900
2021-06-08;20;21878,663;16768,025;4680,188;261,400;184,813
2021-06-08;21;21736,513;17169,638;4223,188;153,288;204,713
2021-06-08;22;21229,688;16979,163;4073,813;107,138;95,000
2021-06-08;23;19955,763;16370,338;4139,550;-457,575;-68,288
2021-06-08;24;18328,150;14543,700;4069,625;-337,688;88,788
