Data;Godzina;Krajowe zapotrzebowanie na moc;Sumaryczna generacja JWCD;Sumaryczna generacja nJWCD;Krajowe saldo wymiany miêdzysystemowej równoleg³ej;Krajowe saldo wymiany miêdzysystemowej nierównoleg³ej
2021-07-26;1;15312,213;13056,700;4164,700;-2446,625;873,813
2021-07-26;2;14762,313;12823,550;4109,950;-2512,850;889,825
2021-07-26;3;14384,525;12445,663;4003,400;-2332,188;892,363
2021-07-26;4;14364,513;11947,825;3850,950;-1578,525;889,188
2021-07-26;5;14477,775;12250,625;3841,888;-1763,688;893,300
2021-07-26;6;15034,850;13518,438;3806,300;-2588,338;853,588
2021-07-26;7;17598,075;15512,013;3912,813;-1920,825;437,500
2021-07-26;8;19884,375;15566,300;4221,250;-313,413;437,488
2021-07-26;9;21188,175;16952,675;4394,638;-260,338;111,525
2021-07-26;10;21907,863;17393,238;4850,875;-351,925;32,200
2021-07-26;11;22080,063;16888,550;5466,638;-164,050;-95,963
2021-07-26;12;22365,838;16609,625;5779,463;108,063;-114,613
2021-07-26;13;22517,263;16735,638;5816,200;95,925;-115,575
2021-07-26;14;22678,413;16127,138;5966,163;714,800;-112,800
2021-07-26;15;22571,350;16282,150;5864,975;552,038;-112,475
2021-07-26;16;22563,688;16660,213;5431,688;593,400;-118,500
2021-07-26;17;22336,225;17039,538;4955,125;461,813;-117,400
2021-07-26;18;21962,950;17496,150;4284,413;289,513;-103,413
2021-07-26;19;22002,788;17787,038;4054,350;65,363;104,613
2021-07-26;20;21988,438;18253,975;3681,225;-321,013;373,788
2021-07-26;21;21854,663;18321,525;3556,688;-663,500;646,225
2021-07-26;22;21496,563;17906,250;3449,975;-406,175;556,338
2021-07-26;23;20103,800;17229,088;3466,338;-1270,425;685,150
2021-07-26;24;18620,863;16902,738;3320,725;-2452,038;864,713
