Data;Godzina;Krajowe zapotrzebowanie na moc;Sumaryczna generacja JWCD;Sumaryczna generacja nJWCD;Krajowe saldo wymiany miêdzysystemowej równoleg³ej;Krajowe saldo wymiany miêdzysystemowej nierównoleg³ej
2021-08-04;1;16711,825;14624,763;3014,838;-1973,288;1067,875
2021-08-04;2;16044,688;13836,075;2999,838;-1780,700;1039,425
2021-08-04;3;15608,700;13587,550;2849,338;-1644,413;1044,500
2021-08-04;4;15527,075;13428,588;2836,813;-1462,300;1061,313
2021-08-04;5;15640,138;13759,413;2782,250;-1639,213;1079,463
2021-08-04;6;15826,500;14158,725;2809,763;-1797,650;859,575
2021-08-04;7;17916,513;15994,088;2981,700;-1233,263;189,338
2021-08-04;8;19870,550;16560,075;3347,138;84,913;-115,013
2021-08-04;9;20936,850;17100,188;3706,638;349,838;-204,200
2021-08-04;10;21569,500;17204,875;4057,738;777,750;-445,975
2021-08-04;11;21693,625;17106,663;4325,525;762,888;-488,525
2021-08-04;12;21730,263;17276,100;4333,675;529,300;-397,063
2021-08-04;13;21795,788;17223,338;4498,388;343,638;-264,138
2021-08-04;14;21847,763;16857,113;4651,338;314,025;22,325
2021-08-04;15;21643,538;16537,213;4733,700;565,200;-183,250
2021-08-04;16;21390,363;16741,113;4555,988;362,913;-269,188
2021-08-04;17;21107,088;16853,588;4418,925;31,200;-196,075
2021-08-04;18;21103,150;16994,963;4220,063;142,575;-251,800
2021-08-04;19;20933,338;17283,075;3865,138;4,313;-203,188
2021-08-04;20;21020,850;17683,350;3515,975;-257,050;86,500
2021-08-04;21;21194,750;18105,863;3238,650;-598,188;449,825
2021-08-04;22;20806,213;17832,238;3123,913;-611,663;475,988
2021-08-04;23;19315,938;16702,875;2999,038;-1176,238;802,213
2021-08-04;24;17914,625;16452,950;2959,875;-2352,263;895,675
