Data;Godzina;Krajowe zapotrzebowanie na moc;Sumaryczna generacja JWCD;Sumaryczna generacja nJWCD;Krajowe saldo wymiany miêdzysystemowej równoleg³ej;Krajowe saldo wymiany miêdzysystemowej nierównoleg³ej
2021-10-18;1;15673,413;11159,600;6062,675;-2149,088;995,625
2021-10-18;2;15297,613;11013,600;5881,450;-2114,763;1001,925
2021-10-18;3;15122,775;10889,388;5780,400;-2056,063;998,338
2021-10-18;4;15189,100;11069,413;5743,938;-2136,225;1001,388
2021-10-18;5;15648,563;11898,088;5684,238;-2248,238;807,025
2021-10-18;6;16845,800;13790,925;5564,113;-2167,850;100,900
2021-10-18;7;20079,800;15641,638;5503,875;-1862,525;892,500
2021-10-18;8;22133,238;17203,888;5592,400;-1631,725;968,888
2021-10-18;9;23167,363;17913,600;5774,413;-1476,525;969,400
2021-10-18;10;23554,463;17848,650;5848,613;-988,088;863,050
2021-10-18;11;23450,650;17623,763;5995,863;-919,325;764,463
2021-10-18;12;23639,600;17994,425;6159,538;-1437,113;942,138
2021-10-18;13;23739,675;17829,225;6330,788;-1278,650;881,138
2021-10-18;14;23492,300;17669,513;6142,338;-1039,238;742,225
2021-10-18;15;23195,313;17260,638;6202,375;-1080,363;827,888
2021-10-18;16;22958,300;17241,013;5950,050;-1094,763;874,825
2021-10-18;17;22875,675;17457,788;5761,600;-1232,175;884,838
2021-10-18;18;23160,150;17631,600;5722,925;-1118,313;933,013
2021-10-18;19;23952,650;18406,138;5787,438;-1159,163;923,825
2021-10-18;20;23985,550;18282,338;5903,500;-1159,775;969,550
2021-10-18;21;23402,000;17594,038;6003,050;-1130,125;965,525
2021-10-18;22;21910,900;16589,475;5632,975;-1172,800;885,538
2021-10-18;23;20247,988;15943,225;5510,138;-1557,188;369,613
2021-10-18;24;18906,638;15339,350;5478,913;-2227,038;331,138
