Data;Godzina;Krajowe zapotrzebowanie na moc;Sumaryczna generacja JWCD;Sumaryczna generacja nJWCD;Krajowe saldo wymiany miêdzysystemowej równoleg³ej;Krajowe saldo wymiany miêdzysystemowej nierównoleg³ej
2021-12-29;1;18414,100;12420,263;9109,350;-1695,113;-1028,188
2021-12-29;2;17652,388;11595,913;8787,775;-1889,275;-317,638
2021-12-29;3;17380,638;11607,575;8408,688;-1918,900;-78,425
2021-12-29;4;17363,700;11708,550;8083,413;-2074,350;283,750
2021-12-29;5;17596,913;12446,200;7710,013;-2034,988;116,550
2021-12-29;6;18357,700;13429,850;7411,475;-1907,650;-216,900
2021-12-29;7;20384,850;14365,563;7210,850;-1162,913;-14,313
2021-12-29;8;22084,088;15720,838;7000,838;-1029,875;408,400
2021-12-29;9;23229,213;16404,313;6955,738;-623,450;501,475
2021-12-29;10;24050,263;17346,375;6846,750;-636,688;496,738
2021-12-29;11;24399,300;17601,575;6872,638;-562,088;495,675
2021-12-29;12;24741,075;17962,125;6743,263;-456,238;500,775
2021-12-29;13;24856,700;18076,788;6644,838;-414,850;564,000
2021-12-29;14;24964,613;18135,213;6460,725;-307,000;693,575
2021-12-29;15;24467,038;17968,063;6221,163;-273,300;566,175
2021-12-29;16;24169,325;17758,875;6016,063;-240,050;654,438
2021-12-29;17;24667,925;17958,950;6087,988;223,725;400,988
2021-12-29;18;24501,400;18145,100;6108,363;-28,663;290,363
2021-12-29;19;24176,575;17672,538;6053,138;346,988;115,575
2021-12-29;20;24029,738;17537,850;5960,600;345,750;198,425
2021-12-29;21;23502,725;16740,375;5925,575;1121,525;-269,975
2021-12-29;22;22168,575;16267,838;5827,700;799,800;-705,713
2021-12-29;23;20699,750;13958,600;5893,613;882,150;-11,425
2021-12-29;24;19187,800;12565,363;5829,100;775,538;117,900
