Data;Godzina;Krajowe zapotrzebowanie na moc;Sumaryczna generacja JWCD;Sumaryczna generacja nJWCD;Krajowe saldo wymiany miêdzysystemowej równoleg³ej;Krajowe saldo wymiany miêdzysystemowej nierównoleg³ej
2021-08-21;1;16845,275;15797,788;3242,850;-1971,675;-174,088
2021-08-21;2;16286,950;15032,463;3273,150;-1928,538;-42,588
2021-08-21;3;15803,513;14003,063;3256,838;-1776,338;367,250
2021-08-21;4;15604,638;13834,575;3197,613;-1949,300;588,263
2021-08-21;5;15573,350;13508,463;3154,238;-1466,438;556,488
2021-08-21;6;15267,963;13979,225;3132,950;-2017,825;375,875
2021-08-21;7;15992,663;15006,225;3237,400;-1916,713;29,550
2021-08-21;8;17084,950;15289,025;3476,788;-1413,113;-22,263
2021-08-21;9;18332,750;15506,038;3822,513;-659,275;-115,100
2021-08-21;10;19062,338;14930,150;4387,025;352,738;-383,138
2021-08-21;11;19171,675;13877,513;4875,225;1023,788;-374,975
2021-08-21;12;19076,775;12952,238;5261,538;1011,700;77,338
2021-08-21;13;19034,738;12841,488;5585,988;822,075;5,775
2021-08-21;14;18776,588;11927,688;5888,188;1011,863;145,200
2021-08-21;15;18332,400;11679,075;5925,525;899,900;104,050
2021-08-21;16;18142,813;11880,075;5536,100;772,725;155,750
2021-08-21;17;18226,538;12963,538;5152,863;179,875;-61,025
2021-08-21;18;18258,950;14671,888;4520,813;-440,838;-478,863
2021-08-21;19;18350,100;16267,338;3878,125;-1384,763;-405,338
2021-08-21;20;18222,375;16754,975;3420,475;-1571,275;-386,550
2021-08-21;21;18837,600;17201,863;3257,275;-1121,713;-507,963
2021-08-21;22;18259,450;17119,288;3199,600;-1779,938;-270,525
2021-08-21;23;17090,375;16241,788;3152,738;-2080,113;-208,175
2021-08-21;24;15983,650;14883,463;3117,613;-2010,025;13,863
