Data;Godzina;Krajowe zapotrzebowanie na moc;Sumaryczna generacja JWCD;Sumaryczna generacja nJWCD;Krajowe saldo wymiany miêdzysystemowej równoleg³ej;Krajowe saldo wymiany miêdzysystemowej nierównoleg³ej
2021-06-19;1;17567,775;12662,825;5745,375;-1792,613;963,813
2021-06-19;2;16580,700;11515,163;5546,150;-1429,363;966,863
2021-06-19;3;16142,500;11566,338;5334,025;-1709,450;967,300
2021-06-19;4;15941,000;11417,750;5093,638;-1518,563;967,025
2021-06-19;5;15449,738;11181,113;4897,675;-1577,850;967,188
2021-06-19;6;15423,838;11272,150;4815,300;-1576,838;932,813
2021-06-19;7;16720,825;12276,113;4885,963;-822,025;396,125
2021-06-19;8;18365,975;13213,325;4791,888;147,338;229,250
2021-06-19;9;19570,913;13449,188;5018,825;1027,913;90,575
2021-06-19;10;20142,775;13694,575;5567,000;863,850;37,575
2021-06-19;11;20380,338;13074,675;6140,700;1162,100;10,350
2021-06-19;12;20476,100;12643,513;6810,900;1022,300;3,700
2021-06-19;13;20277,938;12127,238;6873,950;1181,700;102,700
2021-06-19;14;20027,113;11974,163;6669,188;1231,525;160,638
2021-06-19;15;19574,163;11842,100;6411,038;1140,813;187,225
2021-06-19;16;19478,413;12098,913;6022,050;1135,363;226,463
2021-06-19;17;19493,275;12962,338;5539,988;762,288;239,388
2021-06-19;18;19688,600;13860,138;5062,250;495,813;279,150
2021-06-19;19;19835,138;15080,750;4698,588;-215,063;279,763
2021-06-19;20;19580,463;16473,388;4209,313;-1252,988;159,200
2021-06-19;21;19107,113;16196,088;4062,875;-1601,263;456,575
2021-06-19;22;18861,338;15728,413;4469,463;-1999,763;672,050
2021-06-19;23;18357,488;15522,463;4895,063;-2353,513;306,875
2021-06-19;24;17086,913;13120,975;5035,938;-1851,163;799,338
