Data;Godzina;Krajowe zapotrzebowanie na moc;Sumaryczna generacja JWCD;Sumaryczna generacja nJWCD;Krajowe saldo wymiany miêdzysystemowej równoleg³ej;Krajowe saldo wymiany miêdzysystemowej nierównoleg³ej
2021-02-24;1;18305,100;10040,725;7342,863;287,525;732,950
2021-02-24;2;17774,225;10371,863;7088,638;-274,650;805,413
2021-02-24;3;17311,988;10357,950;6872,225;-489,575;899,400
2021-02-24;4;17365,613;10040,813;7184,863;-489,688;1007,263
2021-02-24;5;17828,475;10198,488;7371,375;87,638;594,888
2021-02-24;6;18583,150;10397,825;7381,413;359,500;511,888
2021-02-24;7;20634,100;11875,938;7282,463;684,000;806,225
2021-02-24;8;22320,213;13124,713;7155,275;1013,088;1029,375
2021-02-24;9;23096,288;13699,300;7321,200;972,238;1115,725
2021-02-24;10;22926,225;13284,713;7382,413;1191,488;1093,463
2021-02-24;11;22803,163;12734,788;7510,263;1478,150;1111,900
2021-02-24;12;22590,800;12768,163;7341,600;1370,863;1124,100
2021-02-24;13;22408,325;12641,125;7078,188;1585,425;1124,700
2021-02-24;14;22304,050;12878,963;6782,125;1541,550;1124,925
2021-02-24;15;21931,850;12815,963;6554,188;1455,113;1125,038
2021-02-24;16;22024,375;13276,325;6394,363;1232,675;1123,550
2021-02-24;17;22333,638;13271,488;6414,875;1519,300;1122,950
2021-02-24;18;23302,600;13621,650;7129,475;1425,588;1123,125
2021-02-24;19;24002,800;13944,450;7927,325;1015,400;1122,013
2021-02-24;20;23890,463;13750,863;8345,225;685,963;1124,050
2021-02-24;21;23309,813;12518,225;8573,588;1117,138;1124,025
2021-02-24;22;21740,588;11125,238;8595,475;922,088;1123,663
2021-02-24;23;20196,300;9993,050;8380,413;1041,563;1123,625
2021-02-24;24;19017,513;9431,550;8181,163;701,725;1123,300
