Data;Godzina;Krajowe zapotrzebowanie na moc;Sumaryczna generacja JWCD;Sumaryczna generacja nJWCD;Krajowe saldo wymiany miêdzysystemowej równoleg³ej;Krajowe saldo wymiany miêdzysystemowej nierównoleg³ej
2021-01-11;1;16677,775;9664,400;7582,163;-71,713;-40,175
2021-01-11;2;16108,788;9678,388;7631,200;-393,963;234,413
2021-01-11;3;15991,838;9729,400;7641,850;-640,763;397,125
2021-01-11;4;16074,225;9732,413;7746,850;-728,475;448,375
2021-01-11;5;16452,500;9858,313;7781,688;-633,463;459,563
2021-01-11;6;17570,725;10670,338;7795,938;-299,075;218,400
2021-01-11;7;20542,425;12560,775;7814,850;-253,125;567,050
2021-01-11;8;22748,688;14397,963;7827,413;-356,000;881,538
2021-01-11;9;23830,900;15303,013;7902,138;-363,450;994,200
2021-01-11;10;24515,688;15985,100;8038,650;-539,900;1045,425
2021-01-11;11;24753,000;15470,575;8349,938;-61,900;1013,313
2021-01-11;12;24901,000;16166,450;8382,213;-511,763;866,563
2021-01-11;13;24801,938;16090,950;8461,038;-558,000;823,263
2021-01-11;14;24622,975;15802,200;8516,675;-521,063;842,888
2021-01-11;15;24216,950;15465,450;8587,438;-622,463;802,788
2021-01-11;16;24262,900;14794,525;8764,050;-222,338;941,650
2021-01-11;17;25017,825;15054,763;9109,838;-174,963;1034,725
2021-01-11;18;25191,625;15316,800;9335,275;-498,850;1041,550
2021-01-11;19;24815,788;14973,163;9578,163;-786,588;1059,063
2021-01-11;20;24536,350;14121,275;9758,588;-386,463;1063,288
2021-01-11;21;24113,863;13814,238;9783,800;-525,738;1065,175
2021-01-11;22;22780,688;12614,788;9890,550;-753,863;1056,813
2021-01-11;23;21360,213;11437,063;9965,725;-882,275;860,463
2021-01-11;24;20044,025;10189,463;10003,175;-703,150;638,850
