Data;Godzina;Krajowe zapotrzebowanie na moc;Sumaryczna generacja JWCD;Sumaryczna generacja nJWCD;Krajowe saldo wymiany miêdzysystemowej równoleg³ej;Krajowe saldo wymiany miêdzysystemowej nierównoleg³ej
2021-10-09;1;17402,713;11899,888;6787,613;-2155,888;883,650
2021-10-09;2;16846,938;11764,800;6582,050;-2155,800;673,513
2021-10-09;3;16397,788;11931,163;6298,588;-2310,988;494,200
2021-10-09;4;16368,888;12048,738;6038,175;-2183,513;475,813
2021-10-09;5;16462,738;12767,113;5871,975;-2630,563;469,163
2021-10-09;6;16751,000;12907,713;5771,488;-2496,325;581,475
2021-10-09;7;17548,275;13823,738;5643,775;-2614,000;707,475
2021-10-09;8;18407,413;14589,700;5741,288;-2770,113;858,388
2021-10-09;9;19181,375;14827,013;6101,838;-2585,675;843,588
2021-10-09;10;19483,950;14516,288;6290,463;-2001,263;681,388
2021-10-09;11;19184,713;13294,013;6637,975;-1366,775;628,375
2021-10-09;12;19012,200;12218,188;7454,425;-1073,525;449,950
2021-10-09;13;18583,538;10827,300;7926,550;-168,213;314,400
2021-10-09;14;18338,975;10182,025;7672,950;239,113;496,263
2021-10-09;15;17984,750;10561,425;7142,488;40,863;507,100
2021-10-09;16;18224,825;11984,800;6635,038;-1329,500;953,000
2021-10-09;17;18840,238;13848,738;6093,163;-1666,675;564,038
2021-10-09;18;19223,438;14563,263;5455,100;-1540,063;750,325
2021-10-09;19;20273,500;15011,875;5446,200;-1337,313;1166,513
2021-10-09;20;20674,438;15154,288;5867,825;-1538,375;1197,363
2021-10-09;21;20054,988;14173,650;6127,725;-1418,750;1185,388
2021-10-09;22;18942,713;13277,538;6162,413;-1647,388;1164,363
2021-10-09;23;17840,100;12418,038;6182,413;-1823,663;1072,138
2021-10-09;24;16624,213;11102,375;6029,700;-1551,300;1059,750
