Data;Godzina;Krajowe zapotrzebowanie na moc;Sumaryczna generacja JWCD;Sumaryczna generacja nJWCD;Krajowe saldo wymiany miêdzysystemowej równoleg³ej;Krajowe saldo wymiany miêdzysystemowej nierównoleg³ej
2021-12-22;1;20006,538;16276,888;6294,138;-2567,113;5,938
2021-12-22;2;19280,825;15488,513;6335,038;-2519,625;-16,600
2021-12-22;3;18852,688;14831,413;6305,763;-2465,388;198,600
2021-12-22;4;18906,850;14998,388;6274,063;-2581,438;231,113
2021-12-22;5;19270,638;15599,788;6197,725;-2621,513;217,938
2021-12-22;6;20234,413;17167,138;6147,938;-2374,588;-141,350
2021-12-22;7;22596,938;17871,850;6129,213;-1237,950;144,263
2021-12-22;8;24533,075;18636,613;6132,988;-1011,888;769,588
2021-12-22;9;25725,600;19658,000;6218,200;-850,263;689,600
2021-12-22;10;26435,925;19939,313;6597,113;-860,650;755,613
2021-12-22;11;26403,438;19796,650;6765,825;-1003,063;851,050
2021-12-22;12;26709,413;19619,138;7059,250;-716,600;757,688
2021-12-22;13;26737,463;19320,063;7118,325;-568,763;877,750
2021-12-22;14;26811,225;19552,550;7051,063;-666,850;884,425
2021-12-22;15;26426,350;19762,175;6581,813;-891,838;968,938
2021-12-22;16;26306,100;19959,888;6313,163;-920,750;943,775
2021-12-22;17;26877,263;19917,588;6513,238;-250,225;689,000
2021-12-22;18;26682,725;19852,088;6538,613;-605,588;890,650
2021-12-22;19;26422,538;19568,363;6632,713;-715,650;940,913
2021-12-22;20;26234,238;19042,588;6795,175;-603,800;1010,950
2021-12-22;21;25629,225;18569,050;6974,650;-1000,800;1101,463
2021-12-22;22;24065,725;17200,775;7020,050;-1093,263;944,213
2021-12-22;23;22496,538;15879,475;7003,663;-1384,238;1004,063
2021-12-22;24;21017,625;15318,238;7003,263;-2041,013;749,763
