Data;Godzina;Krajowe zapotrzebowanie na moc;Sumaryczna generacja JWCD;Sumaryczna generacja nJWCD;Krajowe saldo wymiany miêdzysystemowej równoleg³ej;Krajowe saldo wymiany miêdzysystemowej nierównoleg³ej
2021-08-17;1;16894,138;10700,325;4800,925;847,213;788,500
2021-08-17;2;16378,938;10851,400;4913,338;648,788;531,700
2021-08-17;3;16065,125;10915,413;5004,763;1264,863;-449,613
2021-08-17;4;15994,038;11263,950;5115,863;1206,438;-922,288
2021-08-17;5;16188,488;11414,200;5290,438;1039,363;-775,425
2021-08-17;6;16263,888;10974,800;5422,113;1127,438;-489,063
2021-08-17;7;18171,775;11849,188;5779,063;727,650;5,938
2021-08-17;8;19951,038;13452,288;6308,538;263,313;-68,588
2021-08-17;9;21103,938;14359,025;7252,825;-659,213;155,150
2021-08-17;10;21548,625;14305,050;7982,475;-924,275;195,000
2021-08-17;11;21828,988;13764,725;8548,700;-660,375;178,738
2021-08-17;12;22117,500;14368,188;8733,350;-1322,125;344,050
2021-08-17;13;22060,550;14313,600;8928,813;-1466,775;301,775
2021-08-17;14;21893,075;13559,450;9040,350;-814,088;121,113
2021-08-17;15;21581,263;13050,013;9088,963;-592,663;32,563
2021-08-17;16;21308,313;12900,988;8797,725;-509,013;128,925
2021-08-17;17;21108,275;13852,825;8703,875;-1745,225;314,875
2021-08-17;18;20843,775;13524,475;8222,988;-1319,600;421,450
2021-08-17;19;20595,113;14370,063;7643,000;-1997,963;579,225
2021-08-17;20;20945,800;15494,438;7465,625;-2332,750;321,600
2021-08-17;21;21720,350;15540,938;7342,338;-1905,900;756,125
2021-08-17;22;20846,513;14804,800;7283,150;-2254,775;1026,988
2021-08-17;23;18996,850;13152,863;7053,925;-2342,525;1144,275
2021-08-17;24;17573,675;11229,338;7014,513;-1810,238;1160,350
