Data;Godzina;Krajowe zapotrzebowanie na moc;Sumaryczna generacja JWCD;Sumaryczna generacja nJWCD;Krajowe saldo wymiany miêdzysystemowej równoleg³ej;Krajowe saldo wymiany miêdzysystemowej nierównoleg³ej
2021-09-20;1;14933,938;12922,713;3655,450;-1635,738;314,100
2021-09-20;2;14566,763;12984,613;3646,663;-2048,963;346,200
2021-09-20;3;14391,038;12919,063;3696,188;-2245,425;389,825
2021-09-20;4;14446,288;12753,538;3695,163;-2004,150;423,438
2021-09-20;5;14875,088;13228,625;3756,813;-1918,775;225,413
2021-09-20;6;15909,863;14624,238;3868,650;-2301,113;126,250
2021-09-20;7;18732,350;16358,413;4006,025;-2150,188;607,613
2021-09-20;8;20806,600;16943,313;4147,388;-709,388;442,100
2021-09-20;9;21996,200;17513,138;4555,750;-484,975;427,200
2021-09-20;10;22426,713;17193,775;5076,850;-278,388;446,438
2021-09-20;11;22252,975;16937,938;5531,888;-640,338;441,950
2021-09-20;12;22569,663;17123,650;5844,575;-779,638;395,450
2021-09-20;13;22643,975;17115,438;5816,338;-718,438;452,863
2021-09-20;14;22600,325;16910,750;5834,263;-601,675;471,838
2021-09-20;15;22048,950;16492,788;5629,700;-522,313;465,950
2021-09-20;16;22046,263;16554,150;5580,863;-522,163;450,813
2021-09-20;17;21776,475;16616,750;5279,263;-575,613;472,650
2021-09-20;18;21868,775;16996,088;4899,650;-472,738;462,338
2021-09-20;19;22154,238;18008,600;4573,038;-753,150;343,900
2021-09-20;20;23243,138;19200,925;4440,138;-835,113;448,413
2021-09-20;21;22866,700;18584,400;4491,238;-648,475;459,188
2021-09-20;22;21231,250;17393,025;4371,763;-979,875;471,125
2021-09-20;23;19570,738;16741,213;4337,550;-1834,513;347,863
2021-09-20;24;18274,588;16217,013;4344,850;-2562,400;292,988
