Data;Godzina;Krajowe zapotrzebowanie na moc;Sumaryczna generacja JWCD;Sumaryczna generacja nJWCD;Krajowe saldo wymiany miêdzysystemowej równoleg³ej;Krajowe saldo wymiany miêdzysystemowej nierównoleg³ej
2021-02-10;1;20157,163;13275,263;5811,363;976,700;567,425
2021-02-10;2;19549,863;13549,388;5802,088;557,913;267,488
2021-02-10;3;19260,863;13745,700;5793,013;309,575;149,438
2021-02-10;4;19242,300;13711,800;5790,325;276,063;197,038
2021-02-10;5;19610,375;13408,388;5853,788;608,275;397,750
2021-02-10;6;20384,825;13952,800;5880,338;579,363;232,488
2021-02-10;7;22879,238;15782,700;5896,975;1239,900;-17,088
2021-02-10;8;24705,463;17761,613;6010,075;971,488;-29,000
2021-02-10;9;26186,900;18711,625;6171,788;1393,563;-78,150
2021-02-10;10;26954,638;19376,600;6449,500;1615,150;-468,163
2021-02-10;11;27058,550;19362,638;6689,238;1416,675;-399,500
2021-02-10;12;27104,950;19417,800;6753,550;892,900;51,913
2021-02-10;13;26937,900;19040,125;6608,588;1232,413;77,175
2021-02-10;14;26683,225;18243,638;6560,000;1407,413;495,963
2021-02-10;15;26019,600;17930,963;6381,013;1433,063;296,213
2021-02-10;16;25572,625;17971,600;6228,350;1379,150;10,888
2021-02-10;17;25543,075;18024,688;6300,438;1223,100;3,138
2021-02-10;18;26442,725;18793,425;6380,625;1392,288;-117,513
2021-02-10;19;26377,763;19202,113;6509,275;800,088;-132,175
2021-02-10;20;26195,763;18995,038;6572,625;673,013;-33,075
2021-02-10;21;25580,725;17551,325;6536,813;1300,638;203,813
2021-02-10;22;23863,950;14946,188;6494,825;1681,613;765,438
2021-02-10;23;22345,188;13609,775;6474,375;1255,225;1028,775
2021-02-10;24;21017,488;12787,825;6548,375;708,488;993,100
