Data;Godzina;Krajowe zapotrzebowanie na moc;Sumaryczna generacja JWCD;Sumaryczna generacja nJWCD;Krajowe saldo wymiany miêdzysystemowej równoleg³ej;Krajowe saldo wymiany miêdzysystemowej nierównoleg³ej
2021-11-18;1;18435,950;11345,338;8353,438;-2203,650;955,213
2021-11-18;2;17770,913;11097,425;8305,475;-2532,250;940,613
2021-11-18;3;17382,688;11129,213;8221,113;-2568,325;964,475
2021-11-18;4;17418,650;10973,488;8395,588;-2451,563;904,300
2021-11-18;5;17697,300;10841,625;8436,125;-2126,175;964,500
2021-11-18;6;18628,475;11597,988;8453,800;-1995,738;964,563
2021-11-18;7;21371,175;14328,888;8591,350;-2208,763;799,638
2021-11-18;8;23116,350;15993,988;8641,588;-2235,000;724,225
2021-11-18;9;23929,163;16569,063;8839,600;-2263,963;810,688
2021-11-18;10;24051,825;16139,100;9144,563;-2129,025;913,788
2021-11-18;11;23997,313;15719,925;9442,000;-2125,538;976,688
2021-11-18;12;24429,713;16026,763;9556,063;-2090,788;956,025
2021-11-18;13;24664,575;16355,813;9613,700;-2166,713;876,213
2021-11-18;14;24817,975;16289,300;9596,013;-1998,675;941,525
2021-11-18;15;24392,275;16178,838;9348,463;-2013,813;879,263
2021-11-18;16;24393,825;16326,413;9120,813;-1843,513;799,575
2021-11-18;17;25011,338;16546,825;9205,550;-1524,863;787,625
2021-11-18;18;24854,513;16146,538;9644,838;-1731,725;798,213
2021-11-18;19;24392,238;15390,613;9939,563;-1757,038;818,750
2021-11-18;20;24190,400;14854,638;10216,025;-1724,875;851,438
2021-11-18;21;23503,450;13941,550;10443,700;-1769,863;900,088
2021-11-18;22;21947,738;12178,550;10533,125;-1735,625;982,600
2021-11-18;23;20381,225;10377,638;10570,975;-1456,475;892,513
2021-11-18;24;19033,100;8932,425;10548,900;-1144,238;833,263
