Data;Godzina;Krajowe zapotrzebowanie na moc;Sumaryczna generacja JWCD;Sumaryczna generacja nJWCD;Krajowe saldo wymiany miêdzysystemowej równoleg³ej;Krajowe saldo wymiany miêdzysystemowej nierównoleg³ej
2021-11-09;1;18284,013;14620,675;5407,638;-1838,050;448,988
2021-11-09;2;17702,500;13691,538;5343,463;-1885,638;909,663
2021-11-09;3;17397,500;13517,588;5257,588;-1971,038;939,013
2021-11-09;4;17486,400;13627,438;5180,075;-1914,625;941,825
2021-11-09;5;17768,000;13810,613;5164,125;-1800,363;945,063
2021-11-09;6;18822,575;14749,963;5256,800;-1432,325;589,888
2021-11-09;7;21368,600;16737,763;5383,175;-1141,500;433,050
2021-11-09;8;23060,963;17463,738;5606,388;-819,338;814,013
2021-11-09;9;23789,013;17924,163;5936,300;-1008,138;947,375
2021-11-09;10;24085,938;17788,963;6197,450;-742,675;855,850
2021-11-09;11;24125,138;17609,075;6258,975;-518,488;790,363
2021-11-09;12;24339,663;18056,888;6091,300;-586,525;787,663
2021-11-09;13;24388,725;17929,700;5846,213;-136,538;770,613
2021-11-09;14;24368,925;18261,138;5778,538;-307,513;656,013
2021-11-09;15;24119,475;18262,550;5716,475;-551,188;697,788
2021-11-09;16;24212,800;18471,450;5819,013;-858,138;792,538
2021-11-09;17;24725,675;18744,750;6093,038;-781,050;669,788
2021-11-09;18;24956,963;18451,575;6635,900;-877,388;735,375
2021-11-09;19;24629,050;17685,088;7106,075;-979,413;832,375
2021-11-09;20;24451,113;17176,363;7352,675;-975,675;911,275
2021-11-09;21;23769,063;16922,463;7624,113;-1720,550;958,275
2021-11-09;22;22287,975;16002,575;7749,150;-2428,088;983,663
2021-11-09;23;20709,625;14479,013;7817,100;-2545,400;975,050
2021-11-09;24;19378,525;13324,388;7737,525;-2556,325;939,113
