Data;Godzina;Krajowe zapotrzebowanie na moc;Sumaryczna generacja JWCD;Sumaryczna generacja nJWCD;Krajowe saldo wymiany miêdzysystemowej równoleg³ej;Krajowe saldo wymiany miêdzysystemowej nierównoleg³ej
2021-04-22;1;17214,538;10144,863;7146,163;-848,650;791,600
2021-04-22;2;16753,213;10022,863;7374,813;-1102,000;629,913
2021-04-22;3;16377,375;10002,238;7319,888;-1349,450;444,950
2021-04-22;4;16363,700;9856,800;7567,488;-1476,388;434,088
2021-04-22;5;16610,788;9761,200;7870,963;-1324,213;432,538
2021-04-22;6;16787,550;9659,588;8148,838;-1354,050;464,775
2021-04-22;7;19004,063;10985,550;8625,600;-1443,050;853,063
2021-04-22;8;20989,138;12653,688;9195,300;-1556,300;706,550
2021-04-22;9;21803,800;12282,325;9882,238;-1312,350;962,025
2021-04-22;10;22097,650;11856,588;10478,750;-1215,988;992,363
2021-04-22;11;21844,350;11842,513;10627,838;-1263,550;646,038
2021-04-22;12;22175,463;11650,600;10978,113;-1190,663;746,900
2021-04-22;13;22189,700;11472,275;10914,363;-1090,238;909,150
2021-04-22;14;21966,488;11382,775;10829,288;-1136,713;905,025
2021-04-22;15;21757,988;11088,625;10765,975;-926,950;842,450
2021-04-22;16;21681,200;11474,475;10792,700;-1182,225;615,163
2021-04-22;17;21354,700;12070,650;10231,225;-1394,150;465,850
2021-04-22;18;21302,713;12164,563;9845,000;-1652,200;955,300
2021-04-22;19;21309,225;12684,538;8974,775;-1472,013;1130,438
2021-04-22;20;21684,488;14038,725;7797,063;-1360,738;1224,513
2021-04-22;21;22592,425;14815,075;7471,625;-906,238;1219,213
2021-04-22;22;21521,113;14270,300;7530,025;-1431,575;1178,238
2021-04-22;23;20058,463;12847,175;7195,638;-1160,825;1192,875
2021-04-22;24;18713,350;11640,513;7389,800;-1332,413;1048,188
