Data;Godzina;Krajowe zapotrzebowanie na moc;Sumaryczna generacja JWCD;Sumaryczna generacja nJWCD;Krajowe saldo wymiany miêdzysystemowej równoleg³ej;Krajowe saldo wymiany miêdzysystemowej nierównoleg³ej
2021-09-04;1;17104,300;16157,163;3660,613;-2570,888;-102,963
2021-09-04;2;16344,238;15613,175;3576,388;-2702,325;-100,400
2021-09-04;3;15926,063;14889,825;3526,800;-2868,475;425,400
2021-09-04;4;15762,325;14600,900;3516,888;-2645,575;516,138
2021-09-04;5;15870,550;14818,200;3545,463;-2158,713;415,275
2021-09-04;6;15864,263;15133,238;3555,250;-2402,988;256,813
2021-09-04;7;16251,713;15582,350;3698,875;-2602,038;7,450
2021-09-04;8;17338,963;15223,525;4067,650;-1719,625;-90,900
2021-09-04;9;18442,713;15117,788;4538,275;-1111,050;-84,888
2021-09-04;10;19049,700;14979,838;5061,088;-757,838;-223,950
2021-09-04;11;19341,925;14243,138;5504,038;100,000;-492,838
2021-09-04;12;19480,138;14128,738;5788,988;223,725;-648,613
2021-09-04;13;19109,038;13607,800;5766,988;222,163;-471,975
2021-09-04;14;18869,625;12729,313;5908,013;544,325;-292,375
2021-09-04;15;18260,963;11949,625;5824,225;734,263;-227,400
2021-09-04;16;18020,950;12038,600;5411,413;575,863;12,750
2021-09-04;17;18294,238;12776,725;5182,588;571,788;-222,425
2021-09-04;18;18438,813;14899,413;4761,525;-1070,088;-140,825
2021-09-04;19;18411,125;15314,375;4336,913;-1302,638;65,425
2021-09-04;20;18910,150;15651,000;4270,788;-1674,425;672,025
2021-09-04;21;19338,300;15576,825;4593,763;-1271,975;443,988
2021-09-04;22;18316,100;15015,450;4610,313;-1317,163;28,600
2021-09-04;23;17175,750;14938,638;4498,163;-2282,788;45,438
2021-09-04;24;16087,388;14253,863;4467,050;-2429,538;-180,063
