Data;Godzina;Krajowe zapotrzebowanie na moc;Sumaryczna generacja JWCD;Sumaryczna generacja nJWCD;Krajowe saldo wymiany miêdzysystemowej równoleg³ej;Krajowe saldo wymiany miêdzysystemowej nierównoleg³ej
2021-02-05;1;19038,650;11307,838;5879,463;1368,400;984,425
2021-02-05;2;18578,763;11571,738;5892,138;1102,750;809,188
2021-02-05;3;18290,988;11776,600;5887,350;972,263;604,188
2021-02-05;4;18378,525;11887,200;5923,900;817,325;694,013
2021-02-05;5;18677,300;11910,288;5943,600;1256,063;512,288
2021-02-05;6;19533,713;12751,963;5989,425;1359,288;38,650
2021-02-05;7;22014,938;14800,038;6057,850;1379,913;-166,625
2021-02-05;8;23750,225;16451,950;6255,150;1238,100;-188,063
2021-02-05;9;24883,263;17213,413;6537,400;1238,988;-101,838
2021-02-05;10;25288,663;17096,800;6880,525;1335,713;-15,163
2021-02-05;11;25087,713;16688,938;7169,325;1416,425;-167,425
2021-02-05;12;25344,238;16660,900;7117,913;1513,050;63,975
2021-02-05;13;25110,313;16216,088;6889,563;1454,038;567,350
2021-02-05;14;25077,950;16244,550;6767,350;1487,775;596,313
2021-02-05;15;24637,563;16359,738;6564,875;1498,700;221,300
2021-02-05;16;24339,163;16025,663;6311,750;1447,138;558,938
2021-02-05;17;24620,450;16561,650;6330,688;1333,113;403,613
2021-02-05;18;25568,338;17397,438;6572,313;1542,938;59,038
2021-02-05;19;25222,238;16848,563;6615,400;1498,688;266,838
2021-02-05;20;24983,900;15679,975;6677,175;1617,713;1024,600
2021-02-05;21;24246,413;14964,338;6567,463;1657,750;1074,925
2021-02-05;22;22661,250;13725,513;6512,800;1565,175;883,713
2021-02-05;23;21307,313;12440,625;6410,250;1405,113;1074,563
2021-02-05;24;20142,563;11354,450;6356,038;1358,000;1095,338
