Data;Godzina;Krajowe zapotrzebowanie na moc;Sumaryczna generacja JWCD;Sumaryczna generacja nJWCD;Krajowe saldo wymiany miêdzysystemowej równoleg³ej;Krajowe saldo wymiany miêdzysystemowej nierównoleg³ej
2021-02-14;1;17698,388;9212,825;9494,038;-291,288;-694,613
2021-02-14;2;17091,675;8934,288;9452,788;-472,625;-799,100
2021-02-14;3;16697,863;8817,875;9497,188;-618,638;-799,375
2021-02-14;4;16552,588;8771,613;9494,775;-451,888;-800,075
2021-02-14;5;16755,588;8902,900;9474,625;-333,700;-799,338
2021-02-14;6;16890,438;9086,250;9483,725;-275,725;-750,650
2021-02-14;7;17016,750;8984,475;9430,938;-405,875;-364,963
2021-02-14;8;17405,663;9061,900;9395,925;-509,588;-205,938
2021-02-14;9;18567,088;9750,025;9465,138;-449,950;-169,125
2021-02-14;10;19564,613;10112,375;9445,388;-165,988;184,900
2021-02-14;11;20102,200;9927,813;9548,100;206,325;438,463
2021-02-14;12;20303,425;9304,525;9694,175;662,625;654,025
2021-02-14;13;20072,613;9298,575;9723,788;438,563;628,413
2021-02-14;14;20111,763;9480,963;9871,763;403,775;372,975
2021-02-14;15;19665,763;9565,575;9768,275;-62,788;412,963
2021-02-14;16;19142,838;9309,850;9419,588;-2,975;430,125
2021-02-14;17;19301,588;9571,975;9154,725;202,675;386,225
2021-02-14;18;20600,963;10548,150;9272,913;368,663;420,238
2021-02-14;19;21305,500;11528,850;9387,313;412,250;-9,313
2021-02-14;20;21323,300;11183,000;9308,963;423,775;423,975
2021-02-14;21;20973,813;10526,713;9149,775;683,213;625,613
2021-02-14;22;20126,300;9948,538;8974,500;858,300;357,350
2021-02-14;23;19411,938;9207,350;8713,475;891,063;636,850
2021-02-14;24;18511,963;8836,363;8488,325;726,488;618,538
