Data;Godzina;Krajowe zapotrzebowanie na moc;Sumaryczna generacja JWCD;Sumaryczna generacja nJWCD;Krajowe saldo wymiany miêdzysystemowej równoleg³ej;Krajowe saldo wymiany miêdzysystemowej nierównoleg³ej
2021-08-29;1;14862,788;11091,688;3061,700;179,363;579,675
2021-08-29;2;14281,950;10650,125;2989,588;130,538;558,338
2021-08-29;3;13981,425;10579,088;2963,600;78,988;404,838
2021-08-29;4;13666,988;10718,900;2962,375;-3,338;236,550
2021-08-29;5;13733,850;11295,850;2973,425;-328,113;159,500
2021-08-29;6;13548,363;11277,725;2991,813;-541,188;184,050
2021-08-29;7;13688,925;11287,775;3044,013;-495,988;217,650
2021-08-29;8;14427,275;11244,275;3213,150;-476,125;540,288
2021-08-29;9;15351,725;11464,125;3353,313;-24,588;569,325
2021-08-29;10;16439,063;11990,775;3805,325;179,375;474,225
2021-08-29;11;17289,075;12318,913;4326,838;177,600;480,388
2021-08-29;12;17521,563;12933,125;4472,338;1,150;128,225
2021-08-29;13;17609,250;12841,238;4663,363;-54,700;169,288
2021-08-29;14;17725,338;11904,238;4878,550;812,800;136,988
2021-08-29;15;17123,525;11608,625;4600,350;489,988;426,513
2021-08-29;16;16874,138;11384,388;4553,725;541,275;400,600
2021-08-29;17;17119,200;12267,588;4422,475;375,500;63,513
2021-08-29;18;17170,263;13624,900;4071,700;-320,813;-200,500
2021-08-29;19;17439,200;14752,550;3774,000;-875,075;-204,513
2021-08-29;20;17918,963;15510,713;3548,800;-1193,138;62,075
2021-08-29;21;18524,475;16161,850;3399,188;-1069,388;38,638
2021-08-29;22;17718,838;15491,000;3302,950;-1310,400;248,000
2021-08-29;23;16910,525;14943,488;3280,388;-1403,363;117,063
2021-08-29;24;15801,350;13828,163;3150,325;-1382,638;225,063
