Data;Godzina;Krajowe zapotrzebowanie na moc;Sumaryczna generacja JWCD;Sumaryczna generacja nJWCD;Krajowe saldo wymiany miêdzysystemowej równoleg³ej;Krajowe saldo wymiany miêdzysystemowej nierównoleg³ej
2021-07-10;1;17334,238;14344,775;4650,350;-2518,338;903,150
2021-07-10;2;16589,438;13002,000;4553,075;-1835,813;910,525
2021-07-10;3;16052,438;11553,963;4511,050;-874,088;902,975
2021-07-10;4;15889,925;11075,900;4535,063;-536,788;859,625
2021-07-10;5;15372,850;11290,238;4620,538;-1213,250;719,050
2021-07-10;6;15162,938;11261,463;4695,313;-1432,913;686,075
2021-07-10;7;16105,638;11035,825;4891,738;-316,450;540,600
2021-07-10;8;17341,075;11820,875;5295,588;-56,963;298,113
2021-07-10;9;18433,163;12159,200;5899,113;222,850;162,375
2021-07-10;10;19097,013;12163,713;6336,675;666,350;-62,950
2021-07-10;11;19601,063;11578,500;6836,013;1284,425;-83,913
2021-07-10;12;19967,938;11436,063;7088,625;1546,638;-86,888
2021-07-10;13;19739,338;11587,750;7050,100;1202,375;-85,850
2021-07-10;14;19378,075;11263,613;6886,063;1329,988;-85,913
2021-07-10;15;18974,538;10904,838;6750,925;1418,525;-87,225
2021-07-10;16;18665,450;11005,275;6335,700;1421,300;-85,688
2021-07-10;17;18507,963;11496,688;5883,188;1224,950;-89,263
2021-07-10;18;18584,225;13294,400;5294,100;85,488;-82,325
2021-07-10;19;18816,625;15244,350;4788,738;-1202,413;-6,038
2021-07-10;20;18660,425;16182,138;3948,063;-1890,588;439,175
2021-07-10;21;18333,113;16481,088;3441,538;-2098,113;519,813
2021-07-10;22;18276,788;16554,213;3224,213;-1961,700;477,663
2021-07-10;23;17744,213;16508,413;3186,625;-2298,525;367,275
2021-07-10;24;16489,800;15186,100;3149,400;-2338,913;517,988
