Data;Godzina;Krajowe zapotrzebowanie na moc;Sumaryczna generacja JWCD;Sumaryczna generacja nJWCD;Krajowe saldo wymiany miêdzysystemowej równoleg³ej;Krajowe saldo wymiany miêdzysystemowej nierównoleg³ej
2021-10-26;1;17753,763;11531,563;7234,638;-1772,000;861,738
2021-10-26;2;17271,525;11653,475;6959,700;-1943,250;874,675
2021-10-26;3;17095,813;11792,225;6886,238;-2059,688;869,775
2021-10-26;4;17141,888;12014,375;6873,913;-2244,075;900,938
2021-10-26;5;17474,325;12382,150;6896,475;-2317,725;861,563
2021-10-26;6;18430,038;13016,250;7014,175;-2031,325;780,750
2021-10-26;7;21199,400;15333,163;7164,225;-2083,113;833,975
2021-10-26;8;22918,963;16036,725;7201,400;-1263,988;941,113
2021-10-26;9;23348,088;16364,225;7222,788;-1189,400;956,163
2021-10-26;10;23221,613;16054,838;7253,450;-1025,938;950,288
2021-10-26;11;22880,663;16254,838;7192,825;-1404,100;852,563
2021-10-26;12;22862,138;16475,513;7099,213;-1490,363;795,900
2021-10-26;13;23137,213;16406,863;7206,775;-1067,725;611,300
2021-10-26;14;23281,075;16428,950;6964,638;-848,688;753,663
2021-10-26;15;22993,738;16824,600;6539,300;-1110,025;747,525
2021-10-26;16;22872,025;17194,400;6158,250;-1151,550;682,788
2021-10-26;17;23011,163;17203,688;6152,025;-1250,913;918,200
2021-10-26;18;23445,275;17443,850;6272,288;-1190,488;919,363
2021-10-26;19;24199,775;17809,738;6594,138;-1089,338;884,225
2021-10-26;20;24088,063;17417,738;6877,288;-1105,350;909,050
2021-10-26;21;23462,363;16566,663;6962,238;-1002,613;957,613
2021-10-26;22;21875,675;15251,763;6930,500;-1260,675;967,150
2021-10-26;23;20280,038;13859,975;6797,575;-1335,000;972,788
2021-10-26;24;18801,800;12038,763;6772,963;-791,363;957,038
