Data;Godzina;Krajowe zapotrzebowanie na moc;Sumaryczna generacja JWCD;Sumaryczna generacja nJWCD;Krajowe saldo wymiany miêdzysystemowej równoleg³ej;Krajowe saldo wymiany miêdzysystemowej nierównoleg³ej
2021-08-16;1;14610,700;11373,438;3802,863;-1092,638;1030,863
2021-08-16;2;14195,738;10684,738;4511,438;-1428,200;1117,813
2021-08-16;3;13957,350;9972,613;4964,238;-1161,150;1187,863
2021-08-16;4;13960,450;10005,700;5176,300;-1196,575;1150,338
2021-08-16;5;14356,088;10090,050;5412,963;-928,513;949,338
2021-08-16;6;14810,050;11046,138;5322,763;-1749,913;947,688
2021-08-16;7;17350,250;13410,113;5454,738;-2018,800;561,325
2021-08-16;8;19606,500;16240,850;5304,075;-2038,875;110,375
2021-08-16;9;21062,313;16831,725;5239,988;-648,563;-349,188
2021-08-16;10;21857,438;16420,563;5566,400;-627,950;508,250
2021-08-16;11;22131,213;16695,225;6027,075;-768,763;186,700
2021-08-16;12;22281,138;17205,463;6420,975;-1216,113;-119,213
2021-08-16;13;22488,538;16241,600;6964,000;-574,313;-133,925
2021-08-16;14;22601,438;15947,775;7331,550;-452,463;-218,088
2021-08-16;15;22460,113;15630,325;7521,488;-676,775;-1,850
2021-08-16;16;22453,450;15805,538;7185,238;-627,513;99,200
2021-08-16;17;22374,575;16379,100;6592,188;-851,025;263,175
2021-08-16;18;21791,300;16873,263;5593,250;-1221,688;549,325
2021-08-16;19;21723,500;16471,325;5373,538;-797,375;687,163
2021-08-16;20;21726,863;16345,363;5001,700;-292,325;680,425
2021-08-16;21;22090,425;16050,050;4892,425;564,338;590,913
2021-08-16;22;21060,850;14716,350;4768,400;775,100;818,888
2021-08-16;23;19426,825;13122,800;4737,113;596,363;993,500
2021-08-16;24;17928,600;11667,500;4594,338;1259,850;428,913
