Data;Godzina;Krajowe zapotrzebowanie na moc;Sumaryczna generacja JWCD;Sumaryczna generacja nJWCD;Krajowe saldo wymiany miêdzysystemowej równoleg³ej;Krajowe saldo wymiany miêdzysystemowej nierównoleg³ej
2021-12-28;1;18464,863;10252,788;9259,075;-535,350;70,488
2021-12-28;2;17915,088;10081,713;9286,338;-467,263;115,213
2021-12-28;3;17566,613;10159,988;9200,013;-886,425;132,000
2021-12-28;4;17584,213;10086,538;9213,438;-826,875;131,838
2021-12-28;5;17791,525;10470,263;9023,338;-983,213;125,575
2021-12-28;6;18616,763;10914,000;8916,288;-526,963;4,513
2021-12-28;7;20758,113;12243,438;8858,425;-238,675;-1,288
2021-12-28;8;22381,550;14052,500;9053,850;-706,238;1,038
2021-12-28;9;23521,450;15003,350;9362,888;-831,100;1,488
2021-12-28;10;24456,538;15529,700;9744,100;-838,588;36,413
2021-12-28;11;24957,950;15749,900;9956,650;-921,338;183,863
2021-12-28;12;25237,150;16019,800;9982,100;-1095,313;342,688
2021-12-28;13;25242,388;15903,400;10264,288;-971,825;56,438
2021-12-28;14;25215,975;15856,475;10198,438;-1136,625;337,788
2021-12-28;15;24647,125;15475,013;9982,550;-1126,975;353,138
2021-12-28;16;24483,188;15524,388;9915,850;-1202,688;278,325
2021-12-28;17;24924,463;15793,688;10180,338;-852,013;-196,863
2021-12-28;18;24813,850;15291,588;10292,513;57,375;-819,475
2021-12-28;19;24394,363;14703,563;10316,113;127,675;-736,975
2021-12-28;20;23983,813;14659,150;10353,013;-817,750;-191,188
2021-12-28;21;23478,588;14478,875;10305,013;-439,975;-842,163
2021-12-28;22;22144,463;13773,000;10147,188;-883,300;-868,375
2021-12-28;23;20856,463;13151,613;9844,988;-1062,375;-1048,788
2021-12-28;24;19546,213;12514,163;9437,388;-1265,838;-991,425
