Data;Godzina;Krajowe zapotrzebowanie na moc;Sumaryczna generacja JWCD;Sumaryczna generacja nJWCD;Krajowe saldo wymiany miêdzysystemowej równoleg³ej;Krajowe saldo wymiany miêdzysystemowej nierównoleg³ej
2021-10-30;1;17384,050;9064,938;8281,788;-435,938;487,200
2021-10-30;2;16712,775;8777,788;8048,038;-1036,600;951,925
2021-10-30;3;16424,463;9200,375;7932,638;-1457,275;1010,625
2021-10-30;4;16383,200;9255,713;8034,475;-1585,513;1016,588
2021-10-30;5;16492,075;9086,075;8028,250;-1296,225;999,413
2021-10-30;6;16621,188;9407,638;7972,063;-1412,425;986,950
2021-10-30;7;17548,675;9526,313;7800,325;-662,538;967,450
2021-10-30;8;18477,338;10641,025;7717,513;-872,675;995,200
2021-10-30;9;19176,913;12220,550;7784,875;-1813,788;993,675
2021-10-30;10;19414,875;12285,788;7770,763;-1630,950;994,988
2021-10-30;11;19144,800;11980,438;7375,150;-1170,638;971,188
2021-10-30;12;18988,788;10998,800;7277,563;-186,788;907,688
2021-10-30;13;18627,300;10394,163;7366,163;146,800;723,888
2021-10-30;14;18419,538;9906,138;7619,650;231,650;677,975
2021-10-30;15;18358,750;9660,263;7665,775;406,688;630,788
2021-10-30;16;18614,775;10267,650;7406,713;420,375;524,775
2021-10-30;17;19024,913;11017,775;7512,988;44,313;447,475
2021-10-30;18;19854,400;11391,263;8117,200;64,588;277,513
2021-10-30;19;20763,825;11789,000;8667,088;13,663;288,763
2021-10-30;20;20458,663;11195,138;9013,625;-170,538;426,100
2021-10-30;21;19870,225;10310,313;9230,425;-338,075;676,538
2021-10-30;22;18758,988;9351,038;9079,538;-534,313;869,413
2021-10-30;23;17511,638;8932,013;8895,388;-1115,000;814,225
2021-10-30;24;16396,213;8032,375;8817,875;-1381,100;971,650
