Data;Godzina;Krajowe zapotrzebowanie na moc;Sumaryczna generacja JWCD;Sumaryczna generacja nJWCD;Krajowe saldo wymiany miêdzysystemowej równoleg³ej;Krajowe saldo wymiany miêdzysystemowej nierównoleg³ej
2021-10-15;1;17944,000;10725,088;7696,150;-1372,600;997,400
2021-10-15;2;17331,475;10698,000;7761,800;-1642,875;883,213
2021-10-15;3;16940,613;10393,513;7868,813;-1538,813;748,838
2021-10-15;4;16972,688;10192,788;7970,050;-1253,550;772,338
2021-10-15;5;17315,288;10506,600;8042,788;-1539,900;917,413
2021-10-15;6;18130,163;11334,250;8109,938;-1837,338;955,225
2021-10-15;7;20659,200;13723,400;8385,713;-1961,975;661,888
2021-10-15;8;22257,125;14443,738;8680,200;-1493,700;630,600
2021-10-15;9;22986,825;15218,275;8910,388;-1775,888;639,075
2021-10-15;10;23249,338;14934,188;9405,125;-1738,600;653,800
2021-10-15;11;22905,800;14065,825;10037,863;-1716,925;521,638
2021-10-15;12;22979,550;13301,488;10468,350;-1343,863;559,913
2021-10-15;13;22775,900;12914,013;10689,375;-1341,538;525,200
2021-10-15;14;22656,050;13064,788;10373,888;-1352,975;580,263
2021-10-15;15;22389,213;13592,063;9661,738;-1439,175;576,550
2021-10-15;16;22530,213;14333,863;9033,050;-1494,150;661,588
2021-10-15;17;22766,950;14676,175;8775,013;-1451,713;774,800
2021-10-15;18;22849,550;14998,925;8484,313;-1670,900;1041,363
2021-10-15;19;23527,600;15353,913;8481,800;-1368,213;1059,600
2021-10-15;20;23512,675;15258,413;8420,163;-1221,738;1061,888
2021-10-15;21;22793,425;14598,950;8394,113;-1246,213;1065,025
2021-10-15;22;21309,163;13763,750;8092,788;-1605,050;1074,400
2021-10-15;23;19830,363;13128,275;7782,463;-2135,413;1071,500
2021-10-15;24;18559,600;12141,888;7511,250;-2162,163;1085,288
