Data;Godzina;Krajowe zapotrzebowanie na moc;Sumaryczna generacja JWCD;Sumaryczna generacja nJWCD;Krajowe saldo wymiany miêdzysystemowej równoleg³ej;Krajowe saldo wymiany miêdzysystemowej nierównoleg³ej
2021-03-25;1;18168,613;11068,300;5869,338;442,913;866,863
2021-03-25;2;17542,188;11048,200;5886,800;161,225;719,838
2021-03-25;3;17233,213;10885,663;5936,075;20,250;716,838
2021-03-25;4;17353,013;10848,425;6002,050;153,275;841,788
2021-03-25;5;17652,138;11204,538;6013,525;233,750;862,838
2021-03-25;6;17979,900;11338,363;6093,425;28,275;759,038
2021-03-25;7;20105,700;12553,500;6268,863;389,950;923,488
2021-03-25;8;22081,613;14656,713;6508,638;105,888;817,763
2021-03-25;9;23077,750;14901,250;6471,638;530,900;1188,400
2021-03-25;10;23131,588;14109,050;6595,625;1089,388;1354,288
2021-03-25;11;23074,363;13656,400;6970,375;1110,850;1351,688
2021-03-25;12;23357,950;13707,913;7147,225;1165,213;1348,663
2021-03-25;13;23467,500;13785,913;7201,488;1143,663;1346,313
2021-03-25;14;23246,888;13530,950;6989,338;1385,963;1350,388
2021-03-25;15;22737,350;13352,788;6605,025;1447,550;1350,350
2021-03-25;16;22444,825;13724,163;6143,950;1240,975;1349,300
2021-03-25;17;22375,900;14099,925;5783,713;1152,050;1356,850
2021-03-25;18;22459,025;14639,163;5505,800;965,725;1364,825
2021-03-25;19;23429,450;15903,300;5543,388;626,563;1363,238
2021-03-25;20;23896,788;16132,750;5642,763;766,475;1363,163
2021-03-25;21;23313,713;15217,188;5708,063;1044,925;1366,538
2021-03-25;22;21917,625;13629,413;5589,700;1350,475;1366,075
2021-03-25;23;20383,713;12444,400;5489,988;1111,088;1357,125
2021-03-25;24;19071,775;11202,188;5459,963;1086,113;1346,000
