Data;Godzina;Krajowe zapotrzebowanie na moc;Sumaryczna generacja JWCD;Sumaryczna generacja nJWCD;Krajowe saldo wymiany miêdzysystemowej równoleg³ej;Krajowe saldo wymiany miêdzysystemowej nierównoleg³ej
2021-10-13;1;17998,788;13698,250;5514,275;-2014,513;922,250
2021-10-13;2;17540,875;13620,175;5494,450;-1961,788;802,275
2021-10-13;3;17042,425;13368,163;5462,850;-2165,250;835,263
2021-10-13;4;17047,000;13396,163;5493,913;-2126,100;741,488
2021-10-13;5;17434,075;13686,700;5791,213;-2255,138;668,625
2021-10-13;6;18412,313;14995,338;6009,800;-2191,350;39,525
2021-10-13;7;20993,863;15837,613;6109,638;-1757,975;883,713
2021-10-13;8;22636,950;16488,213;6256,300;-1032,850;932,888
2021-10-13;9;23588,150;17316,100;6333,213;-944,488;883,538
2021-10-13;10;23676,025;17451,750;6312,550;-933,188;866,238
2021-10-13;11;23362,875;17075,900;6572,375;-1020,425;760,013
2021-10-13;12;23475,450;16849,050;6902,863;-1226,875;971,850
2021-10-13;13;23343,088;16717,625;7002,575;-1339,063;978,263
2021-10-13;14;23265,625;16484,838;7128,450;-1325,563;988,300
2021-10-13;15;22884,050;16256,788;7029,388;-1338,300;957,125
2021-10-13;16;22791,838;16480,825;6591,750;-1115,050;854,163
2021-10-13;17;23012,513;16744,588;6477,188;-1167,925;967,163
2021-10-13;18;23070,950;17145,838;5933,088;-932,725;928,713
2021-10-13;19;24051,475;18079,450;5879,938;-635,563;731,513
2021-10-13;20;24430,400;18303,150;6038,138;-701,938;801,000
2021-10-13;21;23711,013;17520,400;6281,725;-1027,913;954,788
2021-10-13;22;22193,438;16306,063;6250,713;-1249,263;910,038
2021-10-13;23;20566,663;15403,813;6129,388;-1943,925;994,575
2021-10-13;24;19234,263;14551,650;5907,563;-2194,900;986,588
