Data;Godzina;Krajowe zapotrzebowanie na moc;Sumaryczna generacja JWCD;Sumaryczna generacja nJWCD;Krajowe saldo wymiany miêdzysystemowej równoleg³ej;Krajowe saldo wymiany miêdzysystemowej nierównoleg³ej
2021-09-19;1;15064,138;12417,788;4269,013;-2148,338;546,725
2021-09-19;2;14485,400;11872,975;4310,713;-2106,613;436,150
2021-09-19;3;14056,963;11567,638;4305,700;-2047,450;439,375
2021-09-19;4;13927,738;11286,550;4293,388;-1600,613;291,563
2021-09-19;5;13859,813;10944,475;4355,750;-1543,150;508,763
2021-09-19;6;13813,288;11041,825;4497,375;-1578,500;241,425
2021-09-19;7;13880,575;11210,688;4662,225;-1653,850;8,463
2021-09-19;8;14526,525;11604,863;4778,988;-1578,463;-6,100
2021-09-19;9;15590,175;12334,113;4845,725;-1562,800;2,100
2021-09-19;10;16420,325;12699,225;5112,638;-1361,288;-17,675
2021-09-19;11;16990,963;13093,725;5469,888;-1454,175;-103,688
2021-09-19;12;17227,888;13212,950;5768,588;-1609,350;-132,350
2021-09-19;13;17530,188;13086,325;5887,138;-1317,900;-109,213
2021-09-19;14;17553,700;12926,625;5901,138;-1329,525;60,513
2021-09-19;15;17137,875;12961,375;5685,738;-1645,225;155,213
2021-09-19;16;16910,863;13169,625;5509,313;-1716,888;-40,275
2021-09-19;17;16864,088;13952,138;5143,963;-1813,313;-406,225
2021-09-19;18;17279,188;15353,663;4895,925;-2059,675;-903,963
2021-09-19;19;17848,950;16379,738;4620,538;-2141,775;-996,163
2021-09-19;20;18917,000;17336,550;4454,663;-2158,500;-710,575
2021-09-19;21;18731,088;17044,650;4345,000;-2123,388;-521,450
2021-09-19;22;17778,100;16020,788;4280,763;-2284,088;-221,150
2021-09-19;23;16905,988;15210,550;4041,738;-2074,538;-250,625
2021-09-19;24;15782,438;13843,250;3788,350;-2087,413;271,475
