Data;Godzina;Krajowe zapotrzebowanie na moc;Sumaryczna generacja JWCD;Sumaryczna generacja nJWCD;Krajowe saldo wymiany miêdzysystemowej równoleg³ej;Krajowe saldo wymiany miêdzysystemowej nierównoleg³ej
2021-06-13;1;14407,475;7182,425;7002,763;75,988;175,463
2021-06-13;2;13793,188;6623,388;7126,275;-17,175;167,738
2021-06-13;3;13364,888;6405,363;7083,700;-161,025;148,963
2021-06-13;4;13095,313;6433,375;7017,988;-148,275;126,788
2021-06-13;5;12443,663;6466,413;6950,988;-245,975;166,550
2021-06-13;6;12380,350;6467,575;7024,150;-288,550;162,525
2021-06-13;7;12812,175;6594,563;7296,813;-82,200;154,088
2021-06-13;8;13652,263;6755,225;7860,150;43,513;160,038
2021-06-13;9;14542,263;6858,188;8339,238;-2,888;174,963
2021-06-13;10;15310,950;6902,638;8513,775;45,688;159,288
2021-06-13;11;15837,413;6994,413;8679,638;188,213;5,763
2021-06-13;12;16271,375;6986,500;9042,650;220,888;44,138
2021-06-13;13;16144,913;7186,850;8965,613;-52,800;58,838
2021-06-13;14;16065,275;6838,125;9108,063;350,475;-215,763
2021-06-13;15;15614,675;6407,613;9222,563;396,850;-234,663
2021-06-13;16;15342,225;6408,250;9041,550;340,175;-260,488
2021-06-13;17;15475,213;6738,325;8915,325;288,438;-190,238
2021-06-13;18;15549,913;7253,875;8255,613;-72,788;441,388
2021-06-13;19;15918,525;8242,838;7609,025;-364,638;516,313
2021-06-13;20;16362,888;10219,938;6708,950;-611,575;56,025
2021-06-13;21;16722,550;12425,650;5667,238;-1281,825;-78,450
2021-06-13;22;16892,300;13239,525;5196,350;-1441,625;-91,400
2021-06-13;23;16723,875;12778,363;5403,763;-1372,350;-65,925
2021-06-13;24;15654,350;11598,613;5365,175;-1267,588;-24,013
