Data;Godzina;Krajowe zapotrzebowanie na moc;Sumaryczna generacja JWCD;Sumaryczna generacja nJWCD;Krajowe saldo wymiany miêdzysystemowej równoleg³ej;Krajowe saldo wymiany miêdzysystemowej nierównoleg³ej
2021-08-25;1;16878,075;14201,538;3883,913;-1485,338;471,338
2021-08-25;2;16319,525;13755,550;3632,863;-1453,138;633,625
2021-08-25;3;15889,588;13584,488;3459,388;-1520,663;681,900
2021-08-25;4;15886,275;13480,800;3407,688;-1267,075;693,325
2021-08-25;5;16065,413;13497,150;3492,438;-1183,013;686,825
2021-08-25;6;16287,000;14217,313;3720,313;-1990,925;679,388
2021-08-25;7;18392,738;16425,075;3990,163;-2561,363;604,300
2021-08-25;8;20116,938;17612,388;4404,150;-2546,325;686,463
2021-08-25;9;20884,238;17459,400;4938,200;-2173,850;685,063
2021-08-25;10;20993,425;16659,363;5749,813;-2073,263;674,050
2021-08-25;11;21241,138;15353,588;6522,713;-1050,563;438,263
2021-08-25;12;21477,338;14593,263;6730,888;-398,288;578,525
2021-08-25;13;21751,975;14270,000;7342,850;-484,988;653,050
2021-08-25;14;21475,338;13703,875;7551,113;-425,313;666,275
2021-08-25;15;21076,263;13579,150;7660,863;-655,238;500,350
2021-08-25;16;21412,375;13502,513;7860,525;-399,900;456,525
2021-08-25;17;21117,538;13559,875;7446,975;-331,763;444,638
2021-08-25;18;21100,563;14680,125;6816,875;-1050,613;653,750
2021-08-25;19;21124,238;16522,325;6324,450;-2070,963;357,200
2021-08-25;20;21494,388;17567,738;5971,338;-2373,175;325,513
2021-08-25;21;22332,425;17926,125;6249,238;-2377,663;542,913
2021-08-25;22;21093,763;16741,300;6347,100;-2353,138;375,125
2021-08-25;23;19298,450;14139,763;6170,850;-1545,250;557,075
2021-08-25;24;18027,925;12968,763;6100,138;-1701,600;686,575
