Data;Godzina;Krajowe zapotrzebowanie na moc;Sumaryczna generacja JWCD;Sumaryczna generacja nJWCD;Krajowe saldo wymiany miêdzysystemowej równoleg³ej;Krajowe saldo wymiany miêdzysystemowej nierównoleg³ej
2021-07-15;1;17860,988;13724,775;4411,738;597,500;-9,675
2021-07-15;2;17092,638;14285,413;3868,613;-499,488;361,925
2021-07-15;3;16827,163;14217,625;3787,875;-812,875;610,600
2021-07-15;4;16894,725;14398,013;3549,000;-785,475;718,213
2021-07-15;5;16726,188;14535,588;3555,488;-780,250;392,725
2021-07-15;6;17062,738;15581,838;3769,200;-1219,663;-11,550
2021-07-15;7;19249,200;16130,700;3986,038;-450,288;84,038
2021-07-15;8;21115,138;16807,175;4106,900;54,563;216,400
2021-07-15;9;22441,288;17372,913;4360,400;521,850;231,963
2021-07-15;10;23100,300;17800,200;4784,000;373,175;179,850
2021-07-15;11;23501,213;17659,663;5105,938;503,438;272,363
2021-07-15;12;24197,963;18048,700;5497,625;407,125;280,650
2021-07-15;13;24316,075;17835,238;5633,725;580,063;273,425
2021-07-15;14;24094,063;17808,575;5687,438;329,000;271,963
2021-07-15;15;23438,350;17478,238;5342,600;351,425;272,950
2021-07-15;16;23393,988;17431,038;5207,388;475,800;290,350
2021-07-15;17;22979,738;17516,988;4732,650;450,775;294,175
2021-07-15;18;22818,613;17690,550;4342,413;511,725;279,188
2021-07-15;19;22685,513;18175,325;4209,000;41,438;277,575
2021-07-15;20;22808,600;18771,238;3842,500;-121,525;324,800
2021-07-15;21;22564,850;18776,400;3568,738;-35,513;268,700
2021-07-15;22;22329,575;18741,400;3405,375;240,538;-46,925
2021-07-15;23;21211,213;17608,700;3276,400;373,300;-34,738
2021-07-15;24;19620,100;16755,775;3099,613;-540,675;484,213
