Data;Godzina;Krajowe zapotrzebowanie na moc;Sumaryczna generacja JWCD;Sumaryczna generacja nJWCD;Krajowe saldo wymiany miêdzysystemowej równoleg³ej;Krajowe saldo wymiany miêdzysystemowej nierównoleg³ej
2021-12-06;1;17192,450;13500,700;6131,400;-1524,338;-761,275
2021-12-06;2;16736,688;13431,738;6078,400;-1581,463;-925,275
2021-12-06;3;16540,700;13279,575;6207,913;-1650,138;-1006,138
2021-12-06;4;16583,900;13438,050;6220,788;-1651,775;-1004,625
2021-12-06;5;17041,338;14088,963;6081,713;-1633,763;-1000,600
2021-12-06;6;18391,538;15305,213;6046,350;-1529,813;-923,675
2021-12-06;7;21673,388;16511,175;6056,563;-212,013;-356,713
2021-12-06;8;23759,588;17592,500;6106,188;552,538;-489,538
2021-12-06;9;25012,250;18172,938;6217,000;1117,738;-497,625
2021-12-06;10;25793,963;18568,388;6223,875;1623,063;-606,650
2021-12-06;11;25890,938;18795,200;6242,225;1431,175;-570,863
2021-12-06;12;26293,075;18657,575;6228,000;1566,488;-158,263
2021-12-06;13;26518,375;18871,675;6230,263;1473,388;-44,763
2021-12-06;14;26582,513;18890,875;6121,588;1529,775;47,650
2021-12-06;15;26250,850;18848,225;6007,425;1404,413;-11,113
2021-12-06;16;26169,713;19125,313;5873,088;1389,125;-211,850
2021-12-06;17;26605,700;19911,888;5894,438;1440,788;-644,013
2021-12-06;18;26403,775;19899,475;5903,038;1483,838;-877,550
2021-12-06;19;26076,700;19121,663;5927,663;1824,788;-799,388
2021-12-06;20;25910,000;19139,125;5820,838;1631,788;-667,000
2021-12-06;21;25242,175;18641,025;5683,088;1355,988;-428,800
2021-12-06;22;23711,838;17972,425;5528,913;715,413;-486,425
2021-12-06;23;22189,913;16683,750;5411,213;162,763;-63,200
2021-12-06;24;20828,125;15513,875;5389,700;-47,263;-6,900
