Data;Godzina;Krajowe zapotrzebowanie na moc;Sumaryczna generacja JWCD;Sumaryczna generacja nJWCD;Krajowe saldo wymiany miêdzysystemowej równoleg³ej;Krajowe saldo wymiany miêdzysystemowej nierównoleg³ej
2021-03-17;1;18242,038;9849,313;6497,888;1240,400;765,913
2021-03-17;2;17620,850;10085,675;6457,950;669,338;765,388
2021-03-17;3;17491,338;10335,475;6436,225;307,575;764,800
2021-03-17;4;17480,988;10440,238;6430,975;199,088;761,013
2021-03-17;5;17798,813;10374,988;6460,050;360,650;759,188
2021-03-17;6;18379,925;10381,175;6569,125;676,513;767,975
2021-03-17;7;20533,713;11935,738;6813,400;1000,888;795,938
2021-03-17;8;22638,238;13664,013;7083,288;1111,613;791,613
2021-03-17;9;23768,738;14078,000;7457,375;1372,163;874,750
2021-03-17;10;24068,750;13979,588;7723,488;1504,888;878,538
2021-03-17;11;23997,375;13727,050;7927,263;1484,000;876,588
2021-03-17;12;23993,050;13841,850;7976,525;1322,088;869,375
2021-03-17;13;24183,900;13856,000;8245,350;1236,563;864,000
2021-03-17;14;24333,288;13599,050;8407,588;1473,725;868,238
2021-03-17;15;23874,350;13110,313;8445,375;1462,075;868,238
2021-03-17;16;23420,850;12801,838;8181,550;1589,013;865,888
2021-03-17;17;23258,788;13025,813;7867,838;1513,763;867,700
2021-03-17;18;23365,738;13846,850;7544,138;1113,663;876,550
2021-03-17;19;24336,525;15755,138;7313,488;424,363;848,025
2021-03-17;20;24539,763;16454,613;7425,113;-147,788;815,263
2021-03-17;21;23716,625;14264,038;7399,688;1193,788;876,788
2021-03-17;22;22263,700;12681,825;7421,713;1303,900;871,863
2021-03-17;23;20775,525;11321,425;7184,263;1425,475;863,663
2021-03-17;24;19398,113;10454,625;6903,538;1217,950;843,238
