Data;Godzina;Krajowe zapotrzebowanie na moc;Sumaryczna generacja JWCD;Sumaryczna generacja nJWCD;Krajowe saldo wymiany miêdzysystemowej równoleg³ej;Krajowe saldo wymiany miêdzysystemowej nierównoleg³ej
2021-08-07;1;15950,475;9516,088;3834,175;1444,513;1175,425
2021-08-07;2;15233,863;9136,313;3879,200;1075,413;1164,138
2021-08-07;3;14873,450;9123,863;3995,550;674,200;1095,100
2021-08-07;4;14749,188;9211,713;4006,950;459,613;1086,625
2021-08-07;5;14693,463;9389,038;4005,575;216,013;1098,900
2021-08-07;6;14181,725;9244,375;3929,463;51,213;975,625
2021-08-07;7;15160,113;9524,438;4157,925;593,038;898,400
2021-08-07;8;16416,325;10206,250;4495,100;1035,713;702,438
2021-08-07;9;17564,800;10612,050;4926,838;1402,038;642,525
2021-08-07;10;18259,838;10616,725;5706,225;1318,300;633,963
2021-08-07;11;18356,088;10480,300;6245,538;1029,163;623,638
2021-08-07;12;18421,413;10285,638;6482,050;1007,613;673,538
2021-08-07;13;18482,850;10074,800;6663,788;1121,025;632,963
2021-08-07;14;18389,263;9848,225;6638,738;1235,663;677,325
2021-08-07;15;17887,825;9610,138;6326,025;1192,775;757,538
2021-08-07;16;17620,863;9832,025;5830,125;1170,275;790,513
2021-08-07;17;17696,250;10369,750;5486,488;1109,363;742,275
2021-08-07;18;17924,613;11192,538;5001,263;1186,538;556,063
2021-08-07;19;18074,438;12378,888;4234,275;1252,025;227,013
2021-08-07;20;17896,488;13075,038;3587,100;1141,263;104,913
2021-08-07;21;17999,438;12608,813;3475,300;1564,963;361,013
2021-08-07;22;17955,588;12040,025;3773,525;1615,050;544,200
2021-08-07;23;16698,725;10375,813;4164,650;1167,275;1009,100
2021-08-07;24;15491,063;9187,550;4463,425;1432,725;424,950
