Data;Godzina;Krajowe zapotrzebowanie na moc;Sumaryczna generacja JWCD;Sumaryczna generacja nJWCD;Krajowe saldo wymiany miêdzysystemowej równoleg³ej;Krajowe saldo wymiany miêdzysystemowej nierównoleg³ej
2021-09-30;1;17090,850;10772,250;5775,713;-6,450;823,763
2021-09-30;2;16519,613;11006,775;5566,375;-403,125;871,688
2021-09-30;3;16180,500;11228,513;5365,763;-638,175;836,125
2021-09-30;4;16202,613;11310,825;5363,000;-696,900;839,050
2021-09-30;5;16539,625;11232,800;5476,938;-369,738;725,738
2021-09-30;6;17345,250;12599,475;5483,363;-1045,788;648,000
2021-09-30;7;19792,750;15420,675;5592,075;-1959,263;779,450
2021-09-30;8;21546,275;15969,450;5802,900;-1356,963;1131,950
2021-09-30;9;22378,088;16272,475;5999,425;-1022,625;1134,363
2021-09-30;10;22611,788;16423,925;6184,363;-745,200;767,400
2021-09-30;11;22435,663;15826,300;6584,438;-308,475;357,438
2021-09-30;12;22615,675;15357,438;6758,863;259,288;245,213
2021-09-30;13;22719,800;15572,438;7078,713;275,688;-192,638
2021-09-30;14;22488,475;15856,700;7196,238;-203,388;-345,888
2021-09-30;15;22262,825;15962,050;7187,600;-746,425;-136,400
2021-09-30;16;22345,988;15341,925;6820,788;-405,688;590,163
2021-09-30;17;22039,350;15823,425;6317,250;-841,863;748,288
2021-09-30;18;22095,125;16278,188;5813,813;-1127,475;1139,913
2021-09-30;19;22662,263;17214,338;5476,025;-1199,863;1180,238
2021-09-30;20;23606,425;17938,663;5597,625;-1079,463;1163,463
2021-09-30;21;22939,713;17140,875;5782,313;-1141,925;1178,950
2021-09-30;22;21318,950;15697,550;5780,225;-1316,663;1182,813
2021-09-30;23;19823,638;14970,250;5552,813;-1704,400;1028,300
2021-09-30;24;18499,700;13179,788;5216,550;-1002,438;1127,175
