Data;Godzina;Krajowe zapotrzebowanie na moc;Sumaryczna generacja JWCD;Sumaryczna generacja nJWCD;Krajowe saldo wymiany miêdzysystemowej równoleg³ej;Krajowe saldo wymiany miêdzysystemowej nierównoleg³ej
2021-12-15;1;19578,625;14228,438;6072,513;-1750,900;1127,913
2021-12-15;2;19010,975;13977,263;6070,725;-1645,713;1082,475
2021-12-15;3;18648,150;13886,113;6057,800;-1663,963;1093,713
2021-12-15;4;18584,425;13879,350;6080,525;-1756,338;1126,763
2021-12-15;5;18930,438;14030,688;6110,063;-1601,500;1132,163
2021-12-15;6;19912,713;14532,475;6312,850;-1496,163;1124,013
2021-12-15;7;22539,625;16055,825;6585,063;-1165,675;1115,663
2021-12-15;8;24430,738;17238,475;6797,950;-585,350;989,175
2021-12-15;9;25267,638;17945,275;6941,925;-654,388;1041,250
2021-12-15;10;25632,113;18046,463;7318,625;-833,600;1101,375
2021-12-15;11;25551,625;17807,363;7741,075;-1105,063;1117,188
2021-12-15;12;25998,513;17998,875;7989,963;-1054,425;1069,275
2021-12-15;13;26026,988;18207,238;7968,488;-1118,600;976,925
2021-12-15;14;26071,588;18217,725;7937,488;-1041,363;969,188
2021-12-15;15;25716,713;17945,363;7880,513;-1071,025;963,025
2021-12-15;16;25718,038;17980,700;7828,563;-1030,738;946,625
2021-12-15;17;26094,688;18198,850;7943,725;-1070,488;1031,550
2021-12-15;18;25833,788;17694,763;8119,450;-1075,938;1099,850
2021-12-15;19;25393,038;17050,375;8279,050;-1041,763;1113,175
2021-12-15;20;25172,213;16725,088;8393,263;-1045,213;1114,488
2021-12-15;21;24522,288;15943,350;8428,713;-950,013;1118,063
2021-12-15;22;23108,138;14685,550;8358,250;-1039,513;1131,088
2021-12-15;23;21588,188;14040,625;8257,275;-1806,375;1112,888
2021-12-15;24;20157,425;12964,600;8243,113;-2152,075;1132,363
