Data;Godzina;Krajowe zapotrzebowanie na moc;Sumaryczna generacja JWCD;Sumaryczna generacja nJWCD;Krajowe saldo wymiany miêdzysystemowej równoleg³ej;Krajowe saldo wymiany miêdzysystemowej nierównoleg³ej
2021-08-26;1;17000,725;11995,813;5818,625;-1385,550;697,925
2021-08-26;2;16363,688;12091,600;5494,825;-1441,113;675,525
2021-08-26;3;16149,413;12576,625;5187,325;-1537,688;652,388
2021-08-26;4;15999,700;12706,825;4945,600;-1561,625;614,450
2021-08-26;5;16268,513;12976,125;4719,650;-1266,313;501,088
2021-08-26;6;16546,600;13843,250;4509,913;-1756,900;506,075
2021-08-26;7;18414,013;15705,913;4530,388;-2245,225;527,650
2021-08-26;8;20351,213;15789,025;4604,363;-433,713;397,263
2021-08-26;9;21383,638;16578,150;4635,525;-323,588;507,513
2021-08-26;10;21972,938;16801,525;5002,688;-299,088;484,350
2021-08-26;11;21992,063;16708,913;5273,750;-573,350;609,988
2021-08-26;12;22385,300;16842,300;5493,275;-590,488;651,063
2021-08-26;13;22742,963;16779,463;5708,963;-390,375;654,525
2021-08-26;14;22391,663;16513,400;5428,875;-220,638;686,425
2021-08-26;15;21805,688;16247,663;4981,025;-95,075;680,800
2021-08-26;16;22019,413;16441,588;4992,588;-82,150;675,913
2021-08-26;17;21751,400;16640,925;4527,800;-75,750;666,238
2021-08-26;18;21669,425;16898,000;4241,788;136,313;409,638
2021-08-26;19;21555,163;17511,138;3851,938;-65,838;272,275
2021-08-26;20;21856,975;18220,950;3552,838;-233,463;323,400
2021-08-26;21;22508,513;18289,888;3558,400;176,475;496,088
2021-08-26;22;21270,438;17722,438;3571,300;-416,550;417,325
2021-08-26;23;19666,825;17121,413;3499,550;-1563,475;637,175
2021-08-26;24;18277,225;15712,363;3366,438;-1372,675;595,200
