Data;Godzina;Krajowe zapotrzebowanie na moc;Sumaryczna generacja JWCD;Sumaryczna generacja nJWCD;Krajowe saldo wymiany miêdzysystemowej równoleg³ej;Krajowe saldo wymiany miêdzysystemowej nierównoleg³ej
2021-11-21;1;15779,025;8250,000;9143,475;-1901,050;597,863
2021-11-21;2;15210,763;8315,325;9150,325;-2059,313;565,188
2021-11-21;3;14765,450;8113,938;9036,063;-2105,438;587,750
2021-11-21;4;14669,825;7880,088;9225,450;-2149,550;575,513
2021-11-21;5;14695,088;7965,125;9085,300;-2015,925;515,475
2021-11-21;6;14852,638;8142,650;9019,325;-1947,738;428,000
2021-11-21;7;15343,025;8282,938;8843,000;-1882,713;779,650
2021-11-21;8;15563,450;8007,088;8826,313;-1869,925;677,363
2021-11-21;9;16403,413;8886,438;8866,638;-1750,600;416,175
2021-11-21;10;17217,425;9883,425;8709,150;-1788,963;427,213
2021-11-21;11;17931,700;10469,088;8854,913;-1806,425;428,975
2021-11-21;12;18564,725;11281,588;8813,925;-1895,325;374,113
2021-11-21;13;18890,325;11956,088;8322,438;-1613,688;247,875
2021-11-21;14;19216,975;12445,300;7700,975;-1392,425;484,688
2021-11-21;15;19015,425;12803,063;6956,988;-1368,288;643,500
2021-11-21;16;18881,550;13497,938;6267,450;-1516,038;649,275
2021-11-21;17;19643,100;14087,050;5995,363;-1295,300;872,113
2021-11-21;18;19896,425;14272,338;5924,588;-1209,100;926,113
2021-11-21;19;19884,838;14437,100;5875,800;-1404,675;994,000
2021-11-21;20;19866,300;14540,975;5722,375;-1371,463;983,950
2021-11-21;21;19471,875;14274,438;5651,913;-1356,400;922,825
2021-11-21;22;18628,850;13638,163;5500,400;-1360,088;870,413
2021-11-21;23;18015,075;13426,850;5425,163;-1528,113;734,400
2021-11-21;24;17028,150;12654,688;5289,988;-1524,638;684,638
