Data;Godzina;Krajowe zapotrzebowanie na moc;Sumaryczna generacja JWCD;Sumaryczna generacja nJWCD;Krajowe saldo wymiany miêdzysystemowej równoleg³ej;Krajowe saldo wymiany miêdzysystemowej nierównoleg³ej
2021-07-28;1;17555,775;15101,113;3199,200;-1588,925;885,050
2021-07-28;2;16781,413;13383,638;3183,663;-493,850;887,213
2021-07-28;3;16360,088;12772,225;3085,338;-76,163;885,075
2021-07-28;4;16380,363;13089,613;3065,063;-396,900;886,588
2021-07-28;5;16311,588;13153,400;3095,900;-515,363;889,500
2021-07-28;6;16455,338;13913,900;3170,138;-1165,875;887,100
2021-07-28;7;18698,650;16465,063;3533,375;-1529,288;349,875
2021-07-28;8;20694,288;16926,088;4016,450;-490,825;247,675
2021-07-28;9;22125,288;17466,213;4459,000;101,138;104,063
2021-07-28;10;22577,888;17465,988;4849,825;306,113;-30,650
2021-07-28;11;22746,275;16941,950;5392,838;525,425;-103,325
2021-07-28;12;23248,563;17096,050;5877,713;405,788;-113,088
2021-07-28;13;23561,213;17158,888;6023,425;500,875;-112,825
2021-07-28;14;23444,775;17295,863;5862,750;412,988;-113,175
2021-07-28;15;23096,438;17066,413;5616,513;534,713;-110,075
2021-07-28;16;23347,725;17293,963;5731,250;442,600;-114,150
2021-07-28;17;23063,263;17633,288;5280,188;266,963;-112,338
2021-07-28;18;22674,013;17807,225;4750,500;225,638;-105,438
2021-07-28;19;22229,613;17512,325;4344,250;480,363;-100,438
2021-07-28;20;22193,500;17924,950;4060,588;162,750;51,725
2021-07-28;21;22088,688;17562,488;3887,925;290,250;355,975
2021-07-28;22;21621,163;17252,888;3809,325;285,275;289,925
2021-07-28;23;19951,525;15420,450;3997,888;-136,600;692,363
2021-07-28;24;18402,175;12856,975;4210,338;534,613;865,138
