Data;Godzina;Krajowe zapotrzebowanie na moc;Sumaryczna generacja JWCD;Sumaryczna generacja nJWCD;Krajowe saldo wymiany miêdzysystemowej równoleg³ej;Krajowe saldo wymiany miêdzysystemowej nierównoleg³ej
2021-07-12;1;15388,575;12753,563;4341,875;-2125,638;771,100
2021-07-12;2;14876,063;12337,513;4210,475;-2083,775;757,825
2021-07-12;3;14540,025;11986,600;4021,625;-1888,163;776,163
2021-07-12;4;14556,825;11801,888;3981,150;-1669,238;852,413
2021-07-12;5;14474,650;12209,400;3913,288;-1932,200;793,713
2021-07-12;6;15136,188;13069,863;3983,625;-1828,625;361,488
2021-07-12;7;18049,013;15185,125;4109,250;-1271,263;125,050
2021-07-12;8;20374,438;16296,100;4317,063;-277,288;50,388
2021-07-12;9;21662,863;17346,313;4577,950;-285,725;37,563
2021-07-12;10;22334,163;17373,888;4886,950;21,738;77,475
2021-07-12;11;22914,663;17652,863;5396,313;-191,500;75,963
2021-07-12;12;23106,813;17697,700;5646,750;-299,213;79,125
2021-07-12;13;23496,813;17344,588;6071,000;11,988;80,938
2021-07-12;14;23396,863;17030,313;6042,600;255,100;79,713
2021-07-12;15;23446,850;16473,400;6451,613;452,175;79,775
2021-07-12;16;23266,000;16675,200;6058,988;457,688;81,950
2021-07-12;17;22657,700;17157,800;5482,050;-64,563;82,175
2021-07-12;18;22517,025;17490,950;5104,675;-180,650;113,900
2021-07-12;19;22111,863;17346,250;4849,050;-532,038;461,600
2021-07-12;20;22132,663;17714,038;4235,063;-399,725;593,275
2021-07-12;21;21942,588;17762,950;3965,988;-526,438;752,650
2021-07-12;22;21538,688;17492,663;3806,838;-323,988;573,388
2021-07-12;23;20261,288;16655,950;3993,113;-908,275;531,938
2021-07-12;24;18846,825;15986,450;4044,175;-1753,513;591,125
