Data;Godzina;Krajowe zapotrzebowanie na moc;Sumaryczna generacja JWCD;Sumaryczna generacja nJWCD;Krajowe saldo wymiany miêdzysystemowej równoleg³ej;Krajowe saldo wymiany miêdzysystemowej nierównoleg³ej
2021-12-02;1;18634,575;9846,088;10658,688;-1327,900;-181,763
2021-12-02;2;18076,838;9889,050;10550,388;-1087,313;-181,113
2021-12-02;3;17659,463;9934,400;10465,325;-1278,275;-180,188
2021-12-02;4;17816,450;9925,688;10526,363;-1179,913;-192,225
2021-12-02;5;18139,088;10817,550;10568,650;-1762,813;-353,725
2021-12-02;6;19093,875;12417,513;10487,025;-2319,038;-869,338
2021-12-02;7;21767,613;14159,600;10637,638;-2283,163;-646,825
2021-12-02;8;23580,388;15668,688;10797,650;-1722,688;-1158,325
2021-12-02;9;24401,950;16240,925;10957,538;-1573,038;-1220,950
2021-12-02;10;24499,925;15888,638;11256,613;-1425,425;-1215,688
2021-12-02;11;24179,750;15289,338;11361,425;-1241,825;-1218,938
2021-12-02;12;24518,525;15640,325;11488,900;-1387,338;-1221,588
2021-12-02;13;24432,788;15441,838;11259,775;-1020,750;-1235,975
2021-12-02;14;24855,625;15981,350;11142,725;-1040,038;-1232,875
2021-12-02;15;24914,550;16167,388;10807,525;-841,338;-1219,838
2021-12-02;16;25208,675;16597,375;10156,088;-320,525;-1230,625
2021-12-02;17;25828,550;17340,138;9799,988;-96,613;-1231,138
2021-12-02;18;25650,750;17520,763;9563,825;-214,550;-1230,388
2021-12-02;19;25392,200;17709,150;9525,800;-610,838;-1234,525
2021-12-02;20;25272,963;17472,750;9356,975;-347,475;-1204,063
2021-12-02;21;24618,338;17250,875;8915,750;-623,513;-913,738
2021-12-02;22;23106,700;16982,725;8437,800;-1274,000;-1028,025
2021-12-02;23;21422,338;15475,338;7997,863;-1396,450;-632,213
2021-12-02;24;20119,663;14970,225;7831,063;-1443,725;-917,650
