Data;Godzina;Krajowe zapotrzebowanie na moc;Sumaryczna generacja JWCD;Sumaryczna generacja nJWCD;Krajowe saldo wymiany miêdzysystemowej równoleg³ej;Krajowe saldo wymiany miêdzysystemowej nierównoleg³ej
2021-11-25;1;18860,150;13954,900;6255,038;-2092,588;977,588
2021-11-25;2;18267,000;13562,488;6191,663;-2075,013;987,225
2021-11-25;3;17895,638;13439,913;6203,275;-2288,213;979,700
2021-11-25;4;17900,775;13423,675;6255,000;-2317,013;978,438
2021-11-25;5;18336,300;13588,738;6377,313;-2213,100;991,450
2021-11-25;6;19265,363;14155,213;6507,400;-2067,875;988,263
2021-11-25;7;22075,763;16043,825;6723,975;-1645,813;985,763
2021-11-25;8;23678,975;16813,288;7121,538;-1239,538;978,050
2021-11-25;9;24141,513;16957,175;7381,713;-1164,050;970,275
2021-11-25;10;24092,288;16970,800;7663,813;-1510,988;965,013
2021-11-25;11;23665,788;16497,850;7907,850;-1705,800;970,213
2021-11-25;12;23785,213;16498,275;7920,838;-1602,013;970,475
2021-11-25;13;24127,038;16685,663;7947,575;-1461,150;966,338
2021-11-25;14;24747,700;17421,500;7771,100;-1412,375;966,825
2021-11-25;15;24903,838;17912,988;7447,125;-1430,513;969,313
2021-11-25;16;25185,875;18016,400;7403,100;-1200,013;968,050
2021-11-25;17;25754,600;18396,313;7727,938;-1330,163;961,913
2021-11-25;18;25528,188;17501,013;8253,138;-1202,050;979,900
2021-11-25;19;25055,813;16607,838;8487,425;-989,300;973,938
2021-11-25;20;24912,775;16516,625;8815,500;-1366,613;965,425
2021-11-25;21;24140,688;16069,788;9020,288;-1898,238;956,913
2021-11-25;22;22583,600;15486,825;9129,625;-2342,075;319,175
2021-11-25;23;21110,738;14147,850;9185,338;-2440,050;236,050
2021-11-25;24;19696,838;12539,613;9187,725;-2569,950;676,775
