Data;Godzina;Krajowe zapotrzebowanie na moc;Sumaryczna generacja JWCD;Sumaryczna generacja nJWCD;Krajowe saldo wymiany miêdzysystemowej równoleg³ej;Krajowe saldo wymiany miêdzysystemowej nierównoleg³ej
2021-10-20;1;17410,500;9566,538;7968,675;-1002,338;983,438
2021-10-20;2;16837,313;9383,313;8090,950;-1156,638;1003,113
2021-10-20;3;16525,213;9215,388;8265,963;-1187,075;998,238
2021-10-20;4;16546,100;9082,863;8453,413;-1108,250;994,863
2021-10-20;5;16869,850;9302,388;8638,525;-1202,288;937,338
2021-10-20;6;17807,063;10080,788;8807,425;-1309,363;576,100
2021-10-20;7;20530,513;12742,375;8884,438;-1399,438;502,650
2021-10-20;8;22166,850;14186,475;9037,213;-1469,900;410,888
2021-10-20;9;22900,463;14984,788;9259,250;-1552,575;220,338
2021-10-20;10;23052,075;14695,250;9487,338;-1221,450;106,838
2021-10-20;11;22487,975;13484,438;9885,725;-1148,800;290,138
2021-10-20;12;22329,638;12788,488;10188,050;-1017,763;382,138
2021-10-20;13;22169,863;11985,450;10759,150;-884,413;326,313
2021-10-20;14;21986,950;11572,688;10919,288;-876,063;389,350
2021-10-20;15;21778,575;11549,525;10740,575;-925,650;422,350
2021-10-20;16;22033,200;12171,400;10388,800;-943,200;417,213
2021-10-20;17;22053,325;12565,175;10122,200;-1127,825;496,538
2021-10-20;18;22431,313;13752,588;9923,663;-1694,775;462,963
2021-10-20;19;23403,175;14869,525;9929,225;-1792,113;391,913
2021-10-20;20;23446,838;14377,500;10009,025;-1442,438;512,238
2021-10-20;21;22795,388;13752,750;9712,088;-1531,663;872,675
2021-10-20;22;21303,163;12144,938;9496,525;-1316,288;982,675
2021-10-20;23;19609,325;10673,900;9299,400;-1340,175;985,225
2021-10-20;24;18234,000;9623,200;9121,200;-1455,925;987,613
