Data;Godzina;Krajowe zapotrzebowanie na moc;Sumaryczna generacja JWCD;Sumaryczna generacja nJWCD;Krajowe saldo wymiany miêdzysystemowej równoleg³ej;Krajowe saldo wymiany miêdzysystemowej nierównoleg³ej
2021-10-28;1;17995,038;11879,325;6934,438;-1459,138;998,188
2021-10-28;2;17389,438;11893,250;6634,113;-1746,813;1006,438
2021-10-28;3;17166,063;11940,588;6450,975;-1814,413;988,738
2021-10-28;4;17156,075;12296,850;6219,013;-2000,363;994,900
2021-10-28;5;17519,338;13104,025;6042,038;-2286,388;994,413
2021-10-28;6;18320,688;14455,675;5826,963;-2621,225;994,750
2021-10-28;7;21040,538;16068,713;5890,925;-1689,438;995,850
2021-10-28;8;22870,013;17098,963;6026,225;-1236,200;989,875
2021-10-28;9;23408,663;17178,100;6254,713;-992,813;987,463
2021-10-28;10;23192,300;16844,275;6353,863;-979,513;987,650
2021-10-28;11;22614,400;16606,263;6356,313;-1328,788;986,288
2021-10-28;12;22515,750;16395,788;6637,825;-1490,288;988,363
2021-10-28;13;22375,813;16057,200;6787,275;-1235,063;790,388
2021-10-28;14;22316,475;15908,200;6706,500;-1015,113;734,663
2021-10-28;15;22097,700;16087,388;6344,725;-1066,950;745,050
2021-10-28;16;22295,925;16613,875;5908,463;-1129,788;909,188
2021-10-28;17;22689,000;17101,900;5525,013;-911,950;973,988
2021-10-28;18;23186,425;17722,175;5595,438;-1054,075;936,325
2021-10-28;19;24170,700;18008,025;6460,975;-1119,950;831,413
2021-10-28;20;24132,238;17057,075;7188,325;-1006,288;911,338
2021-10-28;21;23517,650;16115,588;7524,638;-1089,038;982,613
2021-10-28;22;22039,975;14473,738;7667,963;-1084,263;1004,925
2021-10-28;23;20334,238;12674,025;7768,625;-1102,875;1005,725
2021-10-28;24;18923,525;11971,225;7754,525;-1765,400;997,538
