Data;Godzina;Krajowe zapotrzebowanie na moc;Sumaryczna generacja JWCD;Sumaryczna generacja nJWCD;Krajowe saldo wymiany miêdzysystemowej równoleg³ej;Krajowe saldo wymiany miêdzysystemowej nierównoleg³ej
2021-07-13;1;17564,300;15136,013;3962,000;-2228,813;715,238
2021-07-13;2;16825,013;14321,438;3711,550;-1938,350;747,975
2021-07-13;3;16449,600;13949,238;3492,313;-1813,288;838,500
2021-07-13;4;16380,613;14054,788;3559,988;-1748,175;827,150
2021-07-13;5;16176,325;14090,113;3672,775;-1619,513;625,925
2021-07-13;6;16562,750;15161,013;3822,363;-1845,938;111,825
2021-07-13;7;18907,263;15784,688;4060,413;-805,625;70,863
2021-07-13;8;21121,200;16987,013;4371,600;-171,988;-58,863
2021-07-13;9;22295,125;17726,525;4880,238;-232,225;-68,763
2021-07-13;10;22659,000;17616,713;5405,113;-277,275;-67,675
2021-07-13;11;22694,088;17619,588;5829,100;-674,888;-69,125
2021-07-13;12;22899,588;17205,663;6064,800;-290,800;-66,775
2021-07-13;13;23282,613;17142,038;6490,950;-263,538;-75,800
2021-07-13;14;23440,725;17042,200;6606,313;-194,850;0,463
2021-07-13;15;23291,563;16956,500;6471,375;-274,688;148,725
2021-07-13;16;23314,450;17057,838;6155,413;29,788;78,950
2021-07-13;17;23032,663;17392,025;5675,738;-93,375;67,938
2021-07-13;18;23017,113;17767,438;5262,900;0,113;-0,088
2021-07-13;19;22939,950;18212,638;4730,325;54,775;-48,113
2021-07-13;20;22823,575;18595,075;4245,475;-176,850;163,475
2021-07-13;21;22533,738;18250,700;4109,500;8,125;175,850
2021-07-13;22;22333,775;17937,450;4379,688;41,975;-15,800
2021-07-13;23;21074,288;16808,825;4712,975;-498,738;77,275
2021-07-13;24;19438,850;15619,700;4797,613;-1254,988;317,800
