Data;Godzina;Krajowe zapotrzebowanie na moc;Sumaryczna generacja JWCD;Sumaryczna generacja nJWCD;Krajowe saldo wymiany miêdzysystemowej równoleg³ej;Krajowe saldo wymiany miêdzysystemowej nierównoleg³ej
2021-10-04;1;14938,525;8596,750;7057,988;-1404,463;1197,113
2021-10-04;2;14457,600;8939,400;6619,713;-1626,613;1190,550
2021-10-04;3;14309,450;9187,888;6394,125;-1731,713;1199,275
2021-10-04;4;14427,238;9507,875;6242,550;-1666,463;1201,450
2021-10-04;5;14905,025;10253,788;6049,163;-1700,313;1162,500
2021-10-04;6;16143,013;12068,488;5898,313;-1952,663;706,575
2021-10-04;7;19156,200;14989,188;5812,413;-1656,225;90,025
2021-10-04;8;20880,775;15493,588;5706,625;-1354,225;1053,175
2021-10-04;9;21595,700;15846,650;5907,375;-1297,100;1154,850
2021-10-04;10;21618,000;15770,525;6056,613;-1210,150;1009,688
2021-10-04;11;21429,100;15743,088;6312,050;-1566,750;948,588
2021-10-04;12;21513,800;15400,488;6457,813;-1236,250;910,400
2021-10-04;13;21651,563;15242,513;6593,725;-1171,938;1006,238
2021-10-04;14;21610,863;15349,488;6624,275;-1330,888;987,550
2021-10-04;15;21512,200;15375,625;6453,750;-1296,100;988,138
2021-10-04;16;21793,575;15704,775;6054,075;-983,650;1033,238
2021-10-04;17;21901,275;16211,738;5566,688;-911,225;1042,063
2021-10-04;18;22045,200;16992,100;5070,225;-976,138;965,088
2021-10-04;19;22870,375;17835,688;5068,300;-1000,800;966,425
2021-10-04;20;23681,550;18479,138;5119,238;-1015,788;1105,988
2021-10-04;21;23086,063;17767,838;5193,200;-900,075;1046,563
2021-10-04;22;21549,275;16589,175;5035,725;-1143,450;1101,000
2021-10-04;23;19826,350;15951,488;4990,975;-1851,388;759,113
2021-10-04;24;18365,175;14786,338;4890,263;-2100,950;811,225
