Data;Godzina;Krajowe zapotrzebowanie na moc;Sumaryczna generacja JWCD;Sumaryczna generacja nJWCD;Krajowe saldo wymiany miêdzysystemowej równoleg³ej;Krajowe saldo wymiany miêdzysystemowej nierównoleg³ej
2021-11-19;1;18055,300;8630,050;10519,450;-1301,850;999,313
2021-11-19;2;17425,125;8711,000;10475,575;-1792,275;996,363
2021-11-19;3;17118,838;8706,063;10429,525;-1959,300;947,138
2021-11-19;4;17206,938;8748,588;10318,400;-1849,188;989,900
2021-11-19;5;17466,200;8947,075;10252,513;-1545,000;967,838
2021-11-19;6;18387,175;10090,825;10139,875;-1565,125;584,575
2021-11-19;7;21059,600;12798,188;10127,338;-2247,463;525,600
2021-11-19;8;22853,350;14459,438;10108,538;-2061,013;351,338
2021-11-19;9;23633,275;14722,925;10089,225;-1501,813;329,763
2021-11-19;10;24160,175;14643,338;10245,913;-1203,625;487,638
2021-11-19;11;24269,213;14903,950;10448,988;-1674,738;606,763
2021-11-19;12;24631,188;14935,875;10575,913;-1655,313;779,763
2021-11-19;13;24710,138;14579,738;10662,025;-1426,888;904,875
2021-11-19;14;24513,775;14324,888;10609,788;-1225,813;815,213
2021-11-19;15;24121,263;14164,838;10635,825;-1253,438;576,363
2021-11-19;16;24220,338;14391,413;10746,738;-1308,150;384,850
2021-11-19;17;24706,688;15094,200;10873,275;-1754,088;491,113
2021-11-19;18;24546,550;14936,763;10903,488;-1748,063;459,988
2021-11-19;19;24063,813;14149,050;10898,600;-1426,625;449,538
2021-11-19;20;23773,950;13660,125;10819,163;-1511,500;819,338
2021-11-19;21;23101,575;13339,500;10839,325;-2039,050;973,050
2021-11-19;22;21619,613;12460,363;10777,525;-2285,550;679,413
2021-11-19;23;20175,675;10970,688;10743,200;-2269,550;746,000
2021-11-19;24;18905,288;9246,850;10687,388;-2048,988;1034,713
