Data;Godzina;Krajowe zapotrzebowanie na moc;Sumaryczna generacja JWCD;Sumaryczna generacja nJWCD;Krajowe saldo wymiany miêdzysystemowej równoleg³ej;Krajowe saldo wymiany miêdzysystemowej nierównoleg³ej
2021-09-18;1;17060,088;14828,513;4161,188;-2730,813;881,925
2021-09-18;2;16379,563;13896,288;4210,350;-2565,313;908,713
2021-09-18;3;15958,688;13568,263;4284,863;-2687,888;883,350
2021-09-18;4;15866,900;13752,038;4339,450;-2714,663;700,175
2021-09-18;5;15960,525;13819,525;4529,475;-2604,788;508,063
2021-09-18;6;15893,225;13691,388;4658,150;-2812,063;769,150
2021-09-18;7;16435,763;14208,838;4934,025;-2875,450;500,150
2021-09-18;8;17597,563;14343,963;5176,138;-2466,500;589,750
2021-09-18;9;18876,350;14581,125;5501,238;-1781,875;588,788
2021-09-18;10;19821,713;15208,500;5705,388;-1671,488;589,713
2021-09-18;11;20296,700;15384,888;5806,325;-1283,763;404,988
2021-09-18;12;20505,850;15722,425;5808,238;-1253,438;242,025
2021-09-18;13;20493,288;15685,613;6042,538;-1735,988;518,125
2021-09-18;14;20185,888;15046,363;6256,613;-1680,613;579,238
2021-09-18;15;19662,413;14500,200;6402,363;-1855,013;629,300
2021-09-18;16;19361,213;14757,913;6090,250;-1889,175;414,363
2021-09-18;17;19104,688;15420,588;5886,125;-2315,488;132,275
2021-09-18;18;19042,125;15555,000;5733,188;-2294,275;57,138
2021-09-18;19;19260,875;15688,163;5506,563;-2188,550;261,313
2021-09-18;20;19902,800;16075,350;5304,988;-1836,538;371,838
2021-09-18;21;19583,425;15925,925;5066,800;-1868,850;472,225
2021-09-18;22;18403,350;15408,788;4720,438;-2396,438;687,663
2021-09-18;23;17372,663;14864,363;4515,475;-2583,675;588,925
2021-09-18;24;16165,700;13832,088;4309,675;-2606,375;652,163
