Data;Godzina;Krajowe zapotrzebowanie na moc;Sumaryczna generacja JWCD;Sumaryczna generacja nJWCD;Krajowe saldo wymiany miêdzysystemowej równoleg³ej;Krajowe saldo wymiany miêdzysystemowej nierównoleg³ej
2021-01-28;1;18739,375;10809,313;7002,850;295,950;714,500
2021-01-28;2;18077,900;10836,750;7004,663;10,738;487,338
2021-01-28;3;17828,663;10812,875;7147,388;6,363;323,125
2021-01-28;4;17848,825;10579,363;7257,000;76,475;322,363
2021-01-28;5;18169,713;10498,075;7535,925;87,325;403,350
2021-01-28;6;18944,025;10830,800;7736,200;443,413;107,425
2021-01-28;7;21540,788;12321,025;8174,700;763,413;301,800
2021-01-28;8;23488,788;14797,913;8578,913;78,775;36,175
2021-01-28;9;24615,188;15333,313;9043,713;193,800;46,988
2021-01-28;10;25150,538;15593,838;9246,538;322,863;-2,825
2021-01-28;11;25230,450;15789,488;9302,200;40,625;115,038
2021-01-28;12;25333,575;15532,638;9120,288;505,550;188,450
2021-01-28;13;24987,038;15704,525;8615,750;313,350;381,500
2021-01-28;14;24972,925;15823,000;8130,600;618,638;418,813
2021-01-28;15;24562,638;15646,550;7854,550;469,975;612,100
2021-01-28;16;24234,913;15537,988;7642,050;378,925;681,000
2021-01-28;17;24617,538;15938,513;7565,913;617,838;490,338
2021-01-28;18;25289,713;16375,350;7956,588;507,813;450,900
2021-01-28;19;24938,763;16252,125;8097,275;362,413;229,963
2021-01-28;20;24772,713;15785,338;8194,475;282,025;525,788
2021-01-28;21;24052,688;14509,238;8186,413;380,525;988,863
2021-01-28;22;22659,213;13381,100;8241,500;385,625;664,975
2021-01-28;23;21285,925;11847,400;8292,863;572,250;593,350
2021-01-28;24;19966,375;10608,663;8339,038;305,388;818,775
