Data;Godzina;Krajowe zapotrzebowanie na moc;Sumaryczna generacja JWCD;Sumaryczna generacja nJWCD;Krajowe saldo wymiany miêdzysystemowej równoleg³ej;Krajowe saldo wymiany miêdzysystemowej nierównoleg³ej
2021-02-21;1;16628,325;7808,863;8567,438;394,613;44,725
2021-02-21;2;15930,413;7743,938;8461,875;228,400;25,663
2021-02-21;3;15564,325;7804,488;8288,050;271,038;-45,663
2021-02-21;4;15470,125;7775,788;8227,150;224,825;-17,525
2021-02-21;5;15632,663;7843,175;8239,713;424,775;-211,900
2021-02-21;6;15812,600;7699,600;8274,663;442,288;-75,413
2021-02-21;7;15948,313;7746,575;8375,988;-220,588;76,375
2021-02-21;8;16408,125;7912,688;8558,263;-69,538;14,275
2021-02-21;9;16998,288;8584,013;8358,488;-76,525;135,800
2021-02-21;10;17499,900;8966,150;8078,450;182,038;272,663
2021-02-21;11;17829,625;8916,963;8002,475;337,513;579,688
2021-02-21;12;17863,275;8736,088;7923,025;525,313;688,750
2021-02-21;13;17603,763;8468,050;7672,475;726,288;749,063
2021-02-21;14;17355,388;8023,888;7416,925;1474,675;457,425
2021-02-21;15;17043,025;8257,025;7099,225;1434,788;272,925
2021-02-21;16;16914,213;8708,763;6705,950;1303,738;206,938
2021-02-21;17;17428,213;9236,050;6694,388;698,738;808,138
2021-02-21;18;18852,125;10477,825;7157,900;509,750;702,275
2021-02-21;19;19724,463;10717,500;7697,813;426,463;882,913
2021-02-21;20;19895,513;10384,025;8034,488;431,450;1055,638
2021-02-21;21;19597,988;9851,313;8073,525;664,475;1017,825
2021-02-21;22;18787,450;8747,350;8041,075;912,313;1098,013
2021-02-21;23;18184,100;8645,125;7923,513;540,375;1093,200
2021-02-21;24;17210,600;8362,150;7752,263;134,363;975,513
