Data;Godzina;Krajowe zapotrzebowanie na moc;Sumaryczna generacja JWCD;Sumaryczna generacja nJWCD;Krajowe saldo wymiany miêdzysystemowej równoleg³ej;Krajowe saldo wymiany miêdzysystemowej nierównoleg³ej
2021-09-17;1;17439,813;15410,363;3632,250;-1460,213;-97,250
2021-09-17;2;16777,613;15102,325;3651,250;-1754,688;-124,025
2021-09-17;3;16462,600;14902,325;3617,525;-1800,500;-32,338
2021-09-17;4;16472,950;15155,575;3612,863;-1845,263;60,538
2021-09-17;5;16778,925;15534,463;3646,988;-1722,813;-53,788
2021-09-17;6;17624,950;16498,288;3706,925;-1618,000;-139,025
2021-09-17;7;19684,663;17543,800;3741,525;-1372,363;371,788
2021-09-17;8;21515,450;17920,725;3789,500;-601,063;514,463
2021-09-17;9;22575,450;18318,950;4021,463;-246,200;512,713
2021-09-17;10;22811,288;18653,338;4260,025;-610,425;552,725
2021-09-17;11;22765,338;18539,313;4391,138;-683,775;566,638
2021-09-17;12;22960,850;18546,500;4592,513;-713,713;579,538
2021-09-17;13;23018,550;18376,175;4905,100;-809,600;587,388
2021-09-17;14;22910,925;18086,813;5095,213;-823,088;586,788
2021-09-17;15;22473,438;17802,213;4914,713;-810,363;572,300
2021-09-17;16;22286,750;17849,050;4665,625;-779,963;556,025
2021-09-17;17;21986,575;17821,775;4510,238;-915,950;574,550
2021-09-17;18;21992,150;17693,838;4587,125;-858,325;585,138
2021-09-17;19;21865,688;17622,850;4308,175;-630,463;574,300
2021-09-17;20;22720,813;18612,663;4259,975;-716,338;576,113
2021-09-17;21;22419,425;18201,575;4309,063;-602,625;586,975
2021-09-17;22;20862,738;16675,150;4163,688;-478,825;587,625
2021-09-17;23;19332,963;15560,488;4080,625;-819,563;595,513
2021-09-17;24;18138,425;15286,663;4116,925;-1801,950;618,250
