Data;Godzina;Krajowe zapotrzebowanie na moc;Sumaryczna generacja JWCD;Sumaryczna generacja nJWCD;Krajowe saldo wymiany miêdzysystemowej równoleg³ej;Krajowe saldo wymiany miêdzysystemowej nierównoleg³ej
2021-02-04;1;18581,800;10488,700;9202,100;-195,363;-116,813
2021-02-04;2;18002,050;10604,263;9248,688;-384,738;-31,838
2021-02-04;3;17674,750;10348,863;9216,575;-450,338;65,275
2021-02-04;4;17748,375;10318,400;9189,288;-37,600;-226,838
2021-02-04;5;18131,688;10536,488;8986,575;428,738;-379,825
2021-02-04;6;18849,188;10923,513;8705,188;170,288;-147,700
2021-02-04;7;21197,675;12479,075;8554,250;145,738;63,200
2021-02-04;8;23033,738;14316,813;8536,263;505,138;-324,213
2021-02-04;9;24373,663;15505,013;8433,413;1123,550;-665,613
2021-02-04;10;25200,538;16030,888;8254,450;1469,488;-526,500
2021-02-04;11;25471,938;16497,263;7967,000;1514,213;-491,725
2021-02-04;12;25737,750;16479,100;7722,788;1514,763;24,463
2021-02-04;13;25669,175;16468,650;7475,000;1635,750;107,225
2021-02-04;14;25661,063;16539,138;7177,350;1868,800;86,350
2021-02-04;15;25063,475;16352,238;6791,475;1868,713;60,513
2021-02-04;16;24717,288;16451,563;6474,675;1749,438;48,388
2021-02-04;17;24938,125;17493,638;6245,900;1574,338;-372,450
2021-02-04;18;25597,313;18349,463;6152,038;1581,975;-487,988
2021-02-04;19;25330,825;18351,225;6129,000;1067,900;-204,913
2021-02-04;20;25118,900;17804,075;6076,788;1307,663;-55,238
2021-02-04;21;24339,775;16261,875;6027,363;1467,738;600,963
2021-02-04;22;22833,863;14344,138;5965,138;1601,938;937,875
2021-02-04;23;21349,663;12961,463;5876,700;1447,450;1084,663
2021-02-04;24;20147,638;11645,113;5882,625;1577,288;1078,863
