Data;Godzina;Krajowe zapotrzebowanie na moc;Sumaryczna generacja JWCD;Sumaryczna generacja nJWCD;Krajowe saldo wymiany miêdzysystemowej równoleg³ej;Krajowe saldo wymiany miêdzysystemowej nierównoleg³ej
2021-07-19;1;15455,813;11843,538;4528,175;-1648,450;887,400
2021-07-19;2;14866,225;11388,725;4238,513;-1272,013;917,800
2021-07-19;3;14632,188;11170,313;4044,013;-1078,638;904,250
2021-07-19;4;14589,938;11277,638;3880,788;-1082,463;922,050
2021-07-19;5;14553,138;11438,525;3757,575;-1154,400;918,700
2021-07-19;6;15100,725;11951,175;3800,300;-1003,438;754,113
2021-07-19;7;17688,688;14490,000;3936,613;-907,800;338,413
2021-07-19;8;19940,900;15701,738;4265,600;-214,713;191,588
2021-07-19;9;21359,663;16158,975;5146,850;-115,463;169,788
2021-07-19;10;21807,350;16029,800;5487,438;147,825;150,663
2021-07-19;11;22209,713;16228,875;5987,538;-251,625;255,913
2021-07-19;12;22547,638;16181,663;6229,650;-92,525;246,013
2021-07-19;13;22730,088;16005,638;6298,663;271,650;164,038
2021-07-19;14;22576,875;15905,950;6268,875;316,888;89,363
2021-07-19;15;22171,838;15314,675;6279,400;584,763;-0,525
2021-07-19;16;22115,463;15256,150;6040,513;803,813;20,363
2021-07-19;17;21751,975;15755,913;5539,700;308,300;156,963
2021-07-19;18;21544,150;16172,600;5056,588;3,075;327,525
2021-07-19;19;21456,350;16602,463;4698,850;-399,600;564,650
2021-07-19;20;21466,950;17124,800;4119,863;-526,663;753,300
2021-07-19;21;21299,550;17379,513;3716,688;-665,938;872,425
2021-07-19;22;20872,150;17273,338;3606,575;-729,013;729,500
2021-07-19;23;19772,688;16542,138;3649,825;-1276,738;874,013
2021-07-19;24;18345,338;15127,163;3701,713;-1352,713;885,813
