Data;Godzina;Krajowe zapotrzebowanie na moc;Sumaryczna generacja JWCD;Sumaryczna generacja nJWCD;Krajowe saldo wymiany miêdzysystemowej równoleg³ej;Krajowe saldo wymiany miêdzysystemowej nierównoleg³ej
2021-06-23;1;17705,550;14156,825;3197,913;-592,638;985,475
2021-06-23;2;16980,975;13357,250;3182,138;-398,188;885,050
2021-06-23;3;16552,263;13098,538;3160,000;-555,363;957,000
2021-06-23;4;16478,975;13358,625;3134,313;-664,675;995,900
2021-06-23;5;16258,238;13395,463;3185,913;-727,625;845,438
2021-06-23;6;16823,688;13812,238;3251,550;-809,000;931,450
2021-06-23;7;19280,975;16196,300;3319,488;-633,175;556,513
2021-06-23;8;21519,600;17695,875;3745,913;102,400;-13,100
2021-06-23;9;22650,438;18212,250;4262,938;384,350;-199,963
2021-06-23;10;23050,238;18286,188;4576,938;86,313;107,100
2021-06-23;11;23107,750;18099,950;4877,163;-71,475;205,975
2021-06-23;12;23657,363;18191,025;5175,238;-22,250;329,163
2021-06-23;13;23762,875;18418,675;5076,088;-10,575;294,813
2021-06-23;14;23756,875;18467,425;5096,175;-57,588;262,925
2021-06-23;15;23321,613;18193,050;4818,375;9,650;308,013
2021-06-23;16;23043,075;17774,638;4539,438;-48,013;784,575
2021-06-23;17;22741,600;17792,788;4298,888;-189,400;839,450
2021-06-23;18;22517,900;17932,600;4030,250;-236,613;799,850
2021-06-23;19;22228,825;18307,675;3836,713;-679,775;774,550
2021-06-23;20;22176,763;18535,275;3656,838;-829,750;815,950
2021-06-23;21;22165,188;18480,338;3531,688;-853,288;1008,750
2021-06-23;22;21791,763;18166,475;3381,400;-931,563;1189,625
2021-06-23;23;20884,350;17687,113;3214,400;-884,475;887,963
2021-06-23;24;19338,700;17005,688;3134,900;-1793,338;1014,213
