Data;Godzina;Krajowe zapotrzebowanie na moc;Sumaryczna generacja JWCD;Sumaryczna generacja nJWCD;Krajowe saldo wymiany miêdzysystemowej równoleg³ej;Krajowe saldo wymiany miêdzysystemowej nierównoleg³ej
2021-06-18;1;17538,088;12598,925;5879,500;-1555,375;967,600
2021-06-18;2;16799,500;12501,025;5792,763;-2119,400;968,125
2021-06-18;3;16354,188;12298,113;5520,438;-2082,900;967,638
2021-06-18;4;16262,225;12263,413;5259,750;-1879,875;966,613
2021-06-18;5;15897,425;12302,613;4958,813;-1978,675;957,113
2021-06-18;6;16485,850;12796,925;5029,113;-1834,863;844,750
2021-06-18;7;19146,013;14845,588;5194,675;-1461,850;676,863
2021-06-18;8;21322,188;15938,313;5169,375;549,013;-327,400
2021-06-18;9;22326,238;16766,000;5388,850;806,538;-625,175
2021-06-18;10;22645,913;16584,050;5914,675;781,663;-627,300
2021-06-18;11;22659,588;16304,850;6435,613;364,788;-432,775
2021-06-18;12;22994,688;15808,125;6917,138;409,800;-130,613
2021-06-18;13;23170,150;15495,250;6978,600;477,013;233,413
2021-06-18;14;22931,163;15535,925;6756,275;481,850;167,588
2021-06-18;15;22774,500;15357,063;6632,813;460,938;342,888
2021-06-18;16;22795,700;15304,475;6340,525;591,288;566,200
2021-06-18;17;22716,725;15561,800;6064,363;286,288;816,488
2021-06-18;18;22712,338;15963,950;5667,913;160,613;925,700
2021-06-18;19;22667,825;16584,713;5376,013;-189,913;908,338
2021-06-18;20;22479,363;16882,675;4937,600;-250,063;924,063
2021-06-18;21;22012,513;16608,775;4866,388;-380,700;931,113
2021-06-18;22;21396,725;16282,650;5179,013;-910,188;855,388
2021-06-18;23;20474,575;14923,675;5467,350;-759,488;859,075
2021-06-18;24;18997,688;13926,275;5682,838;-1480,763;892,350
