Data;Godzina;Krajowe zapotrzebowanie na moc;Sumaryczna generacja JWCD;Sumaryczna generacja nJWCD;Krajowe saldo wymiany miêdzysystemowej równoleg³ej;Krajowe saldo wymiany miêdzysystemowej nierównoleg³ej
2021-03-31;1;17644,650;10815,400;5991,800;23,800;940,725
2021-03-31;2;17118,250;10534,650;5884,575;177,838;870,288
2021-03-31;3;16748,938;10424,663;5672,625;231,063;851,325
2021-03-31;4;16800,088;10483,713;5661,575;401,538;772,238
2021-03-31;5;17075,113;10460,450;5631,163;711,550;802,125
2021-03-31;6;17802,113;11404,275;5759,113;50,488;990,550
2021-03-31;7;19584,013;12716,438;5987,875;-413,000;1310,113
2021-03-31;8;21422,513;14546,100;6298,175;-595,900;1175,963
2021-03-31;9;22393,813;14867,600;6611,325;-86,875;1001,738
2021-03-31;10;22360,600;13444,588;6801,113;931,775;1189,463
2021-03-31;11;21977,950;12713,725;7063,275;1226,975;978,900
2021-03-31;12;21852,863;11845,138;7422,438;1576,413;1014,488
2021-03-31;13;21906,050;11333,563;7890,425;1663,825;1025,563
2021-03-31;14;21885,713;10983,050;8112,213;1755,988;1036,738
2021-03-31;15;21486,113;10767,388;7878,638;1735,513;1107,338
2021-03-31;16;21210,113;11098,888;7274,088;1650,900;1192,075
2021-03-31;17;21013,988;11366,838;6616,738;1686,475;1348,263
2021-03-31;18;21025,338;12133,913;5954,763;1584,350;1358,175
2021-03-31;19;21007,813;13623,900;5239,625;818,550;1326,475
2021-03-31;20;22192,288;16183,800;4877,550;165,950;976,463
2021-03-31;21;22715,875;16578,888;4910,963;93,088;1137,163
2021-03-31;22;21502,700;15114,000;4892,200;231,400;1272,063
2021-03-31;23;19981,150;13506,575;4856,863;278,138;1353,338
2021-03-31;24;18699,375;12863,688;4727,288;-183,263;1303,038
