Data;Godzina;Krajowe zapotrzebowanie na moc;Sumaryczna generacja JWCD;Sumaryczna generacja nJWCD;Krajowe saldo wymiany miêdzysystemowej równoleg³ej;Krajowe saldo wymiany miêdzysystemowej nierównoleg³ej
2021-08-15;1;14845,575;11782,138;3659,900;-1729,788;1179,263
2021-08-15;2;14166,125;10888,925;3617,113;-1477,313;1182,950
2021-08-15;3;13725,850;10647,575;3667,850;-1729,063;1186,625
2021-08-15;4;13458,750;9955,150;3728,488;-1370,025;1189,325
2021-08-15;5;13464,213;9516,100;3814,400;-1009,313;1185,150
2021-08-15;6;12944,075;9182,300;3918,275;-1286,413;1175,650
2021-08-15;7;13093,525;9024,438;4190,163;-1259,525;1182,963
2021-08-15;8;13925,025;9208,775;4667,663;-1091,638;1183,938
2021-08-15;9;14787,013;9133,688;5189,375;-610,538;1120,675
2021-08-15;10;15443,088;9125,038;6062,500;-170,938;491,413
2021-08-15;11;15721,488;8513,850;6673,463;611,550;336,375
2021-08-15;12;15881,175;8109,363;7135,175;281,763;852,625
2021-08-15;13;16080,538;8173,863;7349,825;354,125;702,600
2021-08-15;14;16180,938;8425,638;7327,463;610,325;285,738
2021-08-15;15;16209,000;8616,463;7130,250;360,675;350,713
2021-08-15;16;16121,625;9108,350;6535,063;354,475;130,113
2021-08-15;17;16145,913;9664,963;5794,325;-104,013;796,488
2021-08-15;18;16511,163;10701,813;4951,413;197,138;672,725
2021-08-15;19;16901,275;12880,163;4084,888;-861,525;811,263
2021-08-15;20;17082,600;14657,138;3311,025;-1521,013;640,013
2021-08-15;21;17796,575;15450,025;2969,413;-1680,388;1066,575
2021-08-15;22;17738,863;14945,750;2995,700;-1354,900;1161,250
2021-08-15;23;16745,488;13370,213;3021,963;-753,425;1119,350
2021-08-15;24;15552,550;11947,363;3315,913;-582,638;930,613
