Data;Godzina;Krajowe zapotrzebowanie na moc;Sumaryczna generacja JWCD;Sumaryczna generacja nJWCD;Krajowe saldo wymiany miêdzysystemowej równoleg³ej;Krajowe saldo wymiany miêdzysystemowej nierównoleg³ej
2021-03-24;1;18174,638;11064,925;5828,338;338,425;954,313
2021-03-24;2;17722,338;11272,363;5701,838;-360,963;1129,388
2021-03-24;3;17487,625;11445,150;5620,263;-521,225;1033,363
2021-03-24;4;17496,250;11593,125;5623,525;-566,050;1145,075
2021-03-24;5;17701,250;11610,250;5642,313;-461,475;1265,350
2021-03-24;6;18182,625;11763,750;5656,675;-37,863;1266,938
2021-03-24;7;20252,363;12757,850;5833,500;531,813;1341,200
2021-03-24;8;22498,413;14227,538;6108,613;846,063;1326,975
2021-03-24;9;23749,638;14632,513;6348,200;1421,025;1362,363
2021-03-24;10;24123,513;14824,663;6431,925;1526,013;1362,788
2021-03-24;11;23991,963;14599,438;6558,500;1506,350;1352,175
2021-03-24;12;24329,763;14831,225;6633,738;1536,100;1349,213
2021-03-24;13;24393,325;14844,650;6631,450;1591,263;1350,588
2021-03-24;14;24240,650;14891,625;6549,738;1458,500;1350,525
2021-03-24;15;23834,513;14545,988;6507,813;1431,975;1351,250
2021-03-24;16;23363,175;14473,488;6268,325;1281,338;1349,988
2021-03-24;17;23093,300;14342,125;6046,013;1363,600;1351,500
2021-03-24;18;23053,738;14302,413;5808,463;1578,613;1364,663
2021-03-24;19;23846,550;15484,013;5896,013;1110,238;1364,188
2021-03-24;20;24183,563;16082,838;5941,900;798,725;1366,413
2021-03-24;21;23573,138;15424,313;5950,875;842,575;1365,963
2021-03-24;22;22086,888;13490,425;5901,900;1357,475;1358,263
2021-03-24;23;20546,575;12030,725;5837,613;1349,888;1349,488
2021-03-24;24;19178,388;10899,250;5862,313;1124,275;1307,063
