Data;Godzina;Krajowe zapotrzebowanie na moc;Sumaryczna generacja JWCD;Sumaryczna generacja nJWCD;Krajowe saldo wymiany miêdzysystemowej równoleg³ej;Krajowe saldo wymiany miêdzysystemowej nierównoleg³ej
2021-04-03;1;15987,150;7951,663;5735,013;1211,825;1109,825
2021-04-03;2;15349,388;7884,888;5694,013;676,725;1109,550
2021-04-03;3;15017,300;7926,413;5772,913;238,863;1097,550
2021-04-03;4;14821,900;8191,025;5732,600;-14,138;928,750
2021-04-03;5;14833,575;8498,950;5884,913;-428,850;891,638
2021-04-03;6;14744,975;8696,875;6036,538;-839,838;1067,875
2021-04-03;7;14761,750;8590,863;6320,288;-900,800;1100,075
2021-04-03;8;15762,663;8902,838;6421,563;-340,325;1101,625
2021-04-03;9;16977,213;9035,900;6517,425;359,975;1093,738
2021-04-03;10;18017,250;9320,538;7079,413;664,663;972,138
2021-04-03;11;18599,150;9231,125;7683,813;801,038;907,275
2021-04-03;12;18829,600;9061,300;8249,925;661,813;868,988
2021-04-03;13;18893,400;8855,325;8575,150;398,250;1077,563
2021-04-03;14;18734,538;9166,238;8665,438;-83,475;1001,875
2021-04-03;15;18011,175;8964,213;8478,350;79,838;501,388
2021-04-03;16;17887,638;9154,525;8573,088;-259,813;430,775
2021-04-03;17;17771,125;9204,000;8393,638;-346,113;536,275
2021-04-03;18;17668,525;9301,850;7807,363;-381,650;946,238
2021-04-03;19;17751,063;9555,575;7064,275;51,638;1095,625
2021-04-03;20;18271,238;10480,913;6780,613;-88,113;1102,513
2021-04-03;21;18581,863;10864,213;6572,263;62,175;1092,175
2021-04-03;22;17665,963;10210,238;6461,563;-98,125;1103,538
2021-04-03;23;16663,275;9630,663;6220,175;-286,775;1111,125
2021-04-03;24;15664,288;9123,438;6189,775;-729,413;1092,950
