Data;Godzina;Krajowe zapotrzebowanie na moc;Sumaryczna generacja JWCD;Sumaryczna generacja nJWCD;Krajowe saldo wymiany miêdzysystemowej równoleg³ej;Krajowe saldo wymiany miêdzysystemowej nierównoleg³ej
2021-10-08;1;17558,988;13709,538;5801,763;-2448,563;792,500
2021-10-08;2;17054,438;13965,238;5694,350;-2607,463;621,813
2021-10-08;3;16748,088;13590,150;5634,438;-2468,113;647,838
2021-10-08;4;16733,613;13356,800;5608,450;-2218,525;628,113
2021-10-08;5;17051,600;14155,538;5593,275;-2686,188;626,263
2021-10-08;6;17951,875;14856,800;5616,975;-2625,475;642,788
2021-10-08;7;20436,400;15505,338;5815,150;-1819,350;1023,125
2021-10-08;8;21997,238;16278,788;5998,063;-1261,163;1019,963
2021-10-08;9;22318,825;16325,888;6044,175;-930,350;914,313
2021-10-08;10;22101,125;15951,575;6290,088;-1080,950;950,350
2021-10-08;11;21443,700;15556,838;6881,750;-1901,913;914,075
2021-10-08;12;21177,825;15230,075;7761,500;-2496,250;762,425
2021-10-08;13;20998,500;14328,575;8457,875;-2151,188;554,800
2021-10-08;14;21244,450;14160,213;8485,438;-1847,175;453,600
2021-10-08;15;21077,838;14475,475;7898,963;-1795,250;505,225
2021-10-08;16;21281,188;14861,488;7284,350;-1574,200;704,863
2021-10-08;17;21714,925;15261,900;6671,538;-1109,188;895,675
2021-10-08;18;22110,263;16112,900;6099,650;-1090,188;979,688
2021-10-08;19;22833,738;16671,538;6245,263;-1097,950;1014,100
2021-10-08;20;23323,125;16502,113;6949,125;-1154,488;1028,413
2021-10-08;21;22738,225;15125,350;7538,063;-875,013;972,425
2021-10-08;22;21155,075;13911,800;7722,275;-1474,263;1014,588
2021-10-08;23;19553,113;13399,150;7272,563;-1990,063;883,275
2021-10-08;24;18439,213;12885,263;7005,388;-2538,450;1102,350
