Data;Godzina;Krajowe zapotrzebowanie na moc;Sumaryczna generacja JWCD;Sumaryczna generacja nJWCD;Krajowe saldo wymiany miêdzysystemowej równoleg³ej;Krajowe saldo wymiany miêdzysystemowej nierównoleg³ej
2021-09-08;1;17298,850;16219,950;3436,125;-2309,813;566,625
2021-09-08;2;16731,063;16204,913;3502,450;-2405,363;433,263
2021-09-08;3;16412,350;15965,150;3479,375;-2536,225;525,500
2021-09-08;4;16470,675;15950,775;3490,288;-2451,250;500,513
2021-09-08;5;16688,638;16000,513;3472,988;-2550,300;665,350
2021-09-08;6;17298,100;16376,988;3453,938;-2443,200;521,613
2021-09-08;7;19233,713;16549,288;3518,625;-1228,900;465,400
2021-09-08;8;20961,763;17027,075;3850,063;-191,750;322,675
2021-09-08;9;21489,363;17208,000;4418,250;-292,200;202,238
2021-09-08;10;21517,888;16630,738;4984,613;-51,475;4,038
2021-09-08;11;21334,400;16661,738;5554,525;-708,638;-130,150
2021-09-08;12;21558,088;16500,438;6054,550;-853,925;-95,613
2021-09-08;13;21680,113;16549,475;6310,713;-1109,725;-19,263
2021-09-08;14;21610,088;16336,913;6318,713;-1114,788;115,975
2021-09-08;15;21476,750;16078,463;6130,750;-830,388;118,850
2021-09-08;16;21766,650;16548,350;5814,513;-695,063;109,213
2021-09-08;17;21870,725;16775,588;5355,300;-368,825;117,150
2021-09-08;18;22028,163;17292,438;4762,738;-203,263;188,325
2021-09-08;19;21932,038;17884,375;4043,350;-674,300;677,300
2021-09-08;20;22742,688;18359,888;3800,113;-78,725;663,663
2021-09-08;21;23020,325;18471,963;4018,375;-281,188;824,263
2021-09-08;22;21417,838;17064,838;4241,463;-261,650;393,513
2021-09-08;23;19685,175;16660,525;4351,725;-1838,638;541,263
2021-09-08;24;18407,413;15802,263;4604,650;-2427,225;479,288
