Data;Godzina;Krajowe zapotrzebowanie na moc;Sumaryczna generacja JWCD;Sumaryczna generacja nJWCD;Krajowe saldo wymiany miêdzysystemowej równoleg³ej;Krajowe saldo wymiany miêdzysystemowej nierównoleg³ej
2021-12-27;1;16956,800;12242,738;6689,875;-545,088;-1199,450
2021-12-27;2;16433,838;11745,825;6841,425;-130,988;-1207,400
2021-12-27;3;16127,975;11358,363;7042,863;-180,575;-1232,025
2021-12-27;4;16046,988;10668,925;7296,513;176,625;-1235,125
2021-12-27;5;16485,650;10575,888;7531,138;412,813;-1207,500
2021-12-27;6;17323,763;11734,338;7862,063;-606,075;-1200,888
2021-12-27;7;19615,613;12511,025;8131,463;-137,525;-683,563
2021-12-27;8;21453,875;13686,363;8486,163;-142,650;-555,075
2021-12-27;9;22931,013;14844,763;8935,663;-100,525;-737,475
2021-12-27;10;24179,288;15853,500;9481,288;-872,713;-271,588
2021-12-27;11;24663,463;16569,425;9661,613;-1009,925;-553,000
2021-12-27;12;24901,350;16686,800;9466,250;-1031,600;-203,463
2021-12-27;13;24765,425;16619,450;9241,050;-1308,738;234,725
2021-12-27;14;24836,063;16584,600;9067,888;-786,713;-10,613
2021-12-27;15;24550,075;16411,875;9049,438;-1096,400;208,025
2021-12-27;16;24240,350;16438,363;9021,700;-1333,463;139,675
2021-12-27;17;24809,575;16488,325;9378,250;-1222,725;179,438
2021-12-27;18;24749,925;16012,350;9802,938;-1468,675;412,713
2021-12-27;19;24380,850;15588,300;9865,913;-1800,788;743,225
2021-12-27;20;24243,575;15500,475;9877,200;-1653,325;544,450
2021-12-27;21;23576,488;15597,500;9815,688;-2099,513;275,375
2021-12-27;22;22283,700;14495,263;9641,288;-1681,950;-126,388
2021-12-27;23;21009,600;13033,025;9533,738;-1476,113;-24,113
2021-12-27;24;19576,925;11900,513;9313,913;-1549,113;-9,625
