Data;Godzina;Krajowe zapotrzebowanie na moc;Sumaryczna generacja JWCD;Sumaryczna generacja nJWCD;Krajowe saldo wymiany miêdzysystemowej równoleg³ej;Krajowe saldo wymiany miêdzysystemowej nierównoleg³ej
2021-08-24;1;16791,263;12868,575;5817,713;-1592,975;3,438
2021-08-24;2;16263,863;13138,350;5634,475;-2088,750;13,713
2021-08-24;3;15909,563;13095,375;5699,325;-2437,963;7,113
2021-08-24;4;15989,988;12908,838;5771,050;-2125,163;-134,750
2021-08-24;5;16049,000;12692,025;5709,988;-1925,925;-219,825
2021-08-24;6;16445,875;13434,138;5669,275;-2257,050;-371,125
2021-08-24;7;18502,450;15696,263;5731,800;-2406,013;-510,388
2021-08-24;8;20436,475;16515,000;5533,975;-1099,375;-509,713
2021-08-24;9;21485,775;16981,625;5548,938;-516,175;-517,850
2021-08-24;10;21828,238;16947,763;6263,963;-853,700;-518,900
2021-08-24;11;21911,125;16355,713;6947,100;-849,000;-527,138
2021-08-24;12;21933,075;16122,463;7118,038;-752,075;-527,450
2021-08-24;13;22169,125;15643,963;7628,525;-558,888;-511,825
2021-08-24;14;22071,025;15321,188;7584,938;-403,075;-403,338
2021-08-24;15;21734,975;15080,513;7275,850;-147,625;-463,825
2021-08-24;16;21521,738;15136,000;6858,688;-38,875;-423,825
2021-08-24;17;21537,500;15821,275;6581,788;-605,313;-248,538
2021-08-24;18;21424,200;16371,025;6094,025;-617,425;-416,613
2021-08-24;19;21275,138;16879,338;5302,838;-486,125;-415,275
2021-08-24;20;21532,813;17471,875;4687,038;-406,875;-216,013
2021-08-24;21;22097,763;17934,050;4531,650;-689,488;331,513
2021-08-24;22;20922,763;17049,150;4588,850;-1278,263;594,163
2021-08-24;23;19270,900;16085,150;4347,950;-1759,625;621,063
2021-08-24;24;17986,275;15330,725;4140,950;-2108,838;668,025
