Data;Godzina;Krajowe zapotrzebowanie na moc;Sumaryczna generacja JWCD;Sumaryczna generacja nJWCD;Krajowe saldo wymiany miêdzysystemowej równoleg³ej;Krajowe saldo wymiany miêdzysystemowej nierównoleg³ej
2021-12-11;1;19694,875;13820,463;6277,713;-1340,963;952,738
2021-12-11;2;19106,075;13712,400;6135,225;-1658,550;933,163
2021-12-11;3;18652,513;13891,625;6050,600;-1870,863;652,863
2021-12-11;4;18694,538;13991,063;6018,538;-1639,450;610,150
2021-12-11;5;18845,188;14352,513;5936,038;-1691,213;604,125
2021-12-11;6;19008,513;14709,175;5812,738;-1790,063;630,775
2021-12-11;7;20047,375;14667,713;5786,025;-1263,113;962,625
2021-12-11;8;21001,100;15288,225;5729,363;-875,475;868,200
2021-12-11;9;22238,713;15669,213;5787,625;-179,625;962,513
2021-12-11;10;23481,563;15926,563;6023,463;569,863;973,763
2021-12-11;11;24010,075;15894,200;6229,388;916,625;979,500
2021-12-11;12;24267,925;16134,038;6288,213;880,575;983,125
2021-12-11;13;24003,488;15982,475;6251,475;824,025;967,913
2021-12-11;14;23742,788;15865,838;6110,413;804,875;974,150
2021-12-11;15;23140,950;15716,013;5936,250;539,050;967,988
2021-12-11;16;23106,988;15543,013;5810,425;792,025;970,050
2021-12-11;17;23656,000;15925,163;5960,350;814,525;973,988
2021-12-11;18;23405,950;15740,250;6081,613;633,000;972,150
2021-12-11;19;23095,450;15556,738;6006,438;573,838;974,725
2021-12-11;20;22784,625;15438,650;5969,025;420,488;975,813
2021-12-11;21;22215,688;15174,425;5968,363;112,900;983,025
2021-12-11;22;21010,688;14671,350;5963,175;-558,238;984,288
2021-12-11;23;20025,375;13363,188;5993,313;-263,513;982,625
2021-12-11;24;18900,638;12497,988;6043,413;-559,100;962,763
