Data;Godzina;Krajowe zapotrzebowanie na moc;Sumaryczna generacja JWCD;Sumaryczna generacja nJWCD;Krajowe saldo wymiany miêdzysystemowej równoleg³ej;Krajowe saldo wymiany miêdzysystemowej nierównoleg³ej
2021-12-17;1;18746,800;11202,688;8789,850;-1975,200;1135,963
2021-12-17;2;18218,050;10832,200;8781,225;-2045,675;1139,238
2021-12-17;3;17786,688;10758,913;8702,188;-2312,650;1126,750
2021-12-17;4;17872,750;10740,975;8665,488;-2186,225;1138,938
2021-12-17;5;18142,513;11044,263;8763,825;-2318,775;1138,875
2021-12-17;6;19092,025;11799,013;9158,525;-2499,488;1121,525
2021-12-17;7;21866,888;13172,663;9278,450;-1505,013;1107,213
2021-12-17;8;23737,475;14565,475;9162,850;-1092,750;1113,363
2021-12-17;9;24502,800;15401,713;9122,200;-1035,538;1031,563
2021-12-17;10;24875,113;15827,238;9040,088;-890,138;921,563
2021-12-17;11;24886,413;15950,725;9191,013;-1091,025;857,450
2021-12-17;12;25088,225;16296,663;9133,163;-1276,313;953,013
2021-12-17;13;25149,250;16569,200;9079,725;-1478,788;1004,088
2021-12-17;14;25236,763;16514,763;9143,888;-1366,975;973,800
2021-12-17;15;24942,888;16125,663;9249,838;-1058,738;648,800
2021-12-17;16;25094,938;15952,288;9156,263;-1020,550;1029,225
2021-12-17;17;25590,225;16478,450;9142,338;-789,350;773,325
2021-12-17;18;25267,225;16333,925;9065,375;-921,575;804,575
2021-12-17;19;24982,175;16129,650;8997,500;-1032,913;900,475
2021-12-17;20;24552,538;16092,250;8540,113;-1027,588;967,825
2021-12-17;21;24009,250;15780,025;8170,250;-1041,188;1120,625
2021-12-17;22;22671,225;14903,763;7680,425;-963,663;1068,325
2021-12-17;23;21213,463;14210,325;7297,450;-1183,650;900,850
2021-12-17;24;19926,463;14162,588;6923,413;-2224,400;1088,200
