Data;Godzina;Krajowe zapotrzebowanie na moc;Sumaryczna generacja JWCD;Sumaryczna generacja nJWCD;Krajowe saldo wymiany miêdzysystemowej równoleg³ej;Krajowe saldo wymiany miêdzysystemowej nierównoleg³ej
2021-04-24;1;17522,838;11513,075;6436,288;-1264,075;853,163
2021-04-24;2;16897,600;10391,375;6538,713;-899,900;878,638
2021-04-24;3;16546,350;9964,475;6514,875;-1011,200;1094,625
2021-04-24;4;16268,363;9620,888;6307,688;-825,475;1182,550
2021-04-24;5;16162,388;9541,738;6142,600;-733,563;1229,138
2021-04-24;6;15881,775;9700,425;6250,900;-1147,800;1228,900
2021-04-24;7;16603,850;10017,713;6324,788;-866,275;1220,300
2021-04-24;8;17800,038;10817,088;6224,500;-367,413;1140,763
2021-04-24;9;18783,425;10820,875;6431,750;360,800;1191,163
2021-04-24;10;19474,650;10671,400;7224,400;580,638;1199,225
2021-04-24;11;19700,200;10035,388;8076,938;667,138;1225,438
2021-04-24;12;19829,925;9688,888;8350,025;891,563;1228,988
2021-04-24;13;19483,650;9151,988;8221,400;1031,250;1229,163
2021-04-24;14;19285,238;8948,475;8578,413;832,800;1227,650
2021-04-24;15;18351,675;8825,713;8281,350;362,825;1228,138
2021-04-24;16;18225,975;8812,663;8390,325;68,488;1228,625
2021-04-24;17;18020,388;9011,938;8006,750;-202,050;1229,563
2021-04-24;18;17973,838;9226,000;7517,888;17,963;1219,525
2021-04-24;19;18096,600;9937,950;6918,375;157,625;1093,863
2021-04-24;20;18439,413;11354,650;6144,775;-266,413;1220,538
2021-04-24;21;19006,238;12457,238;5699,000;-363,575;1227,800
2021-04-24;22;18405,775;11772,488;5643,663;-221,950;1228,650
2021-04-24;23;17352,913;10664,475;5490,413;-18,088;1228,438
2021-04-24;24;16136,088;9703,138;5263,813;-7,025;1201,988
