Data;Godzina;Krajowe zapotrzebowanie na moc;Sumaryczna generacja JWCD;Sumaryczna generacja nJWCD;Krajowe saldo wymiany miêdzysystemowej równoleg³ej;Krajowe saldo wymiany miêdzysystemowej nierównoleg³ej
2021-08-11;1;16782,375;16345,650;3290,088;-2986,300;158,013
2021-08-11;2;16227,888;15692,200;3330,013;-2742,975;490,813
2021-08-11;3;15984,613;15200,725;3520,438;-2530,275;612,288
2021-08-11;4;15794,675;14059,338;3693,150;-2231,613;1107,913
2021-08-11;5;15847,413;14686,000;3693,175;-2429,050;725,300
2021-08-11;6;16001,838;15470,038;3834,138;-2867,238;321,138
2021-08-11;7;17890,313;15490,550;4007,625;-1923,763;551,113
2021-08-11;8;19805,025;15406,425;4278,175;-479,600;611,350
2021-08-11;9;20895,500;15984,613;4743,313;-352,338;525,025
2021-08-11;10;21284,475;15619,738;5478,850;269,113;-52,200
2021-08-11;11;21221,300;15055,450;6205,025;679,963;-679,575
2021-08-11;12;21654,825;15378,425;6623,688;305,663;-643,775
2021-08-11;13;21820,575;14642,488;7132,413;196,188;-139,700
2021-08-11;14;21566,063;14486,138;7092,938;-333,663;327,238
2021-08-11;15;21430,600;13829,263;7390,150;-273,025;489,063
2021-08-11;16;21401,238;13745,038;7246,288;96,750;319,100
2021-08-11;17;21135,775;14572,213;6715,238;-496,475;349,500
2021-08-11;18;21087,325;15192,475;6094,538;-903,288;715,225
2021-08-11;19;21040,213;16014,588;5313,138;-1203,475;924,863
2021-08-11;20;21099,300;16640,588;4427,513;-993,513;1031,050
2021-08-11;21;21503,138;17433,000;4000,238;-1063,413;1142,950
2021-08-11;22;20902,938;16967,113;3928,813;-1056,438;1071,700
2021-08-11;23;19331,238;15790,750;3837,875;-1405,225;1124,763
2021-08-11;24;17965,813;15393,400;3884,925;-2368,263;1082,250
