Data;Godzina;Krajowe zapotrzebowanie na moc;Sumaryczna generacja JWCD;Sumaryczna generacja nJWCD;Krajowe saldo wymiany miêdzysystemowej równoleg³ej;Krajowe saldo wymiany miêdzysystemowej nierównoleg³ej
2021-04-05;1;13512,775;5274,575;8657,375;-480,863;85,550
2021-04-05;2;13041,150;5074,650;8778,525;-586,938;-190,675
2021-04-05;3;12757,375;5038,475;8927,850;-541,838;-460,600
2021-04-05;4;12679,438;5076,638;8954,675;-408,313;-479,175
2021-04-05;5;12685,188;5128,013;9096,363;-525,088;-480,988
2021-04-05;6;12693,625;5012,688;9301,575;-528,538;-632,425
2021-04-05;7;12586,850;4973,063;9558,725;-656,800;-421,725
2021-04-05;8;12989,763;5042,113;9895,700;-521,450;-395,513
2021-04-05;9;13711,363;5084,700;10358,488;-517,038;-307,300
2021-04-05;10;14327,425;5062,475;10861,888;-394,950;-569,638
2021-04-05;11;14531,063;5139,050;10411,650;-149,750;-593,550
2021-04-05;12;14744,325;5533,213;10027,263;-164,238;-594,763
2021-04-05;13;14733,450;5830,825;9746,613;-229,400;-594,463
2021-04-05;14;14905,825;6147,613;9519,225;-143,038;-594,388
2021-04-05;15;15027,638;6116,238;9659,000;-146,150;-594,350
2021-04-05;16;14840,513;5939,875;9688,125;-185,525;-585,225
2021-04-05;17;14880,475;5551,513;9789,913;-383,800;-66,825
2021-04-05;18;15060,050;5568,425;9540,838;-60,888;22,238
2021-04-05;19;15509,350;6077,063;9011,013;194,913;233,475
2021-04-05;20;16352,238;6898,163;8579,000;374,363;509,463
2021-04-05;21;16976,938;7278,188;8467,063;510,388;729,425
2021-04-05;22;16508,588;7241,925;8637,313;99,163;543,888
2021-04-05;23;15784,788;6807,738;8583,100;154,575;255,225
2021-04-05;24;14983,375;6192,588;8662,463;84,338;56,013
