Data;Godzina;Krajowe zapotrzebowanie na moc;Sumaryczna generacja JWCD;Sumaryczna generacja nJWCD;Krajowe saldo wymiany miêdzysystemowej równoleg³ej;Krajowe saldo wymiany miêdzysystemowej nierównoleg³ej
2021-11-26;1;18774,875;12648,538;8993,738;-2238,900;-335,425
2021-11-26;2;18134,025;12600,950;8793,075;-2257,988;-526,263
2021-11-26;3;17817,575;13015,100;8498,538;-2465,700;-808,838
2021-11-26;4;17868,575;13575,363;8257,013;-2535,888;-1010,250
2021-11-26;5;18234,388;14138,963;8045,475;-2595,200;-1055,138
2021-11-26;6;19330,738;15083,050;7800,700;-2581,963;-961,413
2021-11-26;7;22034,588;16825,050;7604,638;-2518,638;118,613
2021-11-26;8;23796,575;17348,725;7359,188;-1803,013;889,525
2021-11-26;9;24687,488;17502,988;7368,063;-700,238;522,800
2021-11-26;10;25140,413;18296,125;7360,238;-903,775;391,863
2021-11-26;11;25136,525;18430,225;7210,675;-883,688;392,075
2021-11-26;12;25475,363;19080,525;6858,125;-860,538;410,913
2021-11-26;13;25647,025;19346,125;6536,188;-672,788;455,450
2021-11-26;14;25816,688;19281,238;6264,688;-651,438;934,225
2021-11-26;15;25501,638;19334,250;6016,138;-780,975;947,363
2021-11-26;16;25572,325;19321,375;5986,263;-394,388;676,438
2021-11-26;17;26058,600;19939,350;6129,888;-688,750;682,088
2021-11-26;18;25939,938;19747,138;6200,100;-922,150;917,988
2021-11-26;19;25413,500;19323,963;6108,425;-981,838;967,825
2021-11-26;20;25194,063;19046,425;6046,725;-856,275;960,825
2021-11-26;21;24475,688;18346,275;5870,375;-665,625;928,488
2021-11-26;22;22974,063;17313,313;5714,513;-607,038;567,588
2021-11-26;23;21486,050;16367,313;5573,963;-1263,338;824,513
2021-11-26;24;20201,325;15577,313;5594,938;-1531,663;613,788
