Data;Godzina;Krajowe zapotrzebowanie na moc;Sumaryczna generacja JWCD;Sumaryczna generacja nJWCD;Krajowe saldo wymiany miêdzysystemowej równoleg³ej;Krajowe saldo wymiany miêdzysystemowej nierównoleg³ej
2021-05-06;1;16868,250;7777,363;9199,813;-13,650;256,563
2021-05-06;2;16347,163;8380,450;9381,575;-1166,913;599,800
2021-05-06;3;16056,675;8858,113;9415,800;-1623,288;618,050
2021-05-06;4;16128,738;8716,338;9478,750;-1421,413;617,175
2021-05-06;5;16231,875;8051,863;9545,763;-802,825;617,275
2021-05-06;6;16388,663;8195,388;9641,275;-1109,025;594,138
2021-05-06;7;18723,425;10264,013;9952,613;-1658,738;236,250
2021-05-06;8;20709,463;12658,425;10451,625;-2071,025;-327,413
2021-05-06;9;21534,600;12818,375;11101,013;-1986,663;-390,150
2021-05-06;10;21574,763;11628,175;11542,275;-1706,838;122,938
2021-05-06;11;21550,825;11432,388;11828,750;-1798,975;100,425
2021-05-06;12;21912,675;11529,700;11855,725;-1769,188;302,825
2021-05-06;13;22010,025;11604,338;11575,213;-1373,175;213,538
2021-05-06;14;21964,025;12396,113;11379,838;-1535,063;-270,425
2021-05-06;15;21433,050;12648,363;10885,175;-1720,763;-372,813
2021-05-06;16;21438,438;12807,663;10506,463;-1720,038;-148,463
2021-05-06;17;21250,063;12873,675;9928,063;-1339,838;-201,450
2021-05-06;18;21206,250;14074,675;9017,663;-1761,438;-121,650
2021-05-06;19;21152,875;14869,275;7942,525;-2018,938;364,375
2021-05-06;20;21550,550;16136,263;6847,500;-1482,275;48,700
2021-05-06;21;21958,113;16468,075;6062,625;-1096,725;529,413
2021-05-06;22;21398,300;16088,325;5693,325;-1085,263;708,763
2021-05-06;23;19862,813;15089,613;5355,788;-1158,925;589,550
2021-05-06;24;18442,100;13600,763;5352,988;-1192,788;709,688
