Data;Godzina;Krajowe zapotrzebowanie na moc;Sumaryczna generacja JWCD;Sumaryczna generacja nJWCD;Krajowe saldo wymiany miêdzysystemowej równoleg³ej;Krajowe saldo wymiany miêdzysystemowej nierównoleg³ej
2021-08-22;1;14944,213;12808,538;3136,650;-1278,388;303,638
2021-08-22;2;14394,488;12082,838;3141,063;-1244,013;429,213
2021-08-22;3;13978,213;11932,050;3093,713;-1512,638;483,700
2021-08-22;4;13762,350;11225,188;3105,688;-885,050;334,338
2021-08-22;5;13683,038;10905,838;3114,875;-282,425;-34,788
2021-08-22;6;13303,725;10825,775;3065,350;-247,900;-323,200
2021-08-22;7;13406,338;10798,650;3183,738;127,388;-686,175
2021-08-22;8;14102,150;10587,225;3664,175;515,663;-647,075
2021-08-22;9;14896,450;10752,525;4110,338;525,763;-472,900
2021-08-22;10;15696,613;11100,238;4569,138;587,550;-547,563
2021-08-22;11;16160,238;11383,188;5096,975;256,700;-555,075
2021-08-22;12;16299,888;11599,775;5348,488;-152,925;-482,138
2021-08-22;13;16478,038;11348,175;5541,325;105,988;-495,063
2021-08-22;14;16453,263;10680,950;5517,350;185,688;90,163
2021-08-22;15;16281,688;10690,375;5316,225;241,288;53,900
2021-08-22;16;16191,813;10918,200;5004,388;173,525;115,850
2021-08-22;17;16277,375;10885,863;4968,350;96,875;330,350
2021-08-22;18;16421,963;11928,500;4649,450;99,800;-254,225
2021-08-22;19;16627,125;13471,938;4216,513;-597,788;-459,538
2021-08-22;20;17145,225;14612,388;4135,538;-1291,763;-314,075
2021-08-22;21;17835,088;14921,138;4320,888;-1139,388;-268,500
2021-08-22;22;17289,513;14251,313;4367,088;-1289,863;-34,913
2021-08-22;23;16338,863;13576,475;4368,388;-2048,000;455,100
2021-08-22;24;15413,075;12874,438;4246,513;-1886,563;409,713
