Data;Godzina;Krajowe zapotrzebowanie na moc;Sumaryczna generacja JWCD;Sumaryczna generacja nJWCD;Krajowe saldo wymiany miêdzysystemowej równoleg³ej;Krajowe saldo wymiany miêdzysystemowej nierównoleg³ej
2021-11-27;1;19342,163;15987,200;5691,638;-1847,100;-196,725
2021-11-27;2;18611,325;15556,650;5708,025;-1831,200;-418,100
2021-11-27;3;18051,213;14770,725;5752,400;-1912,175;-66,563
2021-11-27;4;18020,625;14599,750;5850,675;-1932,763;-6,063
2021-11-27;5;18136,300;14551,563;5960,800;-1911,913;25,025
2021-11-27;6;18354,975;14736,050;5945,638;-1797,725;-120,738
2021-11-27;7;19348,500;14859,913;6018,388;-1939,763;712,463
2021-11-27;8;20197,175;15031,000;6111,775;-1651,575;896,925
2021-11-27;9;21281,400;15292,075;6139,638;-1057,513;923,625
2021-11-27;10;22184,925;16112,475;6223,288;-837,650;698,688
2021-11-27;11;22671,700;16514,413;6303,238;-886,925;747,250
2021-11-27;12;22927,413;16522,950;6474,213;-1020,713;962,763
2021-11-27;13;22952,025;16606,913;6413,675;-943,913;883,663
2021-11-27;14;22718,950;16665,250;6200,150;-1055,700;918,750
2021-11-27;15;22276,038;16391,300;6018,063;-961,638;822,863
2021-11-27;16;22233,050;16617,388;5893,213;-885,325;622,900
2021-11-27;17;22811,288;17198,225;5904,425;-1172,725;886,613
2021-11-27;18;22533,750;16744,075;5978,200;-960,963;786,688
2021-11-27;19;22236,488;16273,375;6027,075;-724,463;682,688
2021-11-27;20;21852,813;15772,675;6167,338;-1038,300;970,238
2021-11-27;21;21194,525;15318,088;6144,725;-1185,875;934,575
2021-11-27;22;20158,500;15150,013;6153,788;-1408,525;285,763
2021-11-27;23;19063,013;14689,625;6135,675;-1644,250;-94,325
2021-11-27;24;17859,488;13340,813;6105,300;-1842,263;280,750
