Data;Godzina;Krajowe zapotrzebowanie na moc;Sumaryczna generacja JWCD;Sumaryczna generacja nJWCD;Krajowe saldo wymiany miêdzysystemowej równoleg³ej;Krajowe saldo wymiany miêdzysystemowej nierównoleg³ej
2021-04-20;1;17295,163;12168,225;4770,338;-642,188;1120,388
2021-04-20;2;16815,713;12270,875;4715,488;-1059,625;1146,338
2021-04-20;3;16627,325;12230,500;4643,850;-1019,875;1166,113
2021-04-20;4;16634,388;12068,738;4578,900;-920,388;1166,688
2021-04-20;5;16932,813;12154,700;4568,975;-750,488;1166,200
2021-04-20;6;17202,388;12556,450;4557,200;-791,088;1060,813
2021-04-20;7;19361,200;14957,550;4746,738;-1034,875;707,225
2021-04-20;8;21421,063;16490,313;5091,738;-649,425;498,625
2021-04-20;9;22236,400;16823,450;5595,425;-579,900;406,375
2021-04-20;10;22039,313;15783,250;5963,050;-273,050;576,675
2021-04-20;11;21833,063;13978,038;6515,013;130,813;1223,888
2021-04-20;12;22088,800;13568,563;6731,913;531,063;1263,788
2021-04-20;13;22217,338;13544,300;6763,600;654,138;1263,450
2021-04-20;14;22223,950;13365,975;6935,063;669,638;1263,700
2021-04-20;15;21573,025;13146,000;6812,350;354,938;1263,588
2021-04-20;16;21678,763;12925,288;7003,838;489,800;1264,438
2021-04-20;17;21198,225;13147,788;6301,188;516,250;1247,438
2021-04-20;18;21050,888;14306,013;5946,338;-179,913;988,850
2021-04-20;19;21330,600;16001,975;5540,138;-848,188;644,988
2021-04-20;20;21603,763;16368,938;5163,713;-633,613;712,925
2021-04-20;21;22494,038;17256,988;5130,913;-551,400;667,650
2021-04-20;22;21293,888;16253,838;5012,300;-923,975;976,163
2021-04-20;23;19817,425;14813,338;4931,263;-1015,375;1108,550
2021-04-20;24;18417,425;13224,225;4981,038;-876,413;1104,913
