Data;Godzina;Krajowe zapotrzebowanie na moc;Sumaryczna generacja JWCD;Sumaryczna generacja nJWCD;Krajowe saldo wymiany miêdzysystemowej równoleg³ej;Krajowe saldo wymiany miêdzysystemowej nierównoleg³ej
2021-08-23;1;14558,038;12045,763;4209,625;-1752,863;493,200
2021-08-23;2;14161,475;11901,975;4247,675;-2126,875;892,900
2021-08-23;3;13897,500;11676,363;4236,100;-1969,150;756,863
2021-08-23;4;13937,200;11435,575;4333,638;-1610,088;571,613
2021-08-23;5;14242,925;11563,863;4473,663;-1421,425;434,400
2021-08-23;6;14945,763;12868,988;4641,475;-1737,988;-40,938
2021-08-23;7;17515,175;15649,538;4923,488;-2213,125;-722,350
2021-08-23;8;19699,138;16138,638;5103,175;-722,413;-806,988
2021-08-23;9;21121,013;16666,725;5370,913;-357,325;-546,838
2021-08-23;10;21743,088;16838,725;5847,850;-441,938;-487,263
2021-08-23;11;21949,025;16604,438;6300,825;-412,088;-525,900
2021-08-23;12;22509,050;16697,275;6607,000;-271,913;-514,013
2021-08-23;13;22543,463;17085,875;6571,500;-574,913;-526,450
2021-08-23;14;22523,613;16850,663;6663,400;-457,950;-521,013
2021-08-23;15;21946,350;15965,213;6553,288;-51,763;-506,725
2021-08-23;16;22045,388;15537,250;6749,525;10,888;-243,000
2021-08-23;17;21531,413;15777,875;6355,813;-216,825;-376,375
2021-08-23;18;21309,525;16837,625;6209,388;-1198,875;-526,413
2021-08-23;19;21151,750;16738,863;6036,775;-1107,975;-509,450
2021-08-23;20;21567,925;16850,088;5971,238;-894,013;-356,175
2021-08-23;21;21934,713;17365,950;5982,000;-1013,238;-398,313
2021-08-23;22;20872,088;16317,313;6127,875;-1537,500;-23,463
2021-08-23;23;19254,300;15350,775;6051,363;-2079,000;-47,725
2021-08-23;24;17886,000;13841,150;5841,825;-1920,575;303,650
