Data;Godzina;Krajowe zapotrzebowanie na moc;Sumaryczna generacja JWCD;Sumaryczna generacja nJWCD;Krajowe saldo wymiany miêdzysystemowej równoleg³ej;Krajowe saldo wymiany miêdzysystemowej nierównoleg³ej
2021-11-08;1;15602,588;8338,163;7978,125;-986,338;994,613
2021-11-08;2;15409,350;8999,413;7969,150;-1718,788;999,775
2021-11-08;3;15230,275;9282,663;7855,800;-2077,788;996,613
2021-11-08;4;15304,250;9512,025;7651,588;-2027,988;999,400
2021-11-08;5;15810,138;9775,250;7429,663;-1526,375;963,725
2021-11-08;6;17070,475;11134,363;7378,038;-1725,188;927,175
2021-11-08;7;20101,500;14403,438;7250,038;-1443,075;16,288
2021-11-08;8;22223,325;16015,600;7248,338;-469,888;-529,038
2021-11-08;9;23280,025;16986,500;7026,713;-440,388;-274,163
2021-11-08;10;23708,663;17410,725;7006,838;-676,925;-21,125
2021-11-08;11;23827,163;17294,650;7057,800;-690,075;182,900
2021-11-08;12;24336,125;17529,525;7069,825;-743,675;492,313
2021-11-08;13;24621,488;17942,275;6854,475;-991,525;815,013
2021-11-08;14;24601,025;18125,075;6622,713;-984,400;834,650
2021-11-08;15;24307,000;18095,850;6404,650;-863,500;665,538
2021-11-08;16;24129,713;18150,563;6149,750;-773,963;598,713
2021-11-08;17;24655,488;18726,613;6106,263;-779,675;605,350
2021-11-08;18;24761,875;18781,700;6162,475;-868,975;689,350
2021-11-08;19;24454,238;18541,175;6040,250;-1000,550;878,200
2021-11-08;20;24361,200;18382,900;6059,513;-746,800;674,800
2021-11-08;21;23792,038;18057,713;5868,125;-884,575;764,488
2021-11-08;22;22421,825;17422,925;5722,225;-870,225;164,113
2021-11-08;23;20764,213;16028,700;5550,288;-956,213;163,863
2021-11-08;24;19383,063;14959,413;5503,200;-1312,788;363,175
