Data;Godzina;Krajowe zapotrzebowanie na moc;Sumaryczna generacja JWCD;Sumaryczna generacja nJWCD;Krajowe saldo wymiany miêdzysystemowej równoleg³ej;Krajowe saldo wymiany miêdzysystemowej nierównoleg³ej
2021-11-28;1;17020,413;13452,300;6026,413;-1505,475;-732,250
2021-11-28;2;16311,988;13682,838;5890,138;-1750,300;-991,238
2021-11-28;3;16022,650;13785,188;5914,875;-2011,875;-1002,200
2021-11-28;4;15904,225;13843,438;5910,613;-2017,275;-993,838
2021-11-28;5;15972,138;13979,463;5926,075;-2107,613;-993,063
2021-11-28;6;16082,150;13868,500;5885,738;-2088,625;-756,125
2021-11-28;7;16515,450;13513,188;5818,450;-1863,275;-604,025
2021-11-28;8;16814,688;14238,188;5694,313;-1963,738;-1042,863
2021-11-28;9;17667,138;14490,113;5649,525;-1656,363;-761,163
2021-11-28;10;18696,575;14568,950;5763,113;-1716,500;131,600
2021-11-28;11;19452,375;15081,000;5895,825;-1945,588;472,350
2021-11-28;12;19939,913;15311,000;5884,325;-1677,513;438,600
2021-11-28;13;20209,863;15578,713;5748,238;-1687,050;586,650
2021-11-28;14;20514,188;15708,238;5736,950;-1531,313;616,638
2021-11-28;15;20254,475;15831,888;5550,588;-1370,150;247,425
2021-11-28;16;20193,888;15899,163;5475,788;-1004,950;-169,325
2021-11-28;17;20901,325;16091,900;5544,250;-601,313;-122,538
2021-11-28;18;20871,163;15964,725;5634,688;-1010,575;295,938
2021-11-28;19;20884,150;16374,450;5688,750;-1650,738;481,000
2021-11-28;20;20924,813;16469,613;5697,388;-1700,863;469,475
2021-11-28;21;20509,650;16395,113;5752,550;-1796,850;186,638
2021-11-28;22;19620,900;16510,275;5721,163;-1834,663;-762,025
2021-11-28;23;19000,113;16284,588;5844,738;-1884,200;-1190,563
2021-11-28;24;18006,000;15236,088;5841,400;-1799,563;-1210,400
