Data;Godzina;Krajowe zapotrzebowanie na moc;Sumaryczna generacja JWCD;Sumaryczna generacja nJWCD;Krajowe saldo wymiany miêdzysystemowej równoleg³ej;Krajowe saldo wymiany miêdzysystemowej nierównoleg³ej
2021-04-29;1;17093,763;10145,425;6929,813;-508,275;882,425
2021-04-29;2;16554,538;10341,488;6747,738;-874,138;870,175
2021-04-29;3;16180,363;10088,750;6611,875;-864,225;879,788
2021-04-29;4;16234,163;10258,888;6539,638;-849,263;869,313
2021-04-29;5;16354,900;10683,838;6383,888;-1083,513;855,750
2021-04-29;6;16424,500;10632,513;6325,725;-1009,288;1011,500
2021-04-29;7;18637,188;12181,650;6519,850;-648,700;776,063
2021-04-29;8;20776,575;14619,225;6513,200;-1299,888;958,713
2021-04-29;9;21888,425;16069,175;6524,350;-1133,125;438,263
2021-04-29;10;21874,863;14501,938;6770,163;-456,750;1068,975
2021-04-29;11;21863,225;14152,588;7378,850;-698,938;1047,600
2021-04-29;12;21946,775;13677,650;7552,600;-161,788;877,988
2021-04-29;13;22170,463;13434,488;7711,538;237,150;794,788
2021-04-29;14;22166,075;13333,450;7918,750;222,038;699,213
2021-04-29;15;21767,075;13344,400;7552,750;97,463;780,313
2021-04-29;16;21720,938;13741,613;7236,600;-65,175;821,350
2021-04-29;17;21191,188;14045,588;6644,663;-188,063;707,075
2021-04-29;18;20979,650;13709,600;6252,513;-145,538;1178,188
2021-04-29;19;20918,838;13995,125;5947,450;-245,700;1227,963
2021-04-29;20;21207,425;14613,688;5680,463;-302,275;1228,100
2021-04-29;21;21878,850;15153,813;5579,563;-74,388;1229,088
2021-04-29;22;20908,800;14106,638;5708,663;-115,925;1228,913
2021-04-29;23;19276,663;12187,875;5841,663;43,163;1225,500
2021-04-29;24;18118,638;10975,150;6195,138;-153,500;1186,413
