Data;Godzina;Krajowe zapotrzebowanie na moc;Sumaryczna generacja JWCD;Sumaryczna generacja nJWCD;Krajowe saldo wymiany miêdzysystemowej równoleg³ej;Krajowe saldo wymiany miêdzysystemowej nierównoleg³ej
2021-08-02;1;14563,063;10359,575;3610,063;-198,700;1055,988
2021-08-02;2;14158,900;10351,088;3762,800;-684,100;1059,350
2021-08-02;3;13930,675;10105,263;3853,925;-764,763;1065,675
2021-08-02;4;13833,213;9951,713;3904,988;-719,575;1022,375
2021-08-02;5;14038,163;9945,750;4118,550;-806,938;1108,950
2021-08-02;6;14419,600;10280,450;4198,375;-581,225;832,688
2021-08-02;7;16683,350;12607,050;4258,788;-432,575;419,675
2021-08-02;8;18926,675;15120,850;4401,625;-932,525;343,513
2021-08-02;9;20173,413;16601,775;4912,438;-1655,450;320,088
2021-08-02;10;20546,475;15199,013;5627,150;-401,513;132,500
2021-08-02;11;20582,188;13747,000;6591,550;103,175;157,925
2021-08-02;12;20768,063;13246,838;7190,850;222,875;123,900
2021-08-02;13;20900,450;13005,363;7722,925;18,188;162,613
2021-08-02;14;20830,163;12432,738;7990,988;290,050;154,613
2021-08-02;15;20646,963;12050,900;8218,275;411,150;100,600
2021-08-02;16;20398,225;12316,875;7899,363;124,725;69,963
2021-08-02;17;20576,675;12968,775;7670,563;-208,438;154,900
2021-08-02;18;20288,113;13813,950;6863,063;-533,100;157,650
2021-08-02;19;20452,975;15536,163;6279,113;-1888,138;531,075
2021-08-02;20;20468,200;16658,688;5223,825;-2078,288;674,138
2021-08-02;21;20560,913;16800,863;4703,825;-1952,038;1022,088
2021-08-02;22;20282,425;16756,238;4740,588;-2243,200;1041,088
2021-08-02;23;18842,000;15391,863;4873,825;-2453,738;1049,488
2021-08-02;24;17424,000;14362,900;4921,188;-2551,763;736,525
