Data;Godzina;Krajowe zapotrzebowanie na moc;Sumaryczna generacja JWCD;Sumaryczna generacja nJWCD;Krajowe saldo wymiany miêdzysystemowej równoleg³ej;Krajowe saldo wymiany miêdzysystemowej nierównoleg³ej
2021-04-17;1;18070,025;12753,113;5788,038;-1656,575;1195,713
2021-04-17;2;17361,975;11977,500;5612,750;-1417,625;1219,438
2021-04-17;3;16952,688;11609,525;5516,388;-1164,063;1252,350
2021-04-17;4;16877,763;11474,388;5451,325;-1019,225;1259,800
2021-04-17;5;16922,850;11488,088;5432,238;-964,900;1258,038
2021-04-17;6;16527,588;11310,163;5373,238;-1089,075;1219,538
2021-04-17;7;17142,713;11315,088;5421,013;-536,788;1179,713
2021-04-17;8;18350,588;11760,163;5366,363;79,100;1242,263
2021-04-17;9;19543,638;12073,475;5426,088;802,588;1259,813
2021-04-17;10;20492,275;12465,788;5600,625;1181,100;1259,938
2021-04-17;11;20795,325;12687,938;5765,075;1106,813;1260,438
2021-04-17;12;21041,438;12851,713;5963,825;990,738;1260,150
2021-04-17;13;20870,250;12891,625;6107,750;625,938;1260,238
2021-04-17;14;20677,363;12287,138;6262,713;879,975;1260,325
2021-04-17;15;20113,138;11639,888;6316,125;905,138;1259,113
2021-04-17;16;19631,875;11628,488;6139,225;613,950;1259,550
2021-04-17;17;19357,050;11642,750;6119,075;344,388;1258,813
2021-04-17;18;19198,188;11647,763;5871,263;421,300;1258,838
2021-04-17;19;19216,788;12325,375;5501,575;134,850;1259,913
2021-04-17;20;19565,625;13167,375;5430,413;-297,713;1259,813
2021-04-17;21;19979,750;14053,975;5417,000;-744,888;1259,750
2021-04-17;22;18997,450;13168,600;5259,025;-659,963;1244,113
2021-04-17;23;18020,525;12447,000;5197,138;-734,913;1119,463
2021-04-17;24;16814,113;11816,750;5047,100;-1158,788;1113,100
