Data;Godzina;Krajowe zapotrzebowanie na moc;Sumaryczna generacja JWCD;Sumaryczna generacja nJWCD;Krajowe saldo wymiany miêdzysystemowej równoleg³ej;Krajowe saldo wymiany miêdzysystemowej nierównoleg³ej
2021-01-21;1;18972,925;9524,938;9775,638;-550,688;482,913
2021-01-21;2;18285,400;9732,463;9679,225;-611,650;483,450
2021-01-21;3;18046,913;9693,375;9649,775;-593,513;479,263
2021-01-21;4;18000,375;9703,600;9602,988;-618,463;481,775
2021-01-21;5;18298,588;9809,563;9661,863;-425,250;271,275
2021-01-21;6;19009,550;9640,313;9840,513;-330,888;154,713
2021-01-21;7;21452,488;11355,925;9948,100;-31,363;189,063
2021-01-21;8;23389,313;14097,638;10097,750;-921,000;119,238
2021-01-21;9;24174,925;14342,163;10358,663;-1065,613;547,575
2021-01-21;10;24373,288;14016,988;10499,175;-701,825;578,413
2021-01-21;11;24220,925;13277,350;10915,013;-521,088;576,250
2021-01-21;12;23934,738;13597,288;10660,300;-896,425;577,013
2021-01-21;13;23500,800;12976,600;10385,300;-421,263;576,900
2021-01-21;14;23449,900;13237,438;10122,700;-476,025;577,488
2021-01-21;15;23204,738;13765,463;9735,275;-869,975;582,213
2021-01-21;16;23285,275;14322,625;9686,925;-1294,838;575,663
2021-01-21;17;24182,750;14796,775;10027,563;-1194,238;574,150
2021-01-21;18;24732,275;14431,938;10493,975;-761,313;570,613
2021-01-21;19;24345,575;14207,913;10576,988;-974,888;538,900
2021-01-21;20;24236,650;14124,388;10396,025;-1036,275;769,650
2021-01-21;21;23671,250;13257,475;10250,750;-824,425;1005,775
2021-01-21;22;22218,113;12212,188;9998,225;-1039,038;1070,700
2021-01-21;23;20768,938;10824,313;9776,575;-879,950;1073,025
2021-01-21;24;19481,925;10091,838;9527,963;-1103,138;1062,250
