Data;Godzina;Krajowe zapotrzebowanie na moc;Sumaryczna generacja JWCD;Sumaryczna generacja nJWCD;Krajowe saldo wymiany miêdzysystemowej równoleg³ej;Krajowe saldo wymiany miêdzysystemowej nierównoleg³ej
2021-02-26;1;17849,663;9650,025;8244,275;-827,213;1123,750
2021-02-26;2;17374,500;9919,825;7921,050;-950,538;1124,175
2021-02-26;3;17044,125;10074,225;7715,250;-1207,188;1124,238
2021-02-26;4;17116,238;10164,588;7559,588;-1067,125;1123,813
2021-02-26;5;17599,663;10198,325;7679,350;-688,938;1077,125
2021-02-26;6;18302,538;10265,138;7602,400;287,288;581,188
2021-02-26;7;20318,875;11459,750;7667,050;168,838;1034,538
2021-02-26;8;21872,200;12511,163;7796,400;461,863;1116,963
2021-02-26;9;22646,275;12352,338;7955,313;1231,538;1124,188
2021-02-26;10;22872,375;12778,200;8134,175;856,288;1123,575
2021-02-26;11;22485,363;11861,663;8214,513;1312,475;1123,375
2021-02-26;12;22894,200;11820,575;8524,875;1806,388;751,500
2021-02-26;13;23037,013;12340,938;8602,800;1275,975;838,363
2021-02-26;14;23105,200;11964,313;8723,850;1319,875;1123,088
2021-02-26;15;22797,025;11721,588;8698,813;1263,275;1121,325
2021-02-26;16;22668,563;11621,700;8708,375;1228,513;1122,250
2021-02-26;17;22715,913;11899,338;8852,488;852,875;1122,825
2021-02-26;18;23269,700;12206,338;8998,500;950,475;1122,175
2021-02-26;19;23684,063;12338,663;9098,100;1127,500;1122,525
2021-02-26;20;23561,713;12706,363;9193,100;555,025;1123,788
2021-02-26;21;22772,525;12242,225;9196,075;226,038;1121,975
2021-02-26;22;21394,563;11081,850;9271,925;-69,438;1123,038
2021-02-26;23;20073,625;10110,738;9359,738;-507,325;1123,688
2021-02-26;24;18866,788;9496,625;9122,150;-823,850;1086,550
