Data;Godzina;Krajowe zapotrzebowanie na moc;Sumaryczna generacja JWCD;Sumaryczna generacja nJWCD;Krajowe saldo wymiany miêdzysystemowej równoleg³ej;Krajowe saldo wymiany miêdzysystemowej nierównoleg³ej
2021-05-26;1;16736,838;10508,838;6088,725;-65,650;299,038
2021-05-26;2;16093,288;10100,013;5968,813;-136,763;500,113
2021-05-26;3;15699,700;10007,288;5878,300;-330,213;634,938
2021-05-26;4;15758,100;10184,325;6130,625;-521,175;639,625
2021-05-26;5;15583,388;10083,850;6108,388;-514,350;641,675
2021-05-26;6;15969,425;10378,675;6144,188;-588,713;627,925
2021-05-26;7;18499,025;12549,175;6297,563;-671,038;521,100
2021-05-26;8;20617,263;14396,925;6818,363;-1020,288;435,538
2021-05-26;9;21286,725;14446,013;7496,138;-1230,238;588,475
2021-05-26;10;21454,038;13878,150;8102,625;-1145,163;630,688
2021-05-26;11;21305,388;13022,813;8601,863;-866,438;561,613
2021-05-26;12;21558,125;12760,725;8974,525;-634,138;476,750
2021-05-26;13;21352,888;12701,975;8884,450;-805,475;596,650
2021-05-26;14;21262,700;12258,488;8899,225;-502,138;630,500
2021-05-26;15;21021,900;11744,975;8919,688;-249,850;629,150
2021-05-26;16;21070,863;11841,725;8578,600;27,113;641,675
2021-05-26;17;20990,463;12437,213;7996,650;-79,688;643,113
2021-05-26;18;20602,325;12879,813;6964,625;128,763;637,013
2021-05-26;19;20708,375;13888,275;6119,413;144,563;566,388
2021-05-26;20;20722,550;14684,800;5203,813;203,300;641,125
2021-05-26;21;20934,850;15079,688;4892,113;337,213;635,013
2021-05-26;22;20825,788;14957,313;4908,425;379,788;594,913
2021-05-26;23;19475,175;13355,375;4892,613;610,088;636,150
2021-05-26;24;18099,063;11661,450;5241,638;584,738;630,163
