Data;Godzina;Krajowe zapotrzebowanie na moc;Sumaryczna generacja JWCD;Sumaryczna generacja nJWCD;Krajowe saldo wymiany miêdzysystemowej równoleg³ej;Krajowe saldo wymiany miêdzysystemowej nierównoleg³ej
2021-08-13;1;17038,563;16454,550;3516,300;-3130,438;211,813
2021-08-13;2;16343,788;15186,875;3658,825;-3285,188;802,738
2021-08-13;3;15923,363;14236,050;3810,338;-2848,325;925,125
2021-08-13;4;15836,813;13928,788;3840,325;-2561,850;953,200
2021-08-13;5;16022,113;14496,350;3890,138;-2925,538;882,013
2021-08-13;6;16195,125;15210,850;3888,013;-3134,575;555,825
2021-08-13;7;18142,125;16149,700;4043,025;-1787,375;-209,738
2021-08-13;8;20000,413;16295,288;4432,950;-56,150;-664,413
2021-08-13;9;21111,375;16529,188;4741,013;722,088;-864,800
2021-08-13;10;21660,100;16366,575;5249,725;989,175;-934,813
2021-08-13;11;21630,563;16185,013;5760,875;620,725;-920,238
2021-08-13;12;21853,613;15487,000;6150,475;624,625;-397,750
2021-08-13;13;22010,975;15142,750;6431,925;542,250;-95,375
2021-08-13;14;22094,050;14821,625;6588,325;537,250;162,550
2021-08-13;15;21634,288;14740,488;6288,738;402,850;202,313
2021-08-13;16;21657,675;14978,538;5951,550;161,363;576,775
2021-08-13;17;21700,563;15322,363;5409,575;321,625;653,838
2021-08-13;18;21737,788;15909,300;4812,563;556,500;461,150
2021-08-13;19;21594,288;16989,000;4271,538;-228,238;564,213
2021-08-13;20;21345,288;17159,238;3854,925;-240,200;580,200
2021-08-13;21;21566,575;17336,175;3829,075;-464,913;868,150
2021-08-13;22;20911,075;16990,025;4064,750;-1091,313;958,450
2021-08-13;23;19425,050;16580,488;4329,963;-2605,150;1133,738
2021-08-13;24;17998,100;15426,550;4686,238;-3052,075;975,775
