Data;Godzina;Krajowe zapotrzebowanie na moc;Sumaryczna generacja JWCD;Sumaryczna generacja nJWCD;Krajowe saldo wymiany miêdzysystemowej równoleg³ej;Krajowe saldo wymiany miêdzysystemowej nierównoleg³ej
2021-02-17;1;19410,650;11438,463;6413,750;1277,400;739,788
2021-02-17;2;18827,225;11511,675;6414,225;821,713;648,875
2021-02-17;3;18454,725;11349,750;6496,838;626,975;500,588
2021-02-17;4;18405,275;11295,113;6633,850;501,850;430,000
2021-02-17;5;18769,238;11477,813;6730,825;453,575;167,588
2021-02-17;6;19501,713;11613,100;6861,938;940,150;105,675
2021-02-17;7;21935,600;13672,950;7021,175;1149,613;95,138
2021-02-17;8;23891,088;15850,475;7286,513;661,738;100,400
2021-02-17;9;24997,125;16748,113;7490,238;622,275;154,850
2021-02-17;10;25672,850;16951,825;7627,675;893,088;219,950
2021-02-17;11;25843,588;16926,350;7762,700;946,875;233,300
2021-02-17;12;25984,788;16449,413;7740,875;1237,913;579,063
2021-02-17;13;25949,488;16447,325;7595,525;1192,388;738,988
2021-02-17;14;25898,300;16639,638;7492,325;1039,188;748,575
2021-02-17;15;25318,900;16339,275;7356,838;1184,525;449,500
2021-02-17;16;24808,825;16298,138;7227,988;911,200;382,088
2021-02-17;17;24593,975;16419,300;7298,000;749,775;140,238
2021-02-17;18;25361,388;17190,238;7363,300;715,150;90,113
2021-02-17;19;25368,200;17061,313;7434,388;757,400;120,213
2021-02-17;20;25173,788;16361,625;7338,800;1034,550;443,550
2021-02-17;21;24534,250;15357,613;7265,175;1259,038;663,650
2021-02-17;22;23021,838;13974,550;7214,375;1226,550;629,463
2021-02-17;23;21474,088;12451,363;6939,650;1334,275;771,875
2021-02-17;24;20275,400;11492,550;6691,738;1597,125;894,963
