Data;Godzina;Krajowe zapotrzebowanie na moc;Sumaryczna generacja JWCD;Sumaryczna generacja nJWCD;Krajowe saldo wymiany miêdzysystemowej równoleg³ej;Krajowe saldo wymiany miêdzysystemowej nierównoleg³ej
2021-02-01;1;17516,738;10316,638;7191,588;427,963;-156,213
2021-02-01;2;17203,563;10612,138;6912,350;468,850;-74,888
2021-02-01;3;17121,688;11231,250;6672,375;109,800;-106,613
2021-02-01;4;17126,813;11505,038;6534,800;367,688;-494,363
2021-02-01;5;17713,413;12110,413;6401,338;478,663;-495,925
2021-02-01;6;18876,438;12840,213;6548,450;412,700;-226,550
2021-02-01;7;21878,063;14596,688;6739,438;558,625;73,213
2021-02-01;8;24021,225;17028,250;7132,800;36,638;-165,138
2021-02-01;9;25355,225;17660,200;7614,400;130,075;-38,000
2021-02-01;10;25976,275;17759,338;8027,500;236,338;-25,600
2021-02-01;11;25952,138;17411,750;8190,938;377,400;-11,075
2021-02-01;12;25646,488;17316,750;7805,288;153,788;380,800
2021-02-01;13;25185,913;17118,150;7434,900;-39,350;688,250
2021-02-01;14;24943,400;17108,500;7236,850;-162,688;764,750
2021-02-01;15;24508,913;16813,338;7284,375;240,563;190,825
2021-02-01;16;24284,325;16488,825;7325,813;335,163;139,450
2021-02-01;17;24780,063;16781,138;7896,613;146,088;-26,700
2021-02-01;18;25723,088;17504,563;8584,025;86,225;-450,763
2021-02-01;19;25547,650;16986,763;9274,588;-475,425;-236,638
2021-02-01;20;25365,025;16149,113;9467,875;-463,550;225,238
2021-02-01;21;24636,663;15173,700;9438,913;-392,838;438,313
2021-02-01;22;23094,938;13777,125;9367,375;-395,575;368,350
2021-02-01;23;21634,938;12130,100;9151,538;127,213;251,500
2021-02-01;24;20347,300;11712,813;8691,688;-3,063;-7,750
