Data;Godzina;Krajowe zapotrzebowanie na moc;Sumaryczna generacja JWCD;Sumaryczna generacja nJWCD;Krajowe saldo wymiany miêdzysystemowej równoleg³ej;Krajowe saldo wymiany miêdzysystemowej nierównoleg³ej
2021-04-10;1;17935,925;11520,263;7104,863;-1297,300;623,150
2021-04-10;2;17248,550;10835,850;6974,488;-1456,050;907,625
2021-04-10;3;16806,638;10465,975;6719,575;-1241,775;927,625
2021-04-10;4;16646,850;10521,875;6413,288;-1067,438;929,225
2021-04-10;5;16647,213;10777,488;6059,163;-840,850;928,425
2021-04-10;6;16473,438;10799,825;5899,625;-896,975;903,288
2021-04-10;7;16834,038;11682,263;5836,025;-1384,350;845,713
2021-04-10;8;18004,325;12051,913;5920,888;-853,050;894,438
2021-04-10;9;18999,238;12126,975;6011,125;260,100;614,388
2021-04-10;10;19658,988;12429,475;6155,125;409,100;678,625
2021-04-10;11;19737,675;12509,900;6286,000;255,813;698,913
2021-04-10;12;19918,475;12296,713;6553,363;281,813;805,263
2021-04-10;13;19566,075;11498,038;6581,738;432,538;1068,950
2021-04-10;14;19180,775;10743,938;6366,900;975,713;1098,213
2021-04-10;15;18848,425;10450,825;6275,850;1110,175;1012,238
2021-04-10;16;18536,738;10758,400;5953,188;906,213;930,675
2021-04-10;17;18493,638;11227,075;5622,388;822,900;840,738
2021-04-10;18;18519,500;11777,075;5221,538;732,513;800,013
2021-04-10;19;18558,963;12592,563;4898,138;153,863;925,175
2021-04-10;20;19158,275;13165,475;4875,213;301,938;820,825
2021-04-10;21;19665,163;13294,650;5024,938;405,313;958,825
2021-04-10;22;18708,450;12112,175;5083,250;439,075;1088,938
2021-04-10;23;17678,425;11216,000;5056,750;160,838;1261,313
2021-04-10;24;16534,500;10340,275;5107,250;300,213;807,675
