Data;Godzina;Krajowe zapotrzebowanie na moc;Sumaryczna generacja JWCD;Sumaryczna generacja nJWCD;Krajowe saldo wymiany miêdzysystemowej równoleg³ej;Krajowe saldo wymiany miêdzysystemowej nierównoleg³ej
2022-01-24;1;17592,013;12377,938;5769,750;-1252,250;1056,100
2022-01-24;2;17121,375;11983,925;5856,788;-1303,525;976,175
2022-01-24;3;16952,350;11725,475;5956,025;-1322,638;980,563
2022-01-24;4;16986,200;11904,638;6055,788;-1560,938;981,775
2022-01-24;5;17499,825;12328,650;6174,938;-1500,400;976,700
2022-01-24;6;18617,750;13329,088;6341,550;-1325,250;821,788
2022-01-24;7;21641,375;15179,313;6385,475;-785,950;968,625
2022-01-24;8;23850,150;17482,313;6472,975;-1086,638;980,075
2022-01-24;9;24988,363;18352,800;6789,213;-1114,375;967,588
2022-01-24;10;25606,800;18393,375;7119,238;-857,850;965,500
2022-01-24;11;25601,750;17911,150;7508,075;-775,775;966,938
2022-01-24;12;25880,038;17960,613;7796,375;-819,775;956,400
2022-01-24;13;25783,013;17846,100;7824,988;-839,925;960,088
2022-01-24;14;25803,938;18122,438;7802,525;-1088,225;965,988
2022-01-24;15;25514,425;17924,063;7647,050;-1025,875;971,663
2022-01-24;16;25327,288;18201,275;7403,988;-1232,738;958,500
2022-01-24;17;25567,713;18309,113;7324,938;-1029,988;956,550
2022-01-24;18;25787,250;18433,925;7394,650;-1005,563;955,550
2022-01-24;19;25419,950;18164,638;7422,400;-1132,463;964,725
2022-01-24;20;25241,763;17925,675;7442,375;-1099,050;973,913
2022-01-24;21;24589,175;17193,213;7429,763;-987,050;964,038
2022-01-24;22;23087,838;15663,150;7452,013;-966,475;968,050
2022-01-24;23;21628,638;14275,288;7608,438;-1209,913;975,475
2022-01-24;24;20331,113;13262,775;7822,713;-1592,713;976,475
