Data;Godzina;Krajowe zapotrzebowanie na moc;Sumaryczna generacja JWCD;Sumaryczna generacja nJWCD;Krajowe saldo wymiany miêdzysystemowej równoleg³ej;Krajowe saldo wymiany miêdzysystemowej nierównoleg³ej
2022-02-16;1;18301,575;9059,388;9054,750;-505,650;720,500
2022-02-16;2;17752,138;8789,388;9236,400;-506,863;597,988
2022-02-16;3;17400,400;8803,200;9442,163;-460,075;446,900
2022-02-16;4;17489,700;8821,375;9646,250;-444,950;313,788
2022-02-16;5;17776,738;8815,450;9802,775;-452,700;464,313
2022-02-16;6;18653,700;9395,725;10016,650;-358,950;413,825
2022-02-16;7;20994,413;10412,388;10098,650;-196,175;879,150
2022-02-16;8;22553,738;12457,688;9995,063;-182,375;292,938
2022-02-16;9;23210,975;12703,525;10201,288;-21,313;337,363
2022-02-16;10;23035,900;12614,888;10660,725;-517,400;286,925
2022-02-16;11;22456,913;11588,788;10994,788;-867,713;748,788
2022-02-16;12;22655,813;11448,700;11515,063;-888,025;588,163
2022-02-16;13;22933,438;11257,375;11925,288;-820,625;583,900
2022-02-16;14;23146,025;10846,788;12296,363;-763,575;778,488
2022-02-16;15;23028,213;10811,525;12123,975;-670,288;770,925
2022-02-16;16;23129,275;11001,213;11807,138;-754,363;1080,275
2022-02-16;17;23332,238;11889,963;11615,350;-1305,775;1144,625
2022-02-16;18;23935,463;12597,388;11477,463;-982,000;847,188
2022-02-16;19;23954,763;12883,200;11541,288;-1069,825;602,888
2022-02-16;20;23853,425;12299,600;11465,388;-976,213;1072,538
2022-02-16;21;23213,100;11800,888;11433,263;-1213,613;1187,438
2022-02-16;22;21697,975;10247,725;11364,075;-1095,650;1187,300
2022-02-16;23;20133,400;9009,650;11154,025;-1112,575;1099,250
2022-02-16;24;18880,338;7801,613;11107,600;-1075,875;1095,450
