Data;Godzina;Krajowe zapotrzebowanie na moc;Sumaryczna generacja JWCD;Sumaryczna generacja nJWCD;Krajowe saldo wymiany miêdzysystemowej równoleg³ej;Krajowe saldo wymiany miêdzysystemowej nierównoleg³ej
2022-03-08;1;19459,725;15666,825;6044,050;-2463,888;259,325
2022-03-08;2;18944,663;15794,875;5815,425;-2555,063;257,850
2022-03-08;3;18648,075;15743,625;5799,000;-2602,200;209,988
2022-03-08;4;18707,538;15876,438;5793,813;-2586,738;167,663
2022-03-08;5;19162,275;16622,425;5827,275;-2608,788;-60,788
2022-03-08;6;19843,575;16566,288;5795,725;-2385,275;610,438
2022-03-08;7;21920,788;16757,538;5741,200;-1308,163;933,688
2022-03-08;8;23663,738;17781,950;5857,763;-905,738;938,950
2022-03-08;9;24507,638;18103,750;6332,713;-831,200;918,188
2022-03-08;10;24677,438;17602,575;7095,163;-738,550;746,275
2022-03-08;11;24048,463;16901,175;7459,713;-820,938;528,125
2022-03-08;12;23958,863;16480,838;8005,213;-773,538;269,400
2022-03-08;13;23998,025;15978,000;8524,938;-960,775;480,088
2022-03-08;14;23946,088;15634,100;8592,875;-721,013;465,375
2022-03-08;15;23754,625;15628,300;8104,813;-451,963;495,763
2022-03-08;16;23779,313;16685,488;7262,788;-763,338;610,375
2022-03-08;17;24148,538;17723,888;6621,613;-1046,163;863,988
2022-03-08;18;24419,425;18226,250;5947,963;-699,738;963,013
2022-03-08;19;25128,350;18585,388;5970,763;-364,213;958,138
2022-03-08;20;25211,938;18323,288;6093,838;-166,963;979,238
2022-03-08;21;24589,625;17910,750;6221,850;-490,213;966,800
2022-03-08;22;23035,663;16983,700;6194,813;-907,688;789,763
2022-03-08;23;21591,963;16131,825;6097,350;-1091,375;489,900
2022-03-08;24;20450,338;16359,900;6104,113;-1728,538;-37,275
