Data;Godzina;Krajowe zapotrzebowanie na moc;Sumaryczna generacja JWCD;Sumaryczna generacja nJWCD;Krajowe saldo wymiany miêdzysystemowej równoleg³ej;Krajowe saldo wymiany miêdzysystemowej nierównoleg³ej
2022-02-02;1;19208,713;10595,813;9931,850;-844,013;-142,388
2022-02-02;2;18622,775;10823,488;9866,338;-1225,588;-167,763
2022-02-02;3;18268,463;10320,538;9990,250;-1244,775;-44,900
2022-02-02;4;18276,988;10680,163;9816,463;-1326,525;-82,113
2022-02-02;5;18659,763;11485,725;9671,850;-1235,025;-301,775
2022-02-02;6;19544,400;12757,513;9440,238;-1348,463;-444,950
2022-02-02;7;21894,263;14125,938;9357,738;-962,088;-380,975
2022-02-02;8;23554,613;15499,138;9126,750;-788,363;-280,925
2022-02-02;9;24519,138;15963,900;8906,475;-474,888;141,000
2022-02-02;10;24931,413;16363,088;8978,163;-558,200;176,525
2022-02-02;11;25010,713;16270,063;9089,425;-421,838;94,163
2022-02-02;12;25462,500;16417,738;9421,388;-482,750;117,788
2022-02-02;13;25451,088;16135,863;9549,025;-192,738;-26,900
2022-02-02;14;25482,825;16248,650;9494,800;-487,338;247,900
2022-02-02;15;25074,313;16227,025;9280,288;-745,938;326,363
2022-02-02;16;24900,113;16072,563;9151,638;-640,750;321,525
2022-02-02;17;24935,188;16014,063;9135,663;-528,475;324,150
2022-02-02;18;25271,338;16403,938;8986,000;-378,588;272,088
2022-02-02;19;25044,450;16445,850;8780,738;-534,550;368,913
2022-02-02;20;25035,438;16659,063;8441,650;-458,000;412,538
2022-02-02;21;24434,263;16319,563;8163,988;-448,588;413,038
2022-02-02;22;23076,888;15623,388;7840,913;-582,725;238,075
2022-02-02;23;21775,713;14635,963;7517,963;-348,500;-12,800
2022-02-02;24;20496,888;14082,700;7345,725;-518,113;-393,425
