Data;Godzina;Krajowe zapotrzebowanie na moc;Sumaryczna generacja JWCD;Sumaryczna generacja nJWCD;Krajowe saldo wymiany miêdzysystemowej równoleg³ej;Krajowe saldo wymiany miêdzysystemowej nierównoleg³ej
2022-02-23;1;18566,650;10294,775;8841,138;-714,088;362,538
2022-02-23;2;17981,188;10290,738;9278,638;-1204,375;381,988
2022-02-23;3;17702,488;10480,438;9615,925;-1307,925;153,163
2022-02-23;4;17769,200;10424,175;10103,425;-1359,713;-141,463
2022-02-23;5;18113,038;10725,350;10512,700;-1661,438;-221,750
2022-02-23;6;18884,838;10947,138;10819,600;-1513,688;-395,300
2022-02-23;7;21168,188;12352,863;11099,963;-1604,950;-561,963
2022-02-23;8;22883,988;14549,313;11291,100;-1861,363;-1098,425
2022-02-23;9;23785,950;15409,775;11492,375;-2108,325;-1009,450
2022-02-23;10;24199,413;14351,400;12138,275;-1783,788;-498,038
2022-02-23;11;23700,488;13508,175;12231,800;-1085,713;-949,300
2022-02-23;12;23940,163;13234,175;12573,125;-1293,225;-568,625
2022-02-23;13;23813,313;12959,350;12660,375;-1653,213;-140,513
2022-02-23;14;23926,138;12516,413;12941,363;-1524,363;5,938
2022-02-23;15;23625,925;12048,513;12767,500;-1333,450;140,875
2022-02-23;16;23685,313;12735,088;12084,150;-1607,738;470,000
2022-02-23;17;23926,363;13949,788;11157,138;-1690,463;503,950
2022-02-23;18;24485,813;15116,150;9767,500;-993,050;595,488
2022-02-23;19;24877,863;16312,163;9013,563;-1139,875;697,913
2022-02-23;20;24847,863;16560,863;8664,975;-1134,000;768,125
2022-02-23;21;24239,775;16236,475;8386,500;-1328,713;938,138
2022-02-23;22;22679,613;15151,575;8120,200;-1570,750;980,038
2022-02-23;23;21213,688;13747,713;7945,875;-1443,150;975,125
2022-02-23;24;19943,100;12197,138;7960,213;-1179,725;978,163
