Data;Godzina;Krajowe zapotrzebowanie na moc;Sumaryczna generacja JWCD;Sumaryczna generacja nJWCD;Krajowe saldo wymiany miêdzysystemowej równoleg³ej;Krajowe saldo wymiany miêdzysystemowej nierównoleg³ej
2022-02-17;1;17824,150;7311,750;10984,675;-1188,350;1003,150
2022-02-17;2;17248,900;7301,338;10840,738;-1145,750;1021,325
2022-02-17;3;16758,338;7455,638;10492,163;-1353,650;1020,888
2022-02-17;4;16767,413;7515,725;10384,113;-1126,375;1031,913
2022-02-17;5;16908,438;7592,400;10238,563;-918,463;1011,950
2022-02-17;6;17886,038;8553,525;9976,813;-754,263;936,150
2022-02-17;7;20111,400;10556,475;10131,750;-1151,500;934,825
2022-02-17;8;21700,000;11890,525;10401,575;-566,588;12,488
2022-02-17;9;22769,700;12186,425;11015,313;-385,888;-31,063
2022-02-17;10;23225,388;11804,963;11444,725;-556,163;553,013
2022-02-17;11;22984,338;11989,563;11400,288;-956,950;586,675
2022-02-17;12;23237,163;12231,238;11534,325;-1103,413;593,213
2022-02-17;13;23155,625;11789,300;11451,213;-661,275;594,188
2022-02-17;14;23273,175;11993,975;11648,638;-945,388;589,275
2022-02-17;15;23067,350;11771,313;11720,013;-999,050;584,888
2022-02-17;16;23033,138;12065,038;11515,025;-1132,600;597,700
2022-02-17;17;23142,938;12078,150;11272,963;-1170,675;964,475
2022-02-17;18;23877,275;12910,900;11143,338;-913,863;735,013
2022-02-17;19;23954,300;13230,138;11084,750;-1098,825;751,600
2022-02-17;20;23808,875;12855,750;11050,713;-1258,863;1164,450
2022-02-17;21;23308,263;12050,650;11125,388;-1056,075;1190,650
2022-02-17;22;21695,350;10444,550;11102,638;-1031,900;1189,038
2022-02-17;23;20258,338;9207,675;11093,563;-1230,600;1198,400
2022-02-17;24;19075,975;8203,600;11085,250;-1078,038;1173,138
