Data;Godzina;Krajowe zapotrzebowanie na moc;Sumaryczna generacja JWCD;Sumaryczna generacja nJWCD;Krajowe saldo wymiany miêdzysystemowej równoleg³ej;Krajowe saldo wymiany miêdzysystemowej nierównoleg³ej
2022-01-01;1;14910,838;6470,388;8656,263;-955,963;783,663
2022-01-01;2;14438,250;6381,288;8628,425;-959,363;796,300
2022-01-01;3;13934,850;6462,650;8447,588;-1159,250;874,763
2022-01-01;4;13579,013;6606,600;8366,888;-1263,850;737,575
2022-01-01;5;13396,763;6357,138;8502,813;-1315,625;718,975
2022-01-01;6;13364,275;6344,413;8499,513;-1334,763;715,763
2022-01-01;7;13449,125;6372,963;8365,775;-1035,525;604,613
2022-01-01;8;13444,275;6369,338;8311,525;-1024,950;650,625
2022-01-01;9;13527,463;6288,363;8331,275;-1287,950;778,163
2022-01-01;10;14202,300;6650,825;8434,075;-1207,400;508,938
2022-01-01;11;14851,475;6847,938;8305,275;99,188;-351,750
2022-01-01;12;15642,663;7551,400;8212,750;672,213;-775,900
2022-01-01;13;16235,188;8927,575;7938,500;415,700;-1031,288
2022-01-01;14;16711,688;9696,475;7505,350;599,888;-1074,588
2022-01-01;15;16873,763;10109,425;7046,200;754,025;-1021,050
2022-01-01;16;17032,338;10783,738;6580,675;629,388;-955,175
2022-01-01;17;17715,213;11433,938;6094,213;992,488;-799,888
2022-01-01;18;17886,913;11544,888;5898,750;432,213;21,050
2022-01-01;19;17929,075;11241,075;5658,413;554,000;485,500
2022-01-01;20;17898,400;11178,725;5531,325;310,888;889,900
2022-01-01;21;17593,863;11111,538;5418,925;254,663;820,888
2022-01-01;22;16971,963;10825,750;5424,213;1,400;737,475
2022-01-01;23;16426,200;10281,225;5382,750;62,150;711,463
2022-01-01;24;15410,875;9047,438;5507,200;740,400;136,238
