Data;Godzina;Krajowe zapotrzebowanie na moc;Sumaryczna generacja JWCD;Sumaryczna generacja nJWCD;Krajowe saldo wymiany miêdzysystemowej równoleg³ej;Krajowe saldo wymiany miêdzysystemowej nierównoleg³ej
2022-02-20;1;16083,350;7867,300;9901,788;-2000,038;666,650
2022-02-20;2;15470,688;7568,350;9844,913;-2147,000;605,188
2022-02-20;3;15174,588;7483,575;9648,950;-2085,913;612,338
2022-02-20;4;14945,025;7490,975;9344,363;-2015,175;605,963
2022-02-20;5;14977,463;7724,863;9045,950;-1944,900;599,863
2022-02-20;6;15098,313;7839,138;8744,563;-1708,113;577,338
2022-02-20;7;15182,813;7687,563;8536,225;-1276,575;587,275
2022-02-20;8;15636,263;7740,188;8639,525;-987,325;564,875
2022-02-20;9;16567,788;7769,438;8949,288;-581,175;580,663
2022-02-20;10;17653,650;8503,888;9446,275;-742,750;478,363
2022-02-20;11;18561,388;9326,075;9886,863;-1214,600;576,938
2022-02-20;12;18919,700;9291,688;9864,013;-726,350;502,800
2022-02-20;13;19102,950;9220,100;10120,188;-838,738;614,388
2022-02-20;14;19168,475;8981,725;10077,638;-379,963;508,838
2022-02-20;15;18490,863;8834,088;9628,463;-442,463;486,175
2022-02-20;16;18313,613;9388,738;9188,350;-817,938;571,463
2022-02-20;17;18264,438;9846,950;8896,113;-900,963;434,113
2022-02-20;18;19189,425;10320,300;9322,188;-1030,238;588,400
2022-02-20;19;19713,988;10481,900;10086,213;-1423,500;582,213
2022-02-20;20;19702,475;9799,613;10645,363;-1181,763;446,188
2022-02-20;21;19250,975;8879,525;11027,950;-1238,113;590,813
2022-02-20;22;18329,888;7757,113;11269,963;-1048,125;374,013
2022-02-20;23;17614,875;6734,950;11216,275;-735,575;509,975
2022-02-20;24;16768,438;6099,050;11182,838;-839,850;558,513
