Data;Godzina;Krajowe zapotrzebowanie na moc;Sumaryczna generacja JWCD;Sumaryczna generacja nJWCD;Krajowe saldo wymiany miêdzysystemowej równoleg³ej;Krajowe saldo wymiany miêdzysystemowej nierównoleg³ej
2022-01-11;1;19611,750;14259,900;6272,625;-1526,563;1019,300
2022-01-11;2;19217,950;14847,750;6164,363;-2095,425;937,188
2022-01-11;3;19021,900;14740,875;6084,150;-2093,913;952,600
2022-01-11;4;18956,225;14730,188;5926,275;-2079,038;929,738
2022-01-11;5;19357,050;14971,800;5868,313;-2002,188;956,038
2022-01-11;6;20256,788;15200,475;5800,275;-1323,300;1067,750
2022-01-11;7;23058,125;16961,763;5781,675;-649,988;1047,188
2022-01-11;8;25135,400;19033,388;5772,425;-492,325;823,400
2022-01-11;9;25808,550;19219,313;5833,663;13,488;754,100
2022-01-11;10;26075,113;18907,338;6144,800;-32,363;1065,775
2022-01-11;11;25762,788;18304,463;6626,588;-149,613;1005,763
2022-01-11;12;25851,925;18151,975;6908,613;-78,575;894,813
2022-01-11;13;25869,713;17597,150;6902,450;484,050;904,963
2022-01-11;14;25903,625;17626,025;6772,800;607,263;918,738
2022-01-11;15;25717,275;17929,075;6369,713;494,250;943,138
2022-01-11;16;25698,613;18228,038;6065,550;342,813;1073,300
2022-01-11;17;26333,913;18564,388;5963,413;715,788;1094,813
2022-01-11;18;26376,225;18769,700;6065,438;443,813;1107,713
2022-01-11;19;26035,275;18598,838;6173,113;182,075;1095,388
2022-01-11;20;25911,988;18387,338;6296,363;159,075;1078,650
2022-01-11;21;25398,425;18036,038;6303,488;-9,263;1091,000
2022-01-11;22;23889,963;17372,613;6302,150;-866,688;1099,913
2022-01-11;23;22446,150;15839,100;6418,700;-915,700;1110,900
2022-01-11;24;21031,300;14623,525;6414,875;-1081,838;1112,000
