Data;Godzina;Krajowe zapotrzebowanie na moc;Sumaryczna generacja JWCD;Sumaryczna generacja nJWCD;Krajowe saldo wymiany miêdzysystemowej równoleg³ej;Krajowe saldo wymiany miêdzysystemowej nierównoleg³ej
2022-01-09;1;17077,663;9905,125;6711,513;279,263;190,925
2022-01-09;2;16344,488;9598,600;6704,763;-34,700;171,600
2022-01-09;3;15912,913;9181,613;6846,738;-210,788;240,575
2022-01-09;4;15681,063;9011,938;7003,963;-214,050;152,075
2022-01-09;5;15813,363;9045,350;7128,513;-170,175;151,100
2022-01-09;6;16036,638;8862,925;7526,338;-148,900;137,863
2022-01-09;7;16484,300;9208,200;7710,688;-237,575;131,200
2022-01-09;8;16835,425;9276,150;7853,675;-290,825;29,925
2022-01-09;9;17299,488;9464,938;7986,050;-131,475;-8,200
2022-01-09;10;17983,450;10515,600;8304,350;-678,213;-149,188
2022-01-09;11;18426,813;11458,900;8276,600;-1445,563;147,675
2022-01-09;12;18351,738;11389,763;8108,550;-1498,350;359,575
2022-01-09;13;18560,663;11086,938;7976,088;-1086,200;593,188
2022-01-09;14;19110,688;11680,600;7699,563;-763,963;503,450
2022-01-09;15;19472,200;12214,325;7327,300;-670,350;610,688
2022-01-09;16;19621,313;12737,050;7115,125;-848,575;617,288
2022-01-09;17;20519,413;13132,513;7384,563;-702,150;714,750
2022-01-09;18;20862,875;13144,325;7685,113;-863,438;895,125
2022-01-09;19;20844,813;13148,713;7750,138;-1005,013;964,350
2022-01-09;20;20951,913;13316,650;7579,300;-1022,663;1084,850
2022-01-09;21;20552,363;13391,488;7174,600;-1133,650;1126,000
2022-01-09;22;19667,825;12722,813;6996,075;-1173,575;1129,875
2022-01-09;23;18919,088;12052,938;6841,400;-1077,500;1118,975
2022-01-09;24;17734,013;11216,700;6669,500;-1220,800;1119,263
