Data;Godzina;Krajowe zapotrzebowanie na moc;Sumaryczna generacja JWCD;Sumaryczna generacja nJWCD;Krajowe saldo wymiany miêdzysystemowej równoleg³ej;Krajowe saldo wymiany miêdzysystemowej nierównoleg³ej
2022-01-18;1;19150,513;10795,988;9461,600;-1616,638;1033,550
2022-01-18;2;18590,325;10402,938;9608,063;-1687,188;1100,100
2022-01-18;3;18218,013;10311,788;9530,675;-1714,425;913,913
2022-01-18;4;18234,400;10822,500;9528,563;-1893,238;427,300
2022-01-18;5;18523,563;11734,450;9257,700;-1772,025;-115,975
2022-01-18;6;19383,950;12665,513;9032,938;-1776,575;-29,163
2022-01-18;7;22139,563;14065,175;8638,525;-1344,613;898,025
2022-01-18;8;24112,125;16062,913;8639,238;-1304,050;713,263
2022-01-18;9;24927,863;16408,525;8630,863;-797,438;691,813
2022-01-18;10;25159,813;16329,500;8377,788;56,675;409,650
2022-01-18;11;25023,038;16674,900;8250,000;-323,263;438,425
2022-01-18;12;25153,513;16829,038;8143,913;-540,800;732,725
2022-01-18;13;25158,438;16931,313;7997,875;-842,200;1088,700
2022-01-18;14;25231,600;16769,000;7925,213;-500,813;1047,775
2022-01-18;15;25052,813;16913,963;7643,488;-552,988;1058,438
2022-01-18;16;25082,675;16961,425;7438,463;-394,763;1083,375
2022-01-18;17;25591,888;17250,438;7528,338;-240,838;1062,200
2022-01-18;18;25849,050;16892,750;7715,725;160,200;1086,850
2022-01-18;19;25538,563;16857,950;7891,088;-309,313;1111,600
2022-01-18;20;25409,250;16966,038;7958,325;-613,200;1114,488
2022-01-18;21;24818,000;16499,213;8154,163;-923,800;1103,463
2022-01-18;22;23204,463;15357,100;7994,700;-1245,488;1120,788
2022-01-18;23;21820,600;13981,313;8036,525;-1287,300;1104,250
2022-01-18;24;20519,588;12912,313;8253,400;-1740,475;1113,150
