Data;Godzina;Krajowe zapotrzebowanie na moc;Sumaryczna generacja JWCD;Sumaryczna generacja nJWCD;Krajowe saldo wymiany miêdzysystemowej równoleg³ej;Krajowe saldo wymiany miêdzysystemowej nierównoleg³ej
2022-03-17;1;18732,238;13824,950;6467,163;-2057,413;715,163
2022-03-17;2;18080,475;13415,000;6560,200;-2190,738;695,788
2022-03-17;3;17742,188;12488,700;6701,938;-1705,513;670,463
2022-03-17;4;17933,313;12696,200;6907,488;-1886,775;629,713
2022-03-17;5;18189,313;13049,600;6920,113;-1970,388;596,038
2022-03-17;6;18757,925;13480,975;7117,675;-2093,550;601,063
2022-03-17;7;20725,938;14192,925;7588,813;-1808,763;846,225
2022-03-17;8;22296,975;14957,425;8159,900;-1679,925;858,100
2022-03-17;9;22636,475;15559,550;8451,138;-2034,350;653,925
2022-03-17;10;22492,925;15426,375;9113,850;-2104,800;51,800
2022-03-17;11;22110,013;13992,475;10128,825;-2164,075;152,988
2022-03-17;12;22378,713;13013,425;10829,038;-1772,100;315,700
2022-03-17;13;22697,763;13095,425;10934,650;-1664,925;339,875
2022-03-17;14;22968,588;13759,425;10364,663;-1592,913;441,850
2022-03-17;15;22807,113;14066,175;9614,975;-1583,188;713,763
2022-03-17;16;23110,850;15341,663;8730,613;-1776,263;819,988
2022-03-17;17;23385,988;15396,213;8215,425;-1175,500;959,200
2022-03-17;18;23399,800;15635,125;7914,913;-1110,525;974,038
2022-03-17;19;24234,175;16045,750;8250,713;-1036,488;974,150
2022-03-17;20;24503,888;15876,200;8605,213;-945,313;965,963
2022-03-17;21;23773,925;15302,963;8677,513;-1165,188;968,013
2022-03-17;22;22383,250;14813,588;8548,113;-1854,513;880,363
2022-03-17;23;20825,563;13536,288;8030,338;-1588,388;860,238
2022-03-17;24;19614,138;12441,538;7685,363;-1453,200;975,188
