Data;Godzina;Krajowe zapotrzebowanie na moc;Sumaryczna generacja JWCD;Sumaryczna generacja nJWCD;Krajowe saldo wymiany miêdzysystemowej równoleg³ej;Krajowe saldo wymiany miêdzysystemowej nierównoleg³ej
2022-01-28;1;18786,200;8814,725;11357,813;-1169,013;281,950
2022-01-28;2;18214,113;8752,963;11320,588;-1076,388;138,813
2022-01-28;3;17850,763;8432,763;11290,150;-916,050;210,850
2022-01-28;4;17833,650;8468,825;11279,588;-920,950;175,163
2022-01-28;5;18259,675;8803,288;11308,300;-918,000;88,488
2022-01-28;6;19073,700;9388,425;11350,750;-991,163;8,188
2022-01-28;7;21520,938;11119,263;11458,563;-1058,825;107,975
2022-01-28;8;23130,150;12336,175;11537,788;-785,988;55,513
2022-01-28;9;24291,888;13145,600;11604,950;-660,900;217,375
2022-01-28;10;24957,675;13654,763;11698,600;-630,763;261,463
2022-01-28;11;24985,875;13411,613;11886,713;-585,388;295,763
2022-01-28;12;25372,263;13771,063;12110,225;-812,000;323,875
2022-01-28;13;25504,750;13627,163;12213,200;-641,650;335,738
2022-01-28;14;25481,025;13420,038;12074,725;-409,613;425,588
2022-01-28;15;25185,300;13498,125;12034,450;-602,475;279,488
2022-01-28;16;24893,750;13635,350;11681,188;-696,613;281,688
2022-01-28;17;25032,888;14193,675;11009,325;-683,825;527,563
2022-01-28;18;25309,950;14437,150;10765,088;-483,450;606,200
2022-01-28;19;24959,388;14349,163;10741,800;-774,575;667,238
2022-01-28;20;24770,863;14280,175;10463,313;-790,113;839,513
2022-01-28;21;24171,838;14118,500;10100,250;-974,500;944,288
2022-01-28;22;22652,588;13165,088;9517,875;-1094,688;1092,975
2022-01-28;23;21201,350;12328,550;9161,100;-1190,038;920,725
2022-01-28;24;20068,925;11489,938;8832,588;-1166,838;945,425
