Data;Godzina;Krajowe zapotrzebowanie na moc;Sumaryczna generacja JWCD;Sumaryczna generacja nJWCD;Krajowe saldo wymiany miêdzysystemowej równoleg³ej;Krajowe saldo wymiany miêdzysystemowej nierównoleg³ej
2022-01-05;1;17752,388;10499,113;8066,375;-1517,513;800,075
2022-01-05;2;17162,550;10434,738;7871,500;-984,388;604,400
2022-01-05;3;16786,863;10383,663;7550,700;-814,250;627,963
2022-01-05;4;16803,300;10437,375;7363,125;-490,700;461,975
2022-01-05;5;17165,550;10685,650;7145,138;-277,500;331,775
2022-01-05;6;17873,775;11395,975;7074,238;-309,913;272,463
2022-01-05;7;20242,513;13309,813;7210,350;-321,125;154,988
2022-01-05;8;22207,438;15271,488;7375,788;-560,475;127,175
2022-01-05;9;23028,438;16305,138;7423,175;-1089,125;399,325
2022-01-05;10;23534,675;16435,725;7689,313;-954,563;370,263
2022-01-05;11;23727,425;16422,650;7810,163;-747,850;256,288
2022-01-05;12;24107,313;16298,050;8217,125;-408,700;7,238
2022-01-05;13;24197,475;16304,275;8383,163;-385,500;-88,025
2022-01-05;14;24214,813;16361,138;8228,888;-268,500;-98,025
2022-01-05;15;23969,363;16187,563;8513,900;-637,513;-89,425
2022-01-05;16;23815,588;16027,425;8608,275;-683,738;-121,413
2022-01-05;17;24337,563;16284,688;8822,263;-678,538;-80,875
2022-01-05;18;24205,300;16153,538;8953,338;-950,375;55,913
2022-01-05;19;23696,675;15980,700;9073,525;-1182,500;-163,825
2022-01-05;20;23424,950;16014,475;9109,388;-1589,400;-91,525
2022-01-05;21;22866,225;15359,850;9234,150;-1816,475;97,013
2022-01-05;22;21539,875;14009,813;9241,050;-1658,350;-41,675
2022-01-05;23;20089,138;12614,500;9200,388;-2324,363;607,750
2022-01-05;24;18792,288;10970,613;9127,063;-2295,513;995,700
