Data;Godzina;Krajowe zapotrzebowanie na moc;Sumaryczna generacja JWCD;Sumaryczna generacja nJWCD;Krajowe saldo wymiany miêdzysystemowej równoleg³ej;Krajowe saldo wymiany miêdzysystemowej nierównoleg³ej
2022-03-03;1;19454,700;14852,638;5501,613;-827,575;533,413
2022-03-03;2;18878,575;15004,675;5415,188;-1230,075;499,850
2022-03-03;3;18619,463;15046,575;5419,675;-1526,763;489,475
2022-03-03;4;18734,663;15296,800;5484,500;-1709,825;460,788
2022-03-03;5;19021,975;15044,925;5507,325;-1514,475;573,900
2022-03-03;6;19864,188;15400,900;5525,938;-1338,363;537,050
2022-03-03;7;22137,763;16703,575;5638,263;-1163,650;955,263
2022-03-03;8;23809,900;17961,413;5911,175;-1006,288;943,588
2022-03-03;9;24288,000;17696,588;6492,038;-833,913;936,263
2022-03-03;10;24180,988;17389,550;7119,263;-938,138;616,250
2022-03-03;11;23698,450;16884,925;7574,838;-1375,225;627,463
2022-03-03;12;23783,963;16950,350;7899,950;-1084,750;32,725
2022-03-03;13;23880,575;16575,913;8293,738;-1135,550;161,700
2022-03-03;14;24223,750;16275,050;8327,475;-660,200;297,000
2022-03-03;15;24174,825;16462,325;8095,188;-542,050;172,425
2022-03-03;16;24338,550;16940,238;7548,200;-1059,663;926,538
2022-03-03;17;24459,200;17580,813;7025,175;-1105,388;966,963
2022-03-03;18;24804,500;18090,925;6898,200;-1112,925;916,838
2022-03-03;19;25323,900;18547,238;6947,825;-1144,925;971,300
2022-03-03;20;25305,150;18384,988;6880,488;-928,175;977,375
2022-03-03;21;24736,675;17979,238;6588,288;-788,425;966,938
2022-03-03;22;23241,300;17195,800;6435,488;-1015,088;646,813
2022-03-03;23;21663,350;16543,588;6263,200;-1410,388;313,025
2022-03-03;24;20415,013;15504,813;6225,725;-987,963;45,750
