Data;Godzina;Krajowe zapotrzebowanie na moc;Sumaryczna generacja JWCD;Sumaryczna generacja nJWCD;Krajowe saldo wymiany miêdzysystemowej równoleg³ej;Krajowe saldo wymiany miêdzysystemowej nierównoleg³ej
2022-01-03;1;14917,713;5770,038;10489,275;687,713;-1006,138
2022-01-03;2;14445,800;6138,263;10111,225;770,500;-1062,113
2022-01-03;3;14222,638;6182,850;9777,450;837,150;-1069,525
2022-01-03;4;14320,250;6429,875;9470,613;973,050;-1057,713
2022-01-03;5;14814,363;7037,113;9136,500;1036,913;-1021,850
2022-01-03;6;15727,125;8170,550;8618,050;245,388;-452,563
2022-01-03;7;18749,400;10388,625;8486,113;-26,213;147,188
2022-01-03;8;20920,800;12903,438;8289,788;-405,813;166,963
2022-01-03;9;22134,988;13989,713;8493,363;-782,300;432,013
2022-01-03;10;22928,875;14234,275;8737,975;-433,125;389,550
2022-01-03;11;22934,625;13316,763;9140,738;169,538;321,075
2022-01-03;12;23365,988;13220,788;9644,925;236,800;272,263
2022-01-03;13;23608,288;13498,413;10086,225;-122,088;153,313
2022-01-03;14;23666,363;13451,013;10197,075;-144,925;172,888
2022-01-03;15;23373,788;13416,425;10145,463;-328,663;148,575
2022-01-03;16;23416,663;13649,738;9966,938;-344,750;151,888
2022-01-03;17;23971,475;14212,600;9751,925;-398,300;411,050
2022-01-03;18;23882,450;14222,525;9553,600;-524,725;637,325
2022-01-03;19;23557,638;14270,138;9299,975;-806,963;800,800
2022-01-03;20;23339,825;14195,500;9225,863;-910,363;836,025
2022-01-03;21;22852,413;13800,088;9343,588;-1077,888;802,400
2022-01-03;22;21305,900;12414,838;9344,113;-1044,875;627,775
2022-01-03;23;19825,138;10905,300;9214,025;-1059,650;810,013
2022-01-03;24;18509,188;9868,063;9216,375;-1182,313;914,175
