Data;Godzina;Krajowe zapotrzebowanie na moc;Sumaryczna generacja JWCD;Sumaryczna generacja nJWCD;Krajowe saldo wymiany miêdzysystemowej równoleg³ej;Krajowe saldo wymiany miêdzysystemowej nierównoleg³ej
2022-01-27;1;19080,763;10081,613;10448,200;-1406,100;303,725
2022-01-27;2;18504,388;10137,850;10389,813;-1774,963;192,363
2022-01-27;3;18105,338;10007,600;10283,188;-1799,213;239,375
2022-01-27;4;18227,625;10095,013;10310,438;-1729,963;239,288
2022-01-27;5;18517,588;10074,813;10273,000;-1458,975;294,300
2022-01-27;6;19274,325;10508,888;10281,650;-1580,588;297,013
2022-01-27;7;21732,388;12377,713;10510,200;-1460,050;323,188
2022-01-27;8;23488,663;13077,338;10683,988;-957,975;699,538
2022-01-27;9;24559,725;13628,563;10977,038;-794,713;758,225
2022-01-27;10;25132,000;13710,500;11390,138;-767,763;813,613
2022-01-27;11;25209,813;13611,513;11647,588;-907,925;869,200
2022-01-27;12;25471,925;13842,513;11667,288;-939,550;910,125
2022-01-27;13;25762,025;13989,125;11766,150;-908,413;925,500
2022-01-27;14;25834,675;14000,863;11764,650;-829,600;918,950
2022-01-27;15;25472,150;13890,763;11700,125;-984,488;880,850
2022-01-27;16;25214,613;14016,138;11695,888;-1158,200;667,888
2022-01-27;17;25220,700;13766,238;11628,788;-916,550;750,538
2022-01-27;18;25406,300;13892,113;11587,000;-982,888;919,000
2022-01-27;19;25146,588;13867,188;11646,113;-1280,563;922,688
2022-01-27;20;24879,688;13760,700;11693,313;-1464,275;907,013
2022-01-27;21;24136,388;12874,038;11723,300;-1323,113;887,775
2022-01-27;22;22576,725;11695,438;11684,288;-1251,000;474,600
2022-01-27;23;21207,913;10110,575;11566,750;-1034,738;596,550
2022-01-27;24;19874,125;8992,613;11500,988;-1243,363;788,175
