Data;Godzina;Krajowe zapotrzebowanie na moc;Sumaryczna generacja JWCD;Sumaryczna generacja nJWCD;Krajowe saldo wymiany miêdzysystemowej równoleg³ej;Krajowe saldo wymiany miêdzysystemowej nierównoleg³ej
2022-02-11;1;18709,788;11833,325;7334,663;-1287,950;1191,700
2022-02-11;2;18046,050;11374,750;7276,613;-1393,863;1197,788
2022-02-11;3;17755,025;11157,638;7025,813;-1213,938;1196,875
2022-02-11;4;17822,113;11770,100;6589,325;-1090,625;1194,675
2022-02-11;5;18188,650;12457,388;6200,475;-949,113;1198,625
2022-02-11;6;18959,688;13019,463;6138,775;-691,375;1186,888
2022-02-11;7;21250,275;14662,300;6043,713;-534,738;1181,488
2022-02-11;8;22983,388;16331,300;6116,263;-452,888;993,063
2022-02-11;9;23959,950;17292,338;6109,550;-589,213;1158,113
2022-02-11;10;24548,700;17642,950;6303,538;-550,025;1165,613
2022-02-11;11;24644,388;17373,713;6613,200;-495,150;1165,588
2022-02-11;12;24918,988;17650,163;6790,500;-686,900;1172,925
2022-02-11;13;25269,213;17376,413;7284,138;-494,938;1130,350
2022-02-11;14;25253,750;17196,663;7490,263;-588,675;1174,825
2022-02-11;15;24822,913;16647,263;7591,188;-597,175;1180,788
2022-02-11;16;24342,575;16084,338;7454,338;-222,038;1037,963
2022-02-11;17;24215,575;15556,088;7714,150;70,738;880,425
2022-02-11;18;24867,300;16054,763;8308,950;-340,638;838,413
2022-02-11;19;24540,475;15786,113;8373,475;-570,913;951,700
2022-02-11;20;24412,238;15463,350;8901,713;-1014,038;1071,100
2022-02-11;21;23677,625;14675,713;9102,975;-1276,363;1171,988
2022-02-11;22;22094,175;12768,513;8959,488;-776,313;1151,075
2022-02-11;23;20574,800;11423,650;8853,188;-843,338;1150,300
2022-02-11;24;19458,113;11077,900;8491,513;-1172,425;1095,600
