Data;Godzina;Krajowe zapotrzebowanie na moc;Sumaryczna generacja JWCD;Sumaryczna generacja nJWCD;Krajowe saldo wymiany miêdzysystemowej równoleg³ej;Krajowe saldo wymiany miêdzysystemowej nierównoleg³ej
2022-03-06;1;17421,275;14307,275;4981,588;-1981,150;255,488
2022-03-06;2;16871,138;13645,563;4965,563;-1838,900;307,400
2022-03-06;3;16342,013;13407,338;4941,800;-2019,963;311,600
2022-03-06;4;16239,288;13365,975;4981,088;-2038,350;274,250
2022-03-06;5;16331,225;13214,800;5020,375;-1976,513;412,888
2022-03-06;6;16311,988;12735,825;5007,600;-1739,188;636,288
2022-03-06;7;16355,075;12396,275;5017,388;-1854,663;841,025
2022-03-06;8;16908,050;12718,650;5207,613;-1930,475;928,863
2022-03-06;9;17772,413;13319,225;5587,063;-1969,400;850,763
2022-03-06;10;18757,650;13701,188;6099,013;-1957,450;927,025
2022-03-06;11;19327,625;13934,650;6392,450;-1414,125;438,100
2022-03-06;12;19817,300;14046,488;6619,925;-1210,475;384,863
2022-03-06;13;20258,013;14335,063;6895,350;-1327,188;373,488
2022-03-06;14;20271,188;14683,475;6674,950;-1453,038;387,725
2022-03-06;15;20236,863;14495,038;6589,000;-1207,813;374,763
2022-03-06;16;19793,963;14735,525;6188,325;-1503,450;389,225
2022-03-06;17;19488,913;14598,013;5867,500;-1809,663;843,550
2022-03-06;18;19908,313;15128,238;5545,350;-1633,463;877,938
2022-03-06;19;20911,988;16353,375;5553,763;-1783,675;789,863
2022-03-06;20;21010,813;16496,713;5597,588;-1949,238;873,338
2022-03-06;21;20559,925;15621,038;5620,788;-1647,038;977,788
2022-03-06;22;19650,950;14867,988;5690,338;-1885,738;996,388
2022-03-06;23;18956,488;14203,238;5775,325;-1894,175;987,188
2022-03-06;24;17932,925;13204,100;5759,925;-1725,388;903,875
