Data;Godzina;Krajowe zapotrzebowanie na moc;Sumaryczna generacja JWCD;Sumaryczna generacja nJWCD;Krajowe saldo wymiany miêdzysystemowej równoleg³ej;Krajowe saldo wymiany miêdzysystemowej nierównoleg³ej
2022-01-20;1;19250,100;9172,538;11293,175;-2007,050;864,688
2022-01-20;2;18523,900;8962,700;11381,000;-1870,638;931,263
2022-01-20;3;18109,863;8998,800;11418,638;-2047,900;935,450
2022-01-20;4;18142,488;8911,750;11407,138;-1916,488;927,888
2022-01-20;5;18418,925;8938,450;11467,188;-1659,063;841,188
2022-01-20;6;19283,338;9617,038;11412,863;-1651,725;351,738
2022-01-20;7;21911,663;11647,588;11458,300;-1668,438;563,088
2022-01-20;8;23813,613;13111,863;11610,538;-1228,513;326,813
2022-01-20;9;24704,000;13927,475;11692,975;-1276,550;368,400
2022-01-20;10;25017,363;14513,238;11894,313;-1829,488;449,538
2022-01-20;11;24862,250;13936,750;12356,688;-1831,725;417,388
2022-01-20;12;25333,088;13931,325;12749,450;-1800,538;467,163
2022-01-20;13;25413,250;14249,525;12554,975;-1631,975;259,650
2022-01-20;14;25559,150;14474,363;12450,775;-1651,438;298,938
2022-01-20;15;25443,575;14204,338;12236,688;-1212,788;227,500
2022-01-20;16;25057,175;14107,113;11667,100;-900,675;181,975
2022-01-20;17;25456,213;14562,938;11376,225;-510,050;32,213
2022-01-20;18;25778,188;15303,475;11379,125;-757,550;-144,300
2022-01-20;19;25462,063;15046,750;11291,200;-622,225;-242,675
2022-01-20;20;25273,975;14217,113;11333,000;-492,975;226,975
2022-01-20;21;24719,225;13562,550;11452,625;-688,038;401,563
2022-01-20;22;23256,463;12070,075;11355,813;-814,825;661,913
2022-01-20;23;21680,938;10617,963;11249,325;-1000,600;830,425
2022-01-20;24;20395,713;9448,438;11195,538;-1083,875;850,350
