Data;Godzina;Krajowe zapotrzebowanie na moc;Sumaryczna generacja JWCD;Sumaryczna generacja nJWCD;Krajowe saldo wymiany miêdzysystemowej równoleg³ej;Krajowe saldo wymiany miêdzysystemowej nierównoleg³ej
2022-01-12;1;19947,588;14247,575;6350,000;-1507,838;1103,613
2022-01-12;2;19415,550;14273,788;6336,450;-1842,700;1086,050
2022-01-12;3;19110,500;14371,600;6269,563;-2058,600;1097,363
2022-01-12;4;19177,175;14615,788;6252,200;-2088,288;1119,700
2022-01-12;5;19436,663;14734,500;6211,650;-1874,100;1003,513
2022-01-12;6;20286,725;15362,950;6123,488;-1710,900;868,238
2022-01-12;7;23115,313;16894,475;6105,200;-729,563;940,700
2022-01-12;8;25064,463;18542,588;6194,425;-587,950;926,713
2022-01-12;9;25790,300;18817,963;6424,700;-380,550;939,938
2022-01-12;10;26068,963;18899,000;6674,613;-438,850;947,925
2022-01-12;11;25847,425;18725,125;6965,000;-783,000;963,050
2022-01-12;12;25974,925;18657,650;7229,063;-824,900;945,400
2022-01-12;13;26041,738;18199,988;7390,038;-385,000;852,250
2022-01-12;14;26148,513;17916,425;7468,100;-27,000;809,075
2022-01-12;15;25997,938;18045,300;7322,350;-247,288;899,438
2022-01-12;16;25886,500;18224,525;7034,388;-273,138;912,625
2022-01-12;17;26379,450;18432,400;7182,338;-97,613;875,425
2022-01-12;18;26426,688;18545,500;7396,975;-433,625;927,950
2022-01-12;19;26034,138;18629,500;7532,763;-1130,788;1019,650
2022-01-12;20;25897,613;18475,688;7573,263;-1218,513;1089,763
2022-01-12;21;25190,513;17482,325;7654,463;-1026,163;1104,838
2022-01-12;22;23629,338;16381,600;7694,338;-1431,538;1008,725
2022-01-12;23;22070,163;14728,838;8060,675;-1809,700;1109,225
2022-01-12;24;20595,888;13015,375;8567,325;-2065,013;1116,313
