Data;Godzina;Krajowe zapotrzebowanie na moc;Sumaryczna generacja JWCD;Sumaryczna generacja nJWCD;Krajowe saldo wymiany miêdzysystemowej równoleg³ej;Krajowe saldo wymiany miêdzysystemowej nierównoleg³ej
2022-01-08;1;17742,663;11982,350;7598,213;-2500,450;819,413
2022-01-08;2;17242,863;12257,050;7544,675;-2920,563;585,225
2022-01-08;3;16879,100;12170,900;7548,813;-2882,525;499,263
2022-01-08;4;16791,500;12082,588;7518,475;-2951,650;603,000
2022-01-08;5;16859,625;12179,400;7415,038;-2924,888;645,650
2022-01-08;6;17339,750;12417,288;7393,263;-2610,538;503,600
2022-01-08;7;18151,300;12228,825;7407,950;-1734,325;551,700
2022-01-08;8;18785,100;12162,388;7400,813;-1725,325;958,913
2022-01-08;9;19579,200;11973,950;7571,425;-1055,838;1099,013
2022-01-08;10;20444,063;12748,763;7753,625;-1166,575;1122,025
2022-01-08;11;21138,075;13202,363;8038,900;-1207,313;1108,400
2022-01-08;12;21372,750;12917,675;8070,238;-734,838;1121,775
2022-01-08;13;21506,763;13045,588;7903,388;-556,638;1120,638
2022-01-08;14;21675,713;12477,625;7818,063;266,925;1122,900
2022-01-08;15;21486,488;12625,475;7525,813;236,950;1106,013
2022-01-08;16;21475,788;13174,613;7222,875;-38,275;1118,575
2022-01-08;17;22045,463;13742,225;7261,213;-62,675;1108,800
2022-01-08;18;22051,300;13647,975;7308,013;-13,513;1117,350
2022-01-08;19;21857,013;13424,938;7358,413;-43,875;1125,450
2022-01-08;20;21552,438;13144,750;7303,125;-13,063;1125,350
2022-01-08;21;21135,525;12965,713;7019,425;56,238;1103,113
2022-01-08;22;20230,063;12647,825;6751,088;258,913;587,588
2022-01-08;23;19224,250;11872,588;6641,563;251,950;469,425
2022-01-08;24;18045,713;11499,350;6726,550;-683,250;514,900
