Data;Godzina;Krajowe zapotrzebowanie na moc;Sumaryczna generacja JWCD;Sumaryczna generacja nJWCD;Krajowe saldo wymiany miêdzysystemowej równoleg³ej;Krajowe saldo wymiany miêdzysystemowej nierównoleg³ej
2022-02-19;1;17458,038;8405,575;9916,988;-1845,113;1032,075
2022-02-19;2;16852,625;8759,800;9403,713;-1675,575;884,538
2022-02-19;3;16560,713;8549,100;9293,175;-1759,613;1025,650
2022-02-19;4;16431,525;8271,413;9240,813;-1558,400;1022,888
2022-02-19;5;16356,225;8744,213;8965,913;-1641,200;977,475
2022-02-19;6;16547,175;9393,213;8772,325;-1693,925;988,438
2022-02-19;7;17090,613;9857,788;8661,300;-1750,163;1015,863
2022-02-19;8;17612,863;9462,488;8577,163;-1044,100;951,863
2022-02-19;9;18454,438;9637,338;8616,188;-719,025;940,613
2022-02-19;10;19226,325;10384,775;8977,213;-1072,800;944,250
2022-02-19;11;19579,900;10908,800;9332,550;-1601,125;942,000
2022-02-19;12;19817,575;10705,625;9714,325;-1533,563;944,338
2022-02-19;13;19883,000;10275,000;9952,563;-1269,388;945,263
2022-02-19;14;19646,938;10189,875;10176,538;-1646,588;949,450
2022-02-19;15;19400,488;9748,000;10396,363;-1675,450;943,500
2022-02-19;16;19324,775;9691,438;10603,250;-1789,188;826,763
2022-02-19;17;19288,488;9691,100;10546,650;-1737,850;791,563
2022-02-19;18;20056,488;10283,375;10491,813;-1483,138;750,763
2022-02-19;19;20462,075;11078,688;10634,638;-1501,225;246,875
2022-02-19;20;20406,375;11108,225;10561,325;-1579,863;322,875
2022-02-19;21;19972,238;9878,975;10634,550;-1499,463;960,450
2022-02-19;22;18908,450;9067,725;10339,763;-1430,188;932,363
2022-02-19;23;18055,138;8376,750;10211,788;-1691,413;1168,013
2022-02-19;24;16997,863;7859,613;10060,125;-1884,538;1165,963
