Data;Godzina;Krajowe zapotrzebowanie na moc;Sumaryczna generacja JWCD;Sumaryczna generacja nJWCD;Krajowe saldo wymiany miêdzysystemowej równoleg³ej;Krajowe saldo wymiany miêdzysystemowej nierównoleg³ej
2022-02-01;1;19212,125;13466,150;6570,688;-1051,300;477,488
2022-02-01;2;18626,875;13472,525;6742,325;-1531,800;326,300
2022-02-01;3;18355,088;13102,000;6862,375;-1466,375;245,475
2022-02-01;4;18261,050;12965,088;6727,050;-1288,963;249,000
2022-02-01;5;18552,363;13169,638;6677,313;-1147,588;241,013
2022-02-01;6;19420,838;13896,850;6718,150;-979,425;265,713
2022-02-01;7;21900,363;15136,600;6897,525;-533,838;471,138
2022-02-01;8;23600,138;16393,213;7205,963;-297,338;314,788
2022-02-01;9;24557,825;16740,188;7784,625;-202,050;242,200
2022-02-01;10;24757,013;16586,288;8047,988;-321,325;468,863
2022-02-01;11;24893,525;16441,163;8440,225;-315,750;353,075
2022-02-01;12;25517,238;16465,338;8883,000;-290,238;462,900
2022-02-01;13;25670,813;16367,475;8998,550;-168,675;486,613
2022-02-01;14;25865,413;16835,825;9020,700;-338,550;350,275
2022-02-01;15;25457,388;16433,825;9074,138;-446,050;400,575
2022-02-01;16;25148,188;16112,113;9061,050;-417,663;396,463
2022-02-01;17;25144,813;15805,488;9446,500;-426,338;318,663
2022-02-01;18;25578,338;15781,763;9912,350;-427,800;304,738
2022-02-01;19;25241,000;15271,238;10087,688;-492,213;381,750
2022-02-01;20;24951,675;14902,163;10023,025;-455,075;501,875
2022-02-01;21;24275,850;14147,700;10099,550;-429,275;469,938
2022-02-01;22;22861,213;13456,800;10324,825;-835,513;-65,563
2022-02-01;23;21483,975;12404,263;10397,338;-985,275;-310,850
2022-02-01;24;20176,650;10684,088;10332,850;-1005,763;187,225
