Data;Godzina;Krajowe zapotrzebowanie na moc;Sumaryczna generacja JWCD;Sumaryczna generacja nJWCD;Krajowe saldo wymiany miêdzysystemowej równoleg³ej;Krajowe saldo wymiany miêdzysystemowej nierównoleg³ej
2022-01-31;1;16753,000;7824,563;10406,788;-1577,388;546,050
2022-01-31;2;16293,825;8202,425;10030,350;-1394,588;550,975
2022-01-31;3;16118,013;8794,563;9567,400;-1481,175;551,138
2022-01-31;4;16191,613;9162,638;9205,263;-1507,688;548,138
2022-01-31;5;16603,238;9754,363;8872,713;-1546,588;455,675
2022-01-31;6;17890,925;11321,600;8595,738;-1385,763;11,188
2022-01-31;7;20888,125;12880,650;8154,200;-473,838;488,713
2022-01-31;8;22886,600;15096,825;7714,475;-437,975;518,613
2022-01-31;9;24195,575;15941,588;7422,650;312,338;526,138
2022-01-31;10;24708,388;16045,438;7357,788;798,913;514,775
2022-01-31;11;24721,250;16351,150;7270,088;598,650;513,063
2022-01-31;12;25084,175;16430,463;7377,288;783,513;507,075
2022-01-31;13;25271,475;16491,600;7432,088;856,788;507,663
2022-01-31;14;25545,550;16611,400;7313,475;1115,988;512,300
2022-01-31;15;25060,688;16485,025;7024,763;1034,875;526,638
2022-01-31;16;24729,900;16662,838;6622,950;961,338;488,500
2022-01-31;17;24846,300;17043,238;6335,088;994,938;478,775
2022-01-31;18;25311,925;17161,038;6415,925;1223,663;515,163
2022-01-31;19;25137,363;16926,450;6658,575;1029,075;529,025
2022-01-31;20;24920,288;16634,413;6734,550;1030,963;521,550
2022-01-31;21;24348,525;16235,675;6707,225;881,675;539,025
2022-01-31;22;22945,950;16081,325;6766,175;-425,625;539,925
2022-01-31;23;21514,700;14750,050;6719,788;-479,038;541,288
2022-01-31;24;20224,588;13667,563;6697,488;-492,850;541,525
