Data;Godzina;Krajowe zapotrzebowanie na moc;Sumaryczna generacja JWCD;Sumaryczna generacja nJWCD;Krajowe saldo wymiany miêdzysystemowej równoleg³ej;Krajowe saldo wymiany miêdzysystemowej nierównoleg³ej
2022-01-06;1;17749,538;9937,900;9079,988;-2066,000;877,350
2022-01-06;2;16976,738;9754,950;8926,413;-2004,513;665,050
2022-01-06;3;16561,275;9546,825;8983,938;-1975,888;634,538
2022-01-06;4;16398,650;9662,575;8876,563;-1900,150;500,225
2022-01-06;5;16401,450;9609,550;9180,113;-1955,063;307,713
2022-01-06;6;16213,450;9697,750;9350,525;-1875,063;-220,950
2022-01-06;7;16250,213;10342,275;8993,838;-1932,213;-659,163
2022-01-06;8;16589,663;10939,188;8627,600;-2089,888;-736,138
2022-01-06;9;17087,250;11490,413;8719,463;-2063,288;-1054,913
2022-01-06;10;18075,900;11834,800;9271,763;-2021,163;-996,563
2022-01-06;11;18798,538;11587,688;9806,988;-1863,700;-714,375
2022-01-06;12;19315,100;11347,075;10391,038;-1740,000;-665,175
2022-01-06;13;19657,838;11394,675;10826,263;-1849,350;-694,975
2022-01-06;14;19860,325;11581,088;10520,963;-1693,363;-531,950
2022-01-06;15;19875,138;11968,900;10135,200;-1832,725;-390,200
2022-01-06;16;19752,925;11838,138;9541,975;-1817,125;206,900
2022-01-06;17;20401,750;12720,363;9143,175;-1958,100;500,888
2022-01-06;18;20552,338;12747,575;9145,025;-1970,225;632,550
2022-01-06;19;20465,363;12636,500;8794,963;-1590,325;632,338
2022-01-06;20;20485,375;12666,613;8546,288;-1580,688;861,250
2022-01-06;21;20225,538;12775,150;8276,438;-1713,300;902,513
2022-01-06;22;19556,250;12181,800;8196,300;-1895,125;1095,438
2022-01-06;23;18883,900;11513,663;8067,638;-1778,025;1096,100
2022-01-06;24;17761,363;10673,413;7967,825;-1575,763;801,375
