Data;Godzina;Krajowe zapotrzebowanie na moc;Sumaryczna generacja JWCD;Sumaryczna generacja nJWCD;Krajowe saldo wymiany miêdzysystemowej równoleg³ej;Krajowe saldo wymiany miêdzysystemowej nierównoleg³ej
2022-01-17;1;16767,363;7149,750;11060,313;-1685,688;805,775
2022-01-17;2;16271,363;7212,213;11026,875;-1568,888;769,025
2022-01-17;3;16080,675;6999,313;10958,500;-1530,450;842,088
2022-01-17;4;16105,038;7033,413;10837,113;-1510,200;931,938
2022-01-17;5;16490,138;7590,138;10665,263;-1403,538;811,788
2022-01-17;6;17714,125;8691,238;10505,200;-995,538;493,850
2022-01-17;7;20911,638;11623,688;10529,888;-1310,925;334,863
2022-01-17;8;22946,550;13572,088;10493,213;-1176,788;75,188
2022-01-17;9;24305,563;14340,688;10655,988;-1083,000;405,888
2022-01-17;10;24917,425;14500,850;10900,813;-981,550;516,350
2022-01-17;11;24963,688;14563,388;11267,950;-1411,025;566,400
2022-01-17;12;25190,825;14650,750;11541,113;-1552,563;576,413
2022-01-17;13;25205,350;14240,900;11910,675;-1514,675;586,800
2022-01-17;14;25259,175;13797,425;12183,213;-1505,038;804,275
2022-01-17;15;24959,313;13756,313;12041,963;-1632,438;812,763
2022-01-17;16;24698,963;13859,863;11656,425;-1797,788;995,125
2022-01-17;17;25194,363;14341,250;11228,188;-1487,500;1109,238
2022-01-17;18;25434,838;14971,113;10933,938;-1561,363;1104,750
2022-01-17;19;25070,738;14906,475;10765,825;-1698,638;1113,775
2022-01-17;20;25026,038;14952,638;10353,975;-1377,513;1117,363
2022-01-17;21;24421,125;15150,975;9913,688;-1748,913;1114,825
2022-01-17;22;22938,363;14263,100;9546,838;-1970,888;1122,425
2022-01-17;23;21378,050;12989,213;9450,988;-2151,175;1115,463
2022-01-17;24;20149,438;11927,000;9440,038;-2228,700;1131,663
