Data;Godzina;Krajowe zapotrzebowanie na moc;Sumaryczna generacja JWCD;Sumaryczna generacja nJWCD;Krajowe saldo wymiany miêdzysystemowej równoleg³ej;Krajowe saldo wymiany miêdzysystemowej nierównoleg³ej
2022-02-09;1;18708,650;9377,388;10350,513;-1372,813;1136,325
2022-02-09;2;18178,100;9444,775;9872,088;-1260,213;1196,113
2022-02-09;3;17690,188;9654,838;9385,575;-1342,688;1190,388
2022-02-09;4;17835,788;9908,938;9102,800;-1379,800;1191,188
2022-02-09;5;18237,438;10407,700;8845,838;-1294,150;1095,950
2022-02-09;6;19109,163;11719,188;8531,538;-1354,800;978,775
2022-02-09;7;21566,588;13613,750;8467,725;-1260,013;865,050
2022-02-09;8;23034,138;14855,613;8481,963;-1156,238;862,950
2022-02-09;9;23878,163;15688,650;8655,100;-1166,888;720,788
2022-02-09;10;24353,100;15445,713;9376,050;-1234,863;796,513
2022-02-09;11;24424,500;14967,250;9961,325;-1389,625;901,250
2022-02-09;12;24648,425;14588,063;10336,800;-1285,338;1030,138
2022-02-09;13;24839,525;14412,675;10685,288;-1146,650;912,963
2022-02-09;14;24987,650;14309,025;10629,650;-899,825;955,600
2022-02-09;15;24618,500;14187,850;10426,513;-881,413;898,550
2022-02-09;16;24252,063;14497,013;10192,000;-1213,725;783,688
2022-02-09;17;24184,288;14690,500;10117,763;-1260,850;653,038
2022-02-09;18;24773,938;15251,638;10156,900;-1436,275;804,688
2022-02-09;19;24542,888;15157,663;10257,188;-1816,038;959,775
2022-02-09;20;24407,175;14939,200;10210,613;-1876,638;1134,175
2022-02-09;21;23711,175;13784,738;10237,425;-1497,388;1187,213
2022-02-09;22;22273,413;12545,475;10001,438;-1448,288;1184,213
2022-02-09;23;20705,275;11477,175;9693,625;-1639,838;1189,263
2022-02-09;24;19356,200;10454,413;9448,875;-1520,363;1173,488
