Data;Godzina;Krajowe zapotrzebowanie na moc;Sumaryczna generacja JWCD;Sumaryczna generacja nJWCD;Krajowe saldo wymiany miêdzysystemowej równoleg³ej;Krajowe saldo wymiany miêdzysystemowej nierównoleg³ej
2022-03-10;1;19097,963;13289,213;7212,725;-1903,325;511,450
2022-03-10;2;18504,500;13200,688;7041,413;-2193,888;551,050
2022-03-10;3;18251,588;13381,425;6900,200;-2382,813;500,625
2022-03-10;4;18384,725;13487,063;6896,625;-2400,488;546,538
2022-03-10;5;18740,238;13413,713;7064,825;-2290,100;579,875
2022-03-10;6;19381,600;13147,738;7226,338;-1809,563;831,625
2022-03-10;7;21325,463;14409,638;7408,400;-1366,463;883,088
2022-03-10;8;22615,300;15238,788;7513,100;-1105,250;980,013
2022-03-10;9;22832,713;15091,350;8028,150;-1253,538;979,550
2022-03-10;10;22729,438;14066,888;9081,263;-1082,775;678,388
2022-03-10;11;22524,063;13373,863;10017,700;-1311,150;447,738
2022-03-10;12;22683,525;13274,838;10382,100;-1328,725;359,200
2022-03-10;13;22810,500;13344,600;10489,813;-1344,100;321,750
2022-03-10;14;22868,588;13069,725;10196,613;-959,863;566,863
2022-03-10;15;22841,563;13693,538;9680,875;-1064,738;535,125
2022-03-10;16;23327,563;14521,863;8964,700;-1025,388;876,388
2022-03-10;17;23991,000;16015,525;8092,188;-872,750;748,800
2022-03-10;18;24314,750;17277,975;7473,388;-953,513;512,175
2022-03-10;19;25142,813;17300,900;7961,175;-763,438;636,188
2022-03-10;20;25227,150;16847,150;8578,638;-971,288;777,013
2022-03-10;21;24699,575;16167,000;8649,913;-951,175;846,975
2022-03-10;22;23196,738;15020,850;8571,625;-1316,288;936,213
2022-03-10;23;21546,375;14227,538;8326,775;-1934,738;943,975
2022-03-10;24;20339,975;13113,288;8168,663;-1464,188;764,613
