Data;Godzina;Krajowe zapotrzebowanie na moc;Sumaryczna generacja JWCD;Sumaryczna generacja nJWCD;Krajowe saldo wymiany miêdzysystemowej równoleg³ej;Krajowe saldo wymiany miêdzysystemowej nierównoleg³ej
2022-02-12;1;18599,938;10302,300;8365,063;-677,713;754,825
2022-02-12;2;17995,725;9924,850;8184,475;-807,138;840,200
2022-02-12;3;17568,025;9754,775;7926,738;-986,675;1025,338
2022-02-12;4;17570,300;10024,450;7658,438;-1155,500;1192,113
2022-02-12;5;17710,113;10464,400;7314,963;-1127,425;1194,400
2022-02-12;6;17842,950;10686,225;7160,038;-1161,188;1182,100
2022-02-12;7;18777,525;11424,075;7040,663;-797,388;1135,100
2022-02-12;8;19532,625;11875,250;7078,313;-592,200;1190,513
2022-02-12;9;20392,963;12258,138;7454,988;-496,850;1190,000
2022-02-12;10;20672,450;11226,988;7812,825;466,100;1183,450
2022-02-12;11;20267,688;10355,425;8334,925;413,813;1182,938
2022-02-12;12;19936,725;9363,150;9223,450;176,988;1195,963
2022-02-12;13;19723,938;8691,713;9651,288;216,850;1196,688
2022-02-12;14;19565,200;8432,438;9412,325;676,650;1209,963
2022-02-12;15;19380,263;8868,000;8954,550;617,300;1194,913
2022-02-12;16;19971,625;10091,688;8287,300;536,425;1188,900
2022-02-12;17;20701,925;12300,450;7574,925;-266,175;1104,650
2022-02-12;18;21653,050;13254,650;7590,563;-348,375;1156,925
2022-02-12;19;21694,675;13173,313;8097,163;-742,500;1185,500
2022-02-12;20;21523,850;12227,525;8584,800;-468,200;1184,388
2022-02-12;21;20791,338;11079,450;8805,413;-240,975;1156,500
2022-02-12;22;19762,688;10047,838;8935,600;-355,863;1145,100
2022-02-12;23;18770,188;9463,850;9081,013;-882,113;1117,300
2022-02-12;24;17654,125;8322,038;9244,725;-1020,413;1124,450
