Data;Godzina;Krajowe zapotrzebowanie na moc;Sumaryczna generacja JWCD;Sumaryczna generacja nJWCD;Krajowe saldo wymiany miêdzysystemowej równoleg³ej;Krajowe saldo wymiany miêdzysystemowej nierównoleg³ej
2022-03-14;1;16537,263;8994,025;8878,688;-1512,913;522,275
2022-03-14;2;16139,425;8912,588;8469,613;-1397,913;553,888
2022-03-14;3;15980,675;8836,750;8254,713;-1446,138;739,875
2022-03-14;4;16117,375;9199,713;8183,863;-1544,275;694,138
2022-03-14;5;16714,975;10052,400;8186,025;-1367,050;376,150
2022-03-14;6;17759,338;11222,288;8164,850;-1443,850;331,063
2022-03-14;7;20363,663;12989,125;8223,438;-1319,850;678,013
2022-03-14;8;21951,913;14111,200;8218,775;-1175,050;801,088
2022-03-14;9;22424,675;14665,688;8458,850;-1489,875;805,588
2022-03-14;10;22194,388;14076,525;9315,575;-2138,538;956,763
2022-03-14;11;21698,113;13371,100;10274,363;-2376,200;446,775
2022-03-14;12;21774,313;13087,850;10718,213;-2180,013;159,188
2022-03-14;13;21878,650;12642,650;10958,313;-2007,475;305,363
2022-03-14;14;22192,138;12672,913;10904,163;-1968,200;607,200
2022-03-14;15;22115,813;12960,475;10417,113;-2113,138;870,688
2022-03-14;16;22519,325;13455,788;9621,450;-1512,050;972,363
2022-03-14;17;23123,800;14878,075;8403,238;-1131,300;988,025
2022-03-14;18;23414,963;15890,125;7519,438;-958,613;978,738
2022-03-14;19;24240,163;16607,450;7684,238;-1013,700;974,913
2022-03-14;20;24352,725;16437,388;8106,988;-1161,050;978,263
2022-03-14;21;23764,300;15572,563;8402,775;-1164,838;975,238
2022-03-14;22;22272,875;14149,650;8576,388;-1403,775;972,988
2022-03-14;23;20674,838;13414,438;8249,550;-1432,525;461,900
2022-03-14;24;19452,450;12546,688;7926,875;-1484,250;485,863
