Data;Godzina;Krajowe zapotrzebowanie na moc;Sumaryczna generacja JWCD;Sumaryczna generacja nJWCD;Krajowe saldo wymiany miêdzysystemowej równoleg³ej;Krajowe saldo wymiany miêdzysystemowej nierównoleg³ej
2022-03-09;1;19475,400;15871,775;6049,350;-1399,575;-778,625
2022-03-09;2;18853,425;15704,188;5856,788;-1485,625;-957,763
2022-03-09;3;18550,875;15560,838;5889,138;-1769,513;-839,288
2022-03-09;4;18615,125;15857,925;5913,763;-1896,788;-860,775
2022-03-09;5;19015,263;16139,538;5988,225;-1644,688;-990,250
2022-03-09;6;19774,150;15997,175;6060,538;-1577,200;-106,238
2022-03-09;7;21729,325;16362,813;6064,163;-1258,150;703,888
2022-03-09;8;23509,788;17550,738;6192,363;-951,300;728,575
2022-03-09;9;24215,300;17953,913;6382,225;-891,738;792,713
2022-03-09;10;24033,700;17532,675;6807,725;-1227,563;935,200
2022-03-09;11;23582,825;16463,588;7477,213;-1224,300;886,725
2022-03-09;12;23730,350;15956,488;8184,700;-1204,825;979,975
2022-03-09;13;23962,438;16062,488;8407,013;-1421,313;955,638
2022-03-09;14;23988,075;16181,350;8362,725;-1313,675;782,100
2022-03-09;15;23630,238;16271,975;8132,788;-1660,225;890,425
2022-03-09;16;23834,325;16480,863;7714,875;-1327,300;967,513
2022-03-09;17;24061,938;17069,875;7159,688;-1051,063;889,888
2022-03-09;18;24292,600;17551,388;6485,313;-585,175;849,300
2022-03-09;19;24973,675;17944,763;6556,750;-399,225;868,463
2022-03-09;20;25089,138;18218,625;6899,025;-999,075;972,100
2022-03-09;21;24480,713;17479,238;7231,563;-1123,150;982,563
2022-03-09;22;23014,025;15880,613;7421,175;-992,325;923,275
2022-03-09;23;21407,588;14821,275;7390,775;-1377,638;612,388
2022-03-09;24;20153,575;13840,200;7315,963;-1435,088;450,875
