Data;Godzina;Krajowe zapotrzebowanie na moc;Sumaryczna generacja JWCD;Sumaryczna generacja nJWCD;Krajowe saldo wymiany miêdzysystemowej równoleg³ej;Krajowe saldo wymiany miêdzysystemowej nierównoleg³ej
2022-03-15;1;18526,413;12612,100;7485,638;-1702,138;222,500
2022-03-15;2;18084,063;13174,738;7348,700;-2258,600;143,613
2022-03-15;3;17829,338;13191,050;7099,100;-2200,563;76,325
2022-03-15;4;17886,350;13749,338;6940,988;-2470,375;1,238
2022-03-15;5;18344,450;14393,725;6773,575;-2329,325;-158,138
2022-03-15;6;19072,588;14182,338;6658,413;-2266,050;723,863
2022-03-15;7;21009,425;14737,488;6679,550;-1272,913;954,788
2022-03-15;8;22496,575;15441,350;6941,038;-840,888;967,913
2022-03-15;9;22947,088;15467,513;7298,750;-780,013;973,938
2022-03-15;10;22772,875;15467,500;7621,063;-1272,113;966,763
2022-03-15;11;22602,913;14822,988;8218,663;-1401,938;972,513
2022-03-15;12;22645,263;14650,638;8357,475;-1323,625;973,600
2022-03-15;13;22625,750;14947,275;8244,575;-1419,150;871,313
2022-03-15;14;22969,513;15641,013;7885,788;-1331,363;790,238
2022-03-15;15;22916,175;15976,450;7145,013;-1161,813;964,913
2022-03-15;16;23186,800;16826,938;6445,525;-1034,900;964,713
2022-03-15;17;23475,288;17846,050;5880,450;-1211,138;971,050
2022-03-15;18;23626,850;18000,863;5673,500;-996,525;954,738
2022-03-15;19;24305,438;17687,038;5688,688;-48,038;982,913
2022-03-15;20;24325,000;17736,013;5995,938;-361,900;966,963
2022-03-15;21;23740,825;17246,813;6232,138;-631,625;914,363
2022-03-15;22;22302,563;16151,650;6146,113;-904,725;930,500
2022-03-15;23;20826,875;14852,850;5964,325;-924,013;953,825
2022-03-15;24;19639,375;14762,075;5757,513;-1494,050;646,675
