Data;Godzina;Krajowe zapotrzebowanie na moc;Sumaryczna generacja JWCD;Sumaryczna generacja nJWCD;Krajowe saldo wymiany miêdzysystemowej równoleg³ej;Krajowe saldo wymiany miêdzysystemowej nierównoleg³ej
2022-01-02;1;14479,513;8441,038;5941,400;-1,588;116,675
2022-01-02;2;13833,250;7386,438;6437,575;-126,675;148,963
2022-01-02;3;13451,213;6877,313;6855,350;-142,025;145,513
2022-01-02;4;13267,475;6694,738;7297,213;-219,275;169,425
2022-01-02;5;13325,888;6475,188;7723,488;-179,175;175,750
2022-01-02;6;13713,750;6708,013;7880,000;-73,575;161,963
2022-01-02;7;14229,825;6851,025;8106,725;-95,313;171,025
2022-01-02;8;14542,475;6928,075;8113,175;-242,188;405,688
2022-01-02;9;14959,550;6890,775;8242,450;-417,388;553,513
2022-01-02;10;15855,050;7277,913;8505,675;-282,063;362,988
2022-01-02;11;16708,588;7616,625;8928,638;-371,900;567,788
2022-01-02;12;17032,088;7668,838;9145,313;-146,850;403,888
2022-01-02;13;17414,238;8121,688;9313,438;-60,338;77,100
2022-01-02;14;18006,325;8529,350;9220,075;228,288;70,475
2022-01-02;15;17914,125;8684,813;8989,588;-185,725;463,113
2022-01-02;16;18023,975;8788,463;8916,788;129,250;211,488
2022-01-02;17;18626,888;9245,300;9229,263;-36,350;196,025
2022-01-02;18;18737,350;9247,600;9864,175;-380,988;10,250
2022-01-02;19;18752,550;8723,900;10144,163;80,588;-195,550
2022-01-02;20;18773,650;8387,225;10537,463;-466,763;325,825
2022-01-02;21;18377,638;8033,400;10554,175;-457,650;283,963
2022-01-02;22;17527,200;7214,338;10636,838;-4,225;-279,075
2022-01-02;23;16897,313;6520,200;10674,400;-747,500;486,538
2022-01-02;24;15711,225;5850,100;10539,325;-127,988;-205,175
