Data;Godzina;Krajowe zapotrzebowanie na moc;Sumaryczna generacja JWCD;Sumaryczna generacja nJWCD;Krajowe saldo wymiany miêdzysystemowej równoleg³ej;Krajowe saldo wymiany miêdzysystemowej nierównoleg³ej
2022-02-27;1;16799,038;11395,925;6069,288;-1226,813;652,475
2022-02-27;2;16203,063;11222,675;6063,575;-1321,475;542,350
2022-02-27;3;15919,625;10906,600;6079,288;-1336,225;615,000
2022-02-27;4;15757,175;11065,013;6005,675;-1558,000;589,413
2022-02-27;5;15811,163;11026,438;5949,713;-1323,588;501,575
2022-02-27;6;16043,350;11340,350;5810,425;-1210,338;335,063
2022-02-27;7;16140,375;11495,300;5651,775;-1104,925;312,600
2022-02-27;8;16500,013;11913,538;5668,363;-1078,938;134,675
2022-02-27;9;17012,575;11967,175;6151,888;-1361,938;265,638
2022-02-27;10;17611,138;12025,688;6729,863;-1447,075;312,900
2022-02-27;11;17868,363;11772,738;7181,188;-1440,388;367,125
2022-02-27;12;18138,463;11349,938;7420,638;-1368,713;750,338
2022-02-27;13;18536,925;11411,875;7544,375;-1031,913;633,175
2022-02-27;14;18976,325;11712,938;7714,100;-1117,675;682,525
2022-02-27;15;18406,475;11373,425;7283,888;-1041,988;803,425
2022-02-27;16;18377,438;11656,288;6947,138;-1009,875;797,475
2022-02-27;17;18717,138;12581,763;6458,300;-1007,163;697,288
2022-02-27;18;19501,925;14223,413;6122,763;-1087,875;254,500
2022-02-27;19;20491,763;14980,600;6383,413;-1082,075;203,775
2022-02-27;20;20694,975;14631,700;6745,788;-1050,850;370,575
2022-02-27;21;20267,638;13844,238;6718,075;-806,963;519,275
2022-02-27;22;19488,213;12909,238;6753,550;-899,250;734,925
2022-02-27;23;18724,888;11988,913;6828,438;-988,613;899,388
2022-02-27;24;17747,925;11267,463;6634,613;-1000,975;862,088
