Data;Godzina;Krajowe zapotrzebowanie na moc;Sumaryczna generacja JWCD;Sumaryczna generacja nJWCD;Krajowe saldo wymiany miêdzysystemowej równoleg³ej;Krajowe saldo wymiany miêdzysystemowej nierównoleg³ej
2022-01-07;1;16997,313;10847,275;7922,750;-1518,725;83,400
2022-01-07;2;16432,713;11187,313;7873,938;-1704,688;-366,188
2022-01-07;3;16185,575;10667,913;7923,900;-1700,488;29,463
2022-01-07;4;16161,138;10682,850;7868,413;-1634,125;-77,988
2022-01-07;5;16425,000;10869,150;7927,700;-1782,988;78,975
2022-01-07;6;17181,988;11451,088;8075,563;-1682,450;5,938
2022-01-07;7;18906,000;11913,713;8218,288;-1387,288;596,663
2022-01-07;8;20101,438;12532,125;8192,675;-1061,150;471,213
2022-01-07;9;20909,463;12831,950;8318,663;-1078,075;845,213
2022-01-07;10;21505,038;13100,763;8735,688;-1085,963;770,713
2022-01-07;11;21345,625;12895,725;8994,763;-779,525;252,488
2022-01-07;12;21263,563;12854,238;9025,625;-1201,463;597,013
2022-01-07;13;21227,675;12772,388;8966,938;-1117,138;616,275
2022-01-07;14;21884,738;12897,175;8884,563;-665,013;781,700
2022-01-07;15;22107,313;13770,850;8490,413;-1034,575;888,175
2022-01-07;16;22318,525;14214,688;8408,075;-950,475;659,263
2022-01-07;17;22930,200;14525,513;8674,500;-1089,650;829,538
2022-01-07;18;23000,375;14029,900;8824,363;-903,813;1056,050
2022-01-07;19;22791,775;13833,588;8854,775;-891,188;1006,700
2022-01-07;20;22451,200;13631,688;8790,075;-1061,100;1109,900
2022-01-07;21;22021,688;13352,750;8682,325;-1127,388;1123,263
2022-01-07;22;20822,300;12599,750;8361,288;-1230,913;1106,963
2022-01-07;23;19960,250;12394,213;8115,488;-1311,388;780,088
2022-01-07;24;18816,363;12307,188;7859,438;-1934,888;652,325
