Data;Godzina;Krajowe zapotrzebowanie na moc;Sumaryczna generacja JWCD;Sumaryczna generacja nJWCD;Krajowe saldo wymiany miêdzysystemowej równoleg³ej;Krajowe saldo wymiany miêdzysystemowej nierównoleg³ej
2022-01-10;1;17083,900;11724,425;6482,800;-1598,350;961,125
2022-01-10;2;16764,463;12565,238;6469,138;-1683,550;195,088
2022-01-10;3;16569,050;12526,763;6428,663;-1653,488;47,100
2022-01-10;4;16596,938;12320,400;6351,650;-1674,113;314,200
2022-01-10;5;17013,525;12670,038;6322,900;-1591,850;347,063
2022-01-10;6;18254,875;13826,163;6319,875;-1298,738;152,650
2022-01-10;7;21426,013;15368,625;6401,800;-151,325;137,363
2022-01-10;8;23775,100;17167,613;6565,375;-171,825;220,538
2022-01-10;9;24862,963;17913,600;6872,988;-445,900;521,225
2022-01-10;10;25265,375;18458,800;7020,288;-660,825;455,663
2022-01-10;11;25115,900;18214,550;6894,638;-493,500;505,638
2022-01-10;12;25330,975;18012,650;6749,325;104,850;478,688
2022-01-10;13;25350,875;18198,663;6786,150;89,063;291,763
2022-01-10;14;25601,825;18214,413;6661,475;610,413;127,150
2022-01-10;15;25658,438;18494,088;6632,900;671,313;-131,150
2022-01-10;16;25607,663;18857,663;6456,850;709,238;-406,863
2022-01-10;17;26060,663;19374,400;6619,275;347,763;-276,863
2022-01-10;18;26077,838;18924,188;6881,375;38,675;232,700
2022-01-10;19;25775,925;18352,850;7159,325;-242,275;518,838
2022-01-10;20;25572,775;18180,413;7021,225;-280,988;660,113
2022-01-10;21;25000,950;17876,088;6902,988;-707,588;953,963
2022-01-10;22;23569,600;16727,488;6777,338;-994,700;1071,250
2022-01-10;23;22124,825;15247,613;6689,238;-799,113;1005,638
2022-01-10;24;20728,475;14341,463;6479,263;-1055,200;1107,775
