Data;Godzina;Krajowe zapotrzebowanie na moc;Sumaryczna generacja JWCD;Sumaryczna generacja nJWCD;Krajowe saldo wymiany miêdzysystemowej równoleg³ej;Krajowe saldo wymiany miêdzysystemowej nierównoleg³ej
2022-03-13;1;16895,788;10443,250;6991,050;-1288,813;768,663
2022-03-13;2;16297,738;9876,625;6894,450;-1285,250;823,950
2022-03-13;3;15947,513;9653,825;6701,838;-1223,450;834,588
2022-03-13;4;15835,025;9744,713;6683,575;-1409,100;831,225
2022-03-13;5;15969,275;9800,625;6776,675;-1428,850;834,388
2022-03-13;6;15937,863;9834,525;6760,388;-1334,175;691,588
2022-03-13;7;15809,925;9478,175;6955,463;-1364,325;763,913
2022-03-13;8;16013,975;9142,763;7421,325;-1329,588;797,513
2022-03-13;9;16456,275;8776,063;7830,075;-1027,950;895,663
2022-03-13;10;16656,125;8999,675;8370,500;-1270,463;576,625
2022-03-13;11;16790,163;8456,025;9214,875;-1404,250;553,088
2022-03-13;12;16865,888;8217,563;9781,425;-1251,400;274,425
2022-03-13;13;16946,688;7711,450;10054,563;-590,363;57,313
2022-03-13;14;16902,138;7924,413;9980,663;-963,750;363,700
2022-03-13;15;16806,613;7921,613;9647,088;-1071,225;710,325
2022-03-13;16;16972,625;8518,288;8982,150;-1006,825;664,525
2022-03-13;17;17950,775;10429,163;8102,088;-1449,550;884,163
2022-03-13;18;18664,663;11744,350;7567,175;-1405,238;774,763
2022-03-13;19;19952,263;12006,963;8184,163;-1002,813;773,913
2022-03-13;20;20209,075;11204,888;9130,538;-951,550;847,950
2022-03-13;21;19799,613;10549,025;9455,725;-1152,525;965,588
2022-03-13;22;18912,963;9832,588;9475,838;-1317,263;945,563
2022-03-13;23;18105,013;9485,625;9308,875;-1319,738;763,213
2022-03-13;24;17271,613;9127,438;9174,975;-1311,875;613,938
