Data;Godzina;Krajowe zapotrzebowanie na moc;Sumaryczna generacja JWCD;Sumaryczna generacja nJWCD;Krajowe saldo wymiany miêdzysystemowej równoleg³ej;Krajowe saldo wymiany miêdzysystemowej nierównoleg³ej
2022-01-19;1;19533,275;12402,900;8281,475;-2259,350;1111,813
2022-01-19;2;18801,638;11938,225;8336,138;-2484,025;1015,088
2022-01-19;3;18390,213;11332,500;8504,575;-2473,938;1031,425
2022-01-19;4;18435,813;11439,638;8490,450;-2497,288;1007,863
2022-01-19;5;18861,588;11961,888;8473,125;-2662,788;1103,350
2022-01-19;6;19706,263;12956,825;8494,063;-2755,275;1023,250
2022-01-19;7;22208,963;14218,588;8425,925;-1463,800;1095,100
2022-01-19;8;24194,788;15807,763;8376,413;-1085,400;1107,725
2022-01-19;9;24954,050;16413,000;8510,188;-1071,088;1113,613
2022-01-19;10;25316,575;16484,538;8643,975;-892,988;1090,688
2022-01-19;11;25068,825;16409,550;8629,513;-1077,975;1104,900
2022-01-19;12;25017,788;16274,088;8642,975;-907,975;1021,350
2022-01-19;13;24873,163;16062,938;8643,488;-827,663;1003,913
2022-01-19;14;24837,875;16018,700;8502,538;-739,600;1056,675
2022-01-19;15;24696,013;16152,538;8428,125;-910,825;1030,650
2022-01-19;16;24752,500;16243,200;8509,825;-1084,500;1097,463
2022-01-19;17;25273,275;16608,013;8699,163;-1125,125;1101,050
2022-01-19;18;25440,175;16194,525;9325,975;-1173,250;1105,513
2022-01-19;19;25132,463;15223,338;9777,038;-968,888;1107,350
2022-01-19;20;24966,350;14533,763;10327,225;-960,938;1082,425
2022-01-19;21;24494,900;13520,063;10817,525;-873,225;1053,888
2022-01-19;22;22947,188;12608,900;11043,463;-1742,575;1062,263
2022-01-19;23;21638,900;11090,663;11339,125;-1771,488;1005,400
2022-01-19;24;20237,163;9700,425;11338,413;-1776,513;993,425
