Data;Godzina;Krajowe zapotrzebowanie na moc;Sumaryczna generacja JWCD;Sumaryczna generacja nJWCD;Krajowe saldo wymiany miêdzysystemowej równoleg³ej;Krajowe saldo wymiany miêdzysystemowej nierównoleg³ej
2022-01-25;1;19306,038;12936,625;7832,850;-2023,513;728,838
2022-01-25;2;18764,225;13166,963;7885,388;-2535,825;573,725
2022-01-25;3;18394,525;12869,500;7871,300;-2458,538;621,775
2022-01-25;4;18457,288;13018,163;7898,688;-2377,150;602,375
2022-01-25;5;18789,725;13340,263;7907,275;-2416,625;682,488
2022-01-25;6;19667,563;13983,413;7998,275;-2408,675;964,963
2022-01-25;7;22132,950;15061,450;8055,413;-1659,938;1089,963
2022-01-25;8;23877,200;16250,113;7956,813;-1438,463;1104,613
2022-01-25;9;24938,813;16917,663;8059,850;-1134,238;1097,288
2022-01-25;10;25403,238;17299,838;8278,975;-1278,475;1107,325
2022-01-25;11;25395,963;17203,325;8414,088;-1310,288;1095,163
2022-01-25;12;25765,888;17280,963;8531,075;-1146,688;1102,563
2022-01-25;13;25844,275;17431,525;8642,125;-1324,788;1103,963
2022-01-25;14;25907,400;17421,163;8535,175;-1141,763;1096,038
2022-01-25;15;25480,275;17423,963;8219,463;-1265,713;1106,300
2022-01-25;16;25194,200;17541,075;7870,938;-1313,600;1098,438
2022-01-25;17;25401,600;17956,638;7702,563;-1352,813;1104,725
2022-01-25;18;25645,125;18190,225;7660,450;-1312,713;1104,150
2022-01-25;19;25303,838;17791,538;7728,550;-1321,725;1109,650
2022-01-25;20;25183,363;17670,075;7655,288;-1239,588;1105,900
2022-01-25;21;24556,338;17174,013;7419,488;-1142,125;1112,250
2022-01-25;22;23076,463;15836,050;7173,213;-1036,825;1122,163
2022-01-25;23;21625,663;14743,600;7024,188;-1249,838;1119,600
2022-01-25;24;20268,788;13863,850;6865,550;-1572,625;1127,125
