Data;Godzina;Krajowe zapotrzebowanie na moc;Sumaryczna generacja JWCD;Sumaryczna generacja nJWCD;Krajowe saldo wymiany miêdzysystemowej równoleg³ej;Krajowe saldo wymiany miêdzysystemowej nierównoleg³ej
2022-03-02;1;19449,488;13979,013;5818,025;-224,000;48,700
2022-03-02;2;18834,200;13744,375;5637,425;-166,850;-29,450
2022-03-02;3;18576,550;13846,175;5599,913;-503,475;76,588
2022-03-02;4;18691,100;14203,388;5546,950;-548,813;156,400
2022-03-02;5;19124,900;14522,713;5538,638;-228,525;-19,725
2022-03-02;6;20034,938;15290,875;5562,075;-367,325;133,250
2022-03-02;7;22162,925;17008,750;5669,588;-951,413;606,238
2022-03-02;8;23696,275;17679,013;6115,100;-508,050;423,538
2022-03-02;9;24069,788;17389,788;6904,363;-1034,575;828,075
2022-03-02;10;23599,388;16379,588;7562,638;-497,100;169,963
2022-03-02;11;22796,200;15773,813;8109,700;-615,563;-441,125
2022-03-02;12;22825,400;15939,225;8451,063;-1014,138;-529,763
2022-03-02;13;22845,675;15485,225;8523,363;-896,938;-235,113
2022-03-02;14;23053,025;15599,113;8386,225;-1122,150;223,050
2022-03-02;15;23149,463;15996,513;7971,025;-1179,650;421,775
2022-03-02;16;23477,013;16491,350;7326,338;-915,963;654,738
2022-03-02;17;23995,788;17537,688;6546,250;-1006,025;956,963
2022-03-02;18;24441,113;18682,413;5852,100;-1018,438;925,063
2022-03-02;19;25205,013;19397,263;5823,263;-825,963;808,900
2022-03-02;20;25349,263;19420,875;5915,250;-917,950;947,538
2022-03-02;21;24768,325;18974,663;5906,025;-1063,613;970,313
2022-03-02;22;23249,350;17480,438;5829,838;-959,200;919,438
2022-03-02;23;21621,213;16235,163;5689,938;-1070,750;785,125
2022-03-02;24;20471,600;15181,838;5617,075;-1134,038;924,725
