Data;Godzina;Krajowe zapotrzebowanie na moc;Sumaryczna generacja JWCD;Sumaryczna generacja nJWCD;Krajowe saldo wymiany miêdzysystemowej równoleg³ej;Krajowe saldo wymiany miêdzysystemowej nierównoleg³ej
2022-03-12;1;19033,150;11096,175;8214,950;-1057,038;792,988
2022-03-12;2;18509,625;10807,350;8154,613;-1102,613;668,438
2022-03-12;3;18128,375;10750,350;8130,225;-1398,463;664,713
2022-03-12;4;18010,663;10722,075;8059,175;-1213,713;461,338
2022-03-12;5;18161,863;11060,213;7940,588;-1249,000;423,750
2022-03-12;6;18184,700;11036,513;7883,788;-1186,463;484,550
2022-03-12;7;18522,188;11569,700;7803,463;-1217,938;518,713
2022-03-12;8;19320,100;11970,225;7975,988;-1197,125;728,100
2022-03-12;9;19815,075;12154,288;7871,450;-1131,550;957,800
2022-03-12;10;20118,500;11723,288;8443,163;-938,288;915,538
2022-03-12;11;20197,275;11228,088;9069,200;-984,925;906,488
2022-03-12;12;20044,638;10898,638;9345,475;-1077,038;896,963
2022-03-12;13;19845,150;10354,450;9479,000;-904,688;939,425
2022-03-12;14;19731,900;10814,838;9298,713;-1351,875;990,525
2022-03-12;15;19363,175;11081,988;8599,850;-1312,050;1001,638
2022-03-12;16;19630,588;12000,138;7885,225;-1222,963;985,338
2022-03-12;17;20436,738;13559,750;7183,050;-1299,738;996,388
2022-03-12;18;20913,488;14722,150;6568,825;-1353,475;989,963
2022-03-12;19;21901,425;15139,763;6892,300;-1112,238;985,350
2022-03-12;20;21791,575;15117,688;7211,375;-1508,250;984,988
2022-03-12;21;21264,150;14507,488;7360,388;-1573,638;987,525
2022-03-12;22;20203,963;13070,275;7451,800;-1286,175;993,038
2022-03-12;23;19158,738;12122,650;7407,800;-1313,188;963,200
2022-03-12;24;17924,163;11273,663;7270,888;-1435,275;839,425
