Data;Godzina;Krajowe zapotrzebowanie na moc;Sumaryczna generacja JWCD;Sumaryczna generacja nJWCD;Krajowe saldo wymiany miêdzysystemowej równoleg³ej;Krajowe saldo wymiany miêdzysystemowej nierównoleg³ej
2022-03-07;1;17142,000;12739,438;5819,525;-1940,925;808,538
2022-03-07;2;16735,900;12425,238;5879,263;-2191,550;960,713
2022-03-07;3;16572,413;12285,850;5790,638;-2157,338;985,225
2022-03-07;4;16742,075;12287,725;5893,013;-2068,275;969,488
2022-03-07;5;17266,663;12861,313;6032,875;-2115,800;823,088
2022-03-07;6;18427,450;13975,013;6217,463;-1940,313;422,538
2022-03-07;7;21049,500;14951,038;6622,988;-1442,575;923,725
2022-03-07;8;23272,750;16333,988;7037,288;-1060,563;965,438
2022-03-07;9;24072,150;17112,525;7237,663;-1206,413;951,563
2022-03-07;10;24354,275;16680,538;8076,050;-1045,588;665,650
2022-03-07;11;23719,913;15693,488;8632,575;-990,838;396,300
2022-03-07;12;23694,150;15068,388;9249,688;-890,900;275,125
2022-03-07;13;23966,513;14407,238;9868,125;-537,725;249,750
2022-03-07;14;24124,138;14398,325;9693,788;-332,125;380,513
2022-03-07;15;23973,838;14812,725;9210,938;-345,613;312,000
2022-03-07;16;24109,275;15375,688;8604,925;-124,288;273,438
2022-03-07;17;24227,063;16535,800;7753,750;-184,288;149,925
2022-03-07;18;24428,488;17538,463;7009,488;-307,988;212,100
2022-03-07;19;25109,763;18237,663;6844,050;-353,375;381,338
2022-03-07;20;25200,750;18185,675;7063,675;-474,075;434,750
2022-03-07;21;24594,075;17353,563;7047,613;-223,900;442,163
2022-03-07;22;23081,863;16262,763;6783,463;-321,513;380,875
2022-03-07;23;21635,038;15242,738;6564,525;-524,950;410,075
2022-03-07;24;20265,163;14763,225;6254,575;-1446,013;791,600
