Data;Godzina;Krajowe zapotrzebowanie na moc;Sumaryczna generacja JWCD;Sumaryczna generacja nJWCD;Krajowe saldo wymiany miêdzysystemowej równoleg³ej;Krajowe saldo wymiany miêdzysystemowej nierównoleg³ej
2022-02-13;1;16654,788;7299,300;9263,038;-875,288;986,388
2022-02-13;2;16032,575;7015,050;9182,363;-1162,663;1017,513
2022-02-13;3;15733,575;6885,925;9252,900;-1286,625;1008,463
2022-02-13;4;15481,163;6885,538;9277,088;-1185,000;1016,088
2022-02-13;5;15487,125;6785,200;9325,113;-1202,713;1022,213
2022-02-13;6;15692,175;6834,800;9380,875;-1206,488;956,950
2022-02-13;7;15999,175;7074,113;9538,938;-1311,088;795,800
2022-02-13;8;16108,588;7011,175;9759,238;-1046,663;817,238
2022-02-13;9;16191,088;7157,900;10023,000;-1371,775;833,050
2022-02-13;10;16271,450;6905,438;10227,075;-1548,513;1172,700
2022-02-13;11;16344,163;6824,038;10351,900;-1576,525;1194,288
2022-02-13;12;16274,400;6602,100;10688,575;-1561,050;1199,038
2022-02-13;13;16422,813;6531,563;10995,963;-1158,325;1192,850
2022-02-13;14;16772,875;6543,088;11104,500;-907,050;1192,175
2022-02-13;15;16869,738;6810,338;10565,750;-703,538;1185,875
2022-02-13;16;17367,238;7581,200;9810,588;-976,025;1197,988
2022-02-13;17;18239,438;8828,575;9143,725;-927,825;1195,100
2022-02-13;18;19421,800;9539,838;9611,800;-868,875;1138,250
2022-02-13;19;20008,663;9203,813;10358,238;-742,513;1191,625
2022-02-13;20;20229,550;9070,775;10534,725;-566,150;1189,888
2022-02-13;21;19720,513;8786,025;10627,450;-885,850;1199,950
2022-02-13;22;18979,888;8147,188;10578,413;-947,463;1208,313
2022-02-13;23;18332,600;7540,788;10509,800;-919,413;1210,875
2022-02-13;24;17335,275;7127,425;10400,675;-1115,675;1196,113
