Data;Godzina;Krajowe zapotrzebowanie na moc;Sumaryczna generacja JWCD;Sumaryczna generacja nJWCD;Krajowe saldo wymiany miêdzysystemowej równoleg³ej;Krajowe saldo wymiany miêdzysystemowej nierównoleg³ej
2022-02-04;1;19138,200;13054,225;6961,963;-1013,000;527,263
2022-02-04;2;18522,125;12818,438;6891,600;-1307,613;531,013
2022-02-04;3;18236,313;12456,563;6810,613;-1010,163;441,150
2022-02-04;4;18146,638;12763,000;6675,638;-1254,775;511,588
2022-02-04;5;18550,438;13030,063;6710,075;-1082,813;432,988
2022-02-04;6;19391,713;13582,375;6730,188;-710,388;278,275
2022-02-04;7;21789,788;15370,513;6774,300;-572,650;328,613
2022-02-04;8;23559,163;16581,413;6811,663;-10,938;190,388
2022-02-04;9;24576,738;17412,825;7046,100;-58,313;186,313
2022-02-04;10;25011,513;17436,800;7269,013;41,625;283,088
2022-02-04;11;25062,963;17459,850;7377,563;-33,250;280,463
2022-02-04;12;25333,638;17492,400;7528,350;-86,950;416,913
2022-02-04;13;25386,850;17504,475;7582,425;-128,313;446,700
2022-02-04;14;25450,713;17378,863;7583,138;9,963;497,600
2022-02-04;15;24979,088;17150,900;7637,938;-294,238;502,388
2022-02-04;16;24631,550;16600,000;7764,013;-143,638;432,713
2022-02-04;17;24561,375;16552,288;8055,150;-365,738;335,738
2022-02-04;18;25045,588;16515,863;8481,050;-269,150;305,425
2022-02-04;19;24700,838;15941,113;8798,900;-485,175;452,125
2022-02-04;20;24335,513;15297,338;9087,038;-543,538;505,050
2022-02-04;21;23527,225;13711,025;9549,613;-223,488;510,125
2022-02-04;22;22126,925;12287,950;9898,150;-535,300;524,600
2022-02-04;23;20790,425;11093,900;9991,425;-770,413;521,250
2022-02-04;24;19568,425;9451,013;10290,863;-630,363;514,488
