Data;Godzina;Krajowe zapotrzebowanie na moc;Sumaryczna generacja JWCD;Sumaryczna generacja nJWCD;Krajowe saldo wymiany miêdzysystemowej równoleg³ej;Krajowe saldo wymiany miêdzysystemowej nierównoleg³ej
2022-02-07;1;16335,613;7480,600;9630,588;-783,463;591,663
2022-02-07;2;16141,050;7659,650;9236,063;-558,788;605,438
2022-02-07;3;16064,663;8099,288;8815,175;-506,463;591,713
2022-02-07;4;16077,200;8525,663;8391,550;-391,538;566,375
2022-02-07;5;16428,475;9163,900;8370,400;-577,613;591,850
2022-02-07;6;17558,275;9845,388;8833,863;-418,338;325,213
2022-02-07;7;20580,175;11870,788;9034,063;-236,638;64,888
2022-02-07;8;22652,525;13158,400;9395,750;-88,538;187,225
2022-02-07;9;23967,025;14145,738;9767,238;-140,175;199,700
2022-02-07;10;24304,650;14023,288;10037,713;-117,475;371,688
2022-02-07;11;24387,313;13649,463;10604,575;-364,563;510,738
2022-02-07;12;24818,300;13531,575;11193,175;-474,875;583,113
2022-02-07;13;24851,788;13278,638;11639,288;-643,475;587,775
2022-02-07;14;24765,425;13130,600;11683,250;-589,038;558,250
2022-02-07;15;24290,363;12641,288;11428,725;-113,900;349,938
2022-02-07;16;24177,725;12706,250;11268,150;-76,313;302,575
2022-02-07;17;24213,463;12889,788;10991,475;-66,300;419,400
2022-02-07;18;24903,163;13844,963;10776,913;26,275;250,700
2022-02-07;19;24707,225;13744,538;10875,238;-128,075;225,000
2022-02-07;20;24518,388;13511,900;10833,425;-26,075;209,800
2022-02-07;21;23788,175;12828,113;10751,725;-133,813;359,450
2022-02-07;22;22342,788;11800,975;10708,375;-246,913;97,163
2022-02-07;23;20932,450;10499,750;10560,763;-193,350;80,300
2022-02-07;24;19595,513;9571,800;10419,563;-769,963;480,875
