Data;Godzina;Krajowe zapotrzebowanie na moc;Sumaryczna generacja JWCD;Sumaryczna generacja nJWCD;Krajowe saldo wymiany miêdzysystemowej równoleg³ej;Krajowe saldo wymiany miêdzysystemowej nierównoleg³ej
2022-02-26;1;18704,525;13294,075;6683,775;-2046,588;999,838
2022-02-26;2;18042,875;13257,688;6535,488;-2114,638;1001,700
2022-02-26;3;17772,988;13225,963;6486,988;-2273,913;995,713
2022-02-26;4;17738,150;13537,263;6229,488;-2355,488;974,900
2022-02-26;5;17818,738;13810,338;5958,213;-2155,800;854,675
2022-02-26;6;17973,700;13698,038;5798,738;-1964,288;942,100
2022-02-26;7;18615,213;14238,413;5647,713;-1845,988;694,163
2022-02-26;8;19481,200;14521,525;5663,488;-1361,113;664,013
2022-02-26;9;20516,675;14831,713;6111,700;-1027,463;606,088
2022-02-26;10;21221,650;15043,325;6529,900;-947,213;600,488
2022-02-26;11;21645,738;15060,725;6894,175;-671,600;376,638
2022-02-26;12;21954,525;15345,013;7162,838;-944,900;399,050
2022-02-26;13;21962,863;15416,538;7262,025;-1382,425;676,550
2022-02-26;14;21836,388;15331,050;7064,875;-1440,175;884,025
2022-02-26;15;21395,013;14924,438;6944,288;-732,863;267,813
2022-02-26;16;21032,200;15066,475;6653,425;-1049,550;367,813
2022-02-26;17;20932,675;15504,088;6154,038;-1281,463;558,438
2022-02-26;18;21482,675;16271,663;6010,725;-1312,588;524,113
2022-02-26;19;21867,000;16385,738;5953,688;-1106,063;633,550
2022-02-26;20;21560,625;15966,475;6000,838;-1084,613;678,900
2022-02-26;21;21008,875;15148,388;6125,300;-860,713;612,000
2022-02-26;22;19887,825;14105,863;6202,450;-1062,913;649,900
2022-02-26;23;18790,188;13095,225;6199,163;-1306,225;814,625
2022-02-26;24;17792,925;11989,838;6194,013;-1285,075;909,000
