Data;Godzina;Generacja Ÿróde³ wiatrowych;Generacja Ÿróde³ fotowoltaicznych
2020-05-06;1;2301,020;0,000
2020-05-06;2;2388,956;0,000
2020-05-06;3;2442,408;0,000
2020-05-06;4;2473,134;0,000
2020-05-06;5;2513,804;6,150
2020-05-06;6;2776,556;29,175
2020-05-06;7;2933,242;79,400
2020-05-06;8;2775,778;158,075
2020-05-06;9;2566,447;274,325
2020-05-06;10;2484,202;390,675
2020-05-06;11;2633,583;496,813
2020-05-06;12;2864,042;582,788
2020-05-06;13;3077,543;616,575
2020-05-06;14;3317,368;616,975
2020-05-06;15;3772,343;562,725
2020-05-06;16;3955,382;436,963
2020-05-06;17;4026,833;315,988
2020-05-06;18;3927,580;201,050
2020-05-06;19;3827,085;85,725
2020-05-06;20;3363,147;14,975
2020-05-06;21;3030,830;0,000
2020-05-06;22;3026,846;0,000
2020-05-06;23;2878,656;0,000
2020-05-06;24;2795,292;0,000
