Data;Godzina;Generacja Ÿróde³ wiatrowych;Generacja Ÿróde³ fotowoltaicznych
2020-06-13;1;1737,658;0,000
2020-06-13;2;1622,343;0,000
2020-06-13;3;1577,192;0,000
2020-06-13;4;1536,957;0,000
2020-06-13;5;1437,550;9,200
2020-06-13;6;1338,693;45,250
2020-06-13;7;978,447;183,800
2020-06-13;8;552,957;418,813
2020-06-13;9;397,771;710,100
2020-06-13;10;564,179;933,275
2020-06-13;11;855,644;1085,025
2020-06-13;12;1187,395;1208,763
2020-06-13;13;1393,758;1257,838
2020-06-13;14;1626,697;1261,975
2020-06-13;15;1942,868;1082,688
2020-06-13;16;2316,032;820,150
2020-06-13;17;2341,121;562,225
2020-06-13;18;2380,726;324,838
2020-06-13;19;2230,180;140,150
2020-06-13;20;2243,622;28,463
2020-06-13;21;2345,271;7,575
2020-06-13;22;2321,210;0,000
2020-06-13;23;2337,070;0,000
2020-06-13;24;2404,619;0,000
