Data;Godzina;Generacja Ÿróde³ wiatrowych;Generacja Ÿróde³ fotowoltaicznych
2020-06-24;1;826,783;0,000
2020-06-24;2;862,733;0,000
2020-06-24;3;841,870;0,000
2020-06-24;4;884,608;0,000
2020-06-24;5;986,731;6,575
2020-06-24;6;892,440;29,900
2020-06-24;7;754,084;118,950
2020-06-24;8;505,854;245,650
2020-06-24;9;418,155;382,888
2020-06-24;10;477,904;498,050
2020-06-24;11;627,642;553,513
2020-06-24;12;710,417;561,863
2020-06-24;13;856,130;547,463
2020-06-24;14;855,904;511,050
2020-06-24;15;970,955;489,113
2020-06-24;16;1085,066;445,963
2020-06-24;17;1106,270;352,663
2020-06-24;18;1193,804;232,175
2020-06-24;19;1123,267;100,213
2020-06-24;20;1162,805;20,488
2020-06-24;21;1242,607;5,063
2020-06-24;22;1419,418;0,000
2020-06-24;23;1630,228;0,000
2020-06-24;24;1545,306;0,000
