Data;Godzina;Generacja Ÿróde³ wiatrowych;Generacja Ÿróde³ fotowoltaicznych
2020-07-15;1;1897,481;0,000
2020-07-15;2;1790,392;0,000
2020-07-15;3;1472,380;0,000
2020-07-15;4;1243,370;0,000
2020-07-15;5;1116,055;0,938
2020-07-15;6;959,767;30,013
2020-07-15;7;664,516;186,000
2020-07-15;8;314,676;451,188
2020-07-15;9;110,958;752,175
2020-07-15;10;163,162;1053,538
2020-07-15;11;301,374;1284,138
2020-07-15;12;364,102;1335,650
2020-07-15;13;409,128;1243,488
2020-07-15;14;474,041;1136,875
2020-07-15;15;581,014;1025,125
2020-07-15;16;815,640;821,900
2020-07-15;17;875,079;589,463
2020-07-15;18;833,328;366,038
2020-07-15;19;811,015;164,313
2020-07-15;20;663,685;27,600
2020-07-15;21;624,380;0,688
2020-07-15;22;742,790;0,000
2020-07-15;23;887,093;0,000
2020-07-15;24;897,752;0,000
