Data;Godzina;Generacja Ÿróde³ wiatrowych;Generacja Ÿróde³ fotowoltaicznych
2020-08-22;1;1956,634;0,000
2020-08-22;2;1570,694;0,000
2020-08-22;3;1419,170;0,000
2020-08-22;4;1493,656;0,000
2020-08-22;5;1504,611;2,675
2020-08-22;6;1545,074;5,263
2020-08-22;7;1481,197;114,800
2020-08-22;8;1233,306;356,575
2020-08-22;9;922,729;637,638
2020-08-22;10;862,607;909,500
2020-08-22;11;816,834;1135,588
2020-08-22;12;886,594;1247,300
2020-08-22;13;1249,509;1207,550
2020-08-22;14;1109,261;1098,513
2020-08-22;15;1217,353;975,863
2020-08-22;16;1195,133;752,413
2020-08-22;17;1149,033;513,650
2020-08-22;18;1162,698;284,363
2020-08-22;19;1046,885;95,888
2020-08-22;20;767,267;5,975
2020-08-22;21;793,656;0,000
2020-08-22;22;966,545;0,000
2020-08-22;23;923,908;0,000
2020-08-22;24;893,021;0,000
