Data;Godzina;Generacja Ÿróde³ wiatrowych;Generacja Ÿróde³ fotowoltaicznych
2020-05-12;1;2684,420;0,000
2020-05-12;2;2658,409;0,000
2020-05-12;3;2375,906;0,000
2020-05-12;4;2312,717;0,000
2020-05-12;5;2156,243;2,413
2020-05-12;6;1931,584;27,075
2020-05-12;7;1717,107;129,225
2020-05-12;8;1322,459;302,663
2020-05-12;9;1298,565;524,725
2020-05-12;10;1567,683;817,038
2020-05-12;11;1812,693;1065,100
2020-05-12;12;1849,906;1177,350
2020-05-12;13;2009,044;1083,900
2020-05-12;14;2101,770;1001,363
2020-05-12;15;2026,783;824,300
2020-05-12;16;2132,595;647,925
2020-05-12;17;2070,829;478,925
2020-05-12;18;1993,971;256,075
2020-05-12;19;1786,129;91,900
2020-05-12;20;1509,301;18,125
2020-05-12;21;1521,896;0,000
2020-05-12;22;1840,368;0,000
2020-05-12;23;2289,148;0,000
2020-05-12;24;2239,894;0,000
