Data;Godzina;Generacja Ÿróde³ wiatrowych;Generacja Ÿróde³ fotowoltaicznych
2020-09-19;1;440,516;0,000
2020-09-19;2;407,254;0,000
2020-09-19;3;377,352;0,000
2020-09-19;4;348,518;0,000
2020-09-19;5;366,223;0,000
2020-09-19;6;394,479;0,263
2020-09-19;7;385,741;69,250
2020-09-19;8;356,379;277,063
2020-09-19;9;234,190;461,425
2020-09-19;10;85,563;655,888
2020-09-19;11;60,133;832,788
2020-09-19;12;80,562;919,488
2020-09-19;13;78,963;945,413
2020-09-19;14;65,935;930,375
2020-09-19;15;65,632;816,463
2020-09-19;16;85,499;617,925
2020-09-19;17;98,299;387,950
2020-09-19;18;137,624;158,988
2020-09-19;19;273,501;22,475
2020-09-19;20;473,691;0,000
2020-09-19;21;657,680;0,000
2020-09-19;22;697,993;0,000
2020-09-19;23;704,180;0,000
2020-09-19;24;658,017;0,000
