Data;Godzina;Generacja Ÿróde³ wiatrowych;Generacja Ÿróde³ fotowoltaicznych
2020-08-04;1;531,157;0,000
2020-08-04;2;505,216;0,000
2020-08-04;3;554,817;0,000
2020-08-04;4;668,445;0,000
2020-08-04;5;805,078;1,200
2020-08-04;6;807,453;2,288
2020-08-04;7;789,229;47,400
2020-08-04;8;694,419;149,175
2020-08-04;9;658,773;261,675
2020-08-04;10;772,968;357,013
2020-08-04;11;857,094;422,000
2020-08-04;12;961,530;489,263
2020-08-04;13;1076,719;530,625
2020-08-04;14;1261,968;577,963
2020-08-04;15;1432,852;592,288
2020-08-04;16;1352,491;473,950
2020-08-04;17;1194,093;320,850
2020-08-04;18;963,181;184,975
2020-08-04;19;824,333;69,350
2020-08-04;20;851,016;5,113
2020-08-04;21;822,750;1,950
2020-08-04;22;787,716;0,000
2020-08-04;23;826,255;0,000
2020-08-04;24;759,193;0,000
