Data;Godzina;Generacja Ÿróde³ wiatrowych;Generacja Ÿróde³ fotowoltaicznych
2020-08-31;1;1198,293;0,000
2020-08-31;2;1350,681;0,000
2020-08-31;3;1492,432;0,000
2020-08-31;4;1737,296;0,000
2020-08-31;5;1648,622;1,875
2020-08-31;6;1584,526;4,038
2020-08-31;7;1686,623;84,575
2020-08-31;8;1744,280;263,825
2020-08-31;9;1690,048;427,400
2020-08-31;10;1618,881;595,175
2020-08-31;11;1709,996;713,075
2020-08-31;12;1925,097;819,275
2020-08-31;13;1706,620;855,475
2020-08-31;14;1520,131;827,763
2020-08-31;15;1523,972;742,250
2020-08-31;16;1272,583;613,200
2020-08-31;17;943,645;476,838
2020-08-31;18;734,906;271,338
2020-08-31;19;603,759;98,575
2020-08-31;20;536,841;8,025
2020-08-31;21;496,432;0,000
2020-08-31;22;656,956;0,000
2020-08-31;23;844,530;0,000
2020-08-31;24;797,677;0,000
