Data;Godzina;Generacja Ÿróde³ wiatrowych;Generacja Ÿróde³ fotowoltaicznych
2020-12-06;1;3985,137;0,000
2020-12-06;2;4144,846;0,000
2020-12-06;3;4392,737;0,000
2020-12-06;4;4550,484;0,000
2020-12-06;5;4743,474;0,000
2020-12-06;6;4873,359;0,000
2020-12-06;7;5035,283;1,638
2020-12-06;8;5187,544;76,863
2020-12-06;9;5332,233;296,388
2020-12-06;10;5399,207;525,800
2020-12-06;11;5358,412;684,075
2020-12-06;12;5167,413;770,025
2020-12-06;13;5176,662;747,225
2020-12-06;14;5298,060;596,650
2020-12-06;15;5280,295;340,175
2020-12-06;16;5450,548;69,638
2020-12-06;17;5625,957;0,000
2020-12-06;18;5675,202;0,000
2020-12-06;19;5631,150;0,000
2020-12-06;20;5602,823;0,000
2020-12-06;21;5557,622;0,000
2020-12-06;22;5529,447;0,000
2020-12-06;23;5480,170;0,000
2020-12-06;24;5478,514;0,000
