Data;Godzina;Generacja Ÿróde³ wiatrowych;Generacja Ÿróde³ fotowoltaicznych
2020-07-13;1;1146,332;0,000
2020-07-13;2;1175,929;0,000
2020-07-13;3;1170,365;0,000
2020-07-13;4;1088,355;0,000
2020-07-13;5;996,730;3,788
2020-07-13;6;897,271;15,375
2020-07-13;7;742,928;85,925
2020-07-13;8;577,093;224,925
2020-07-13;9;688,705;400,338
2020-07-13;10;840,079;560,238
2020-07-13;11;1018,531;678,525
2020-07-13;12;1143,992;743,638
2020-07-13;13;1123,093;796,475
2020-07-13;14;1034,453;807,200
2020-07-13;15;994,144;700,038
2020-07-13;16;916,891;567,125
2020-07-13;17;809,893;426,300
2020-07-13;18;657,018;272,875
2020-07-13;19;488,818;127,938
2020-07-13;20;319,702;26,438
2020-07-13;21;197,116;1,763
2020-07-13;22;259,190;0,000
2020-07-13;23;353,164;0,000
2020-07-13;24;390,203;0,000
