Data;Godzina;Generacja Ÿróde³ wiatrowych;Generacja Ÿróde³ fotowoltaicznych
2020-12-17;1;457,529;0,000
2020-12-17;2;555,481;0,000
2020-12-17;3;762,553;0,000
2020-12-17;4;1003,708;0,000
2020-12-17;5;1232,503;0,000
2020-12-17;6;1438,382;0,000
2020-12-17;7;1483,768;1,150
2020-12-17;8;1563,023;50,525
2020-12-17;9;1750,069;180,288
2020-12-17;10;1840,469;384,475
2020-12-17;11;1902,171;549,175
2020-12-17;12;1929,321;690,050
2020-12-17;13;1982,498;634,100
2020-12-17;14;2124,420;445,275
2020-12-17;15;2333,733;255,850
2020-12-17;16;2511,258;53,988
2020-12-17;17;2586,534;0,000
2020-12-17;18;2595,845;0,000
2020-12-17;19;2728,800;0,000
2020-12-17;20;2675,749;0,000
2020-12-17;21;2524,096;0,000
2020-12-17;22;2411,170;0,000
2020-12-17;23;2334,236;0,000
2020-12-17;24;2130,171;0,000
