Data;Godzina;Generacja Ÿróde³ wiatrowych;Generacja Ÿróde³ fotowoltaicznych
2020-05-16;1;2225,822;0,000
2020-05-16;2;2212,369;0,000
2020-05-16;3;2355,308;0,000
2020-05-16;4;2483,636;0,000
2020-05-16;5;2499,532;4,238
2020-05-16;6;2485,106;25,475
2020-05-16;7;2450,983;172,438
2020-05-16;8;2440,306;341,163
2020-05-16;9;2740,070;498,263
2020-05-16;10;3077,433;744,750
2020-05-16;11;3481,831;926,825
2020-05-16;12;3627,895;1030,238
2020-05-16;13;3662,459;1036,750
2020-05-16;14;3621,595;939,925
2020-05-16;15;3542,831;902,413
2020-05-16;16;3229,718;823,825
2020-05-16;17;2895,493;600,113
2020-05-16;18;2417,641;349,013
2020-05-16;19;2050,831;139,325
2020-05-16;20;1673,427;22,325
2020-05-16;21;1503,543;0,000
2020-05-16;22;1550,517;0,000
2020-05-16;23;1609,626;0,000
2020-05-16;24;1795,506;0,000
