Data;Godzina;Generacja Ÿróde³ wiatrowych;Generacja Ÿróde³ fotowoltaicznych
2020-08-01;1;956,089;0,000
2020-08-01;2;866,416;0,000
2020-08-01;3;827,718;0,000
2020-08-01;4;740,718;0,000
2020-08-01;5;653,228;0,000
2020-08-01;6;621,053;3,225
2020-08-01;7;415,178;89,263
2020-08-01;8;237,013;294,800
2020-08-01;9;216,197;549,800
2020-08-01;10;232,812;815,763
2020-08-01;11;260,748;1006,550
2020-08-01;12;306,311;1146,075
2020-08-01;13;330,615;1248,900
2020-08-01;14;370,417;1241,575
2020-08-01;15;390,631;1128,750
2020-08-01;16;436,078;946,475
2020-08-01;17;406,704;715,850
2020-08-01;18;399,519;433,550
2020-08-01;19;392,663;160,913
2020-08-01;20;404,815;11,538
2020-08-01;21;494,593;0,000
2020-08-01;22;762,379;0,000
2020-08-01;23;1042,479;0,000
2020-08-01;24;1411,695;0,000
