Data;Godzina;Generacja Ÿróde³ wiatrowych;Generacja Ÿróde³ fotowoltaicznych
2020-09-07;1;881,294;0,000
2020-09-07;2;772,369;0,000
2020-09-07;3;775,204;0,000
2020-09-07;4;846,143;0,000
2020-09-07;5;812,870;0,000
2020-09-07;6;779,703;0,075
2020-09-07;7;722,838;26,313
2020-09-07;8;651,242;134,888
2020-09-07;9;546,334;254,475
2020-09-07;10;407,069;454,513
2020-09-07;11;583,743;652,575
2020-09-07;12;859,681;736,325
2020-09-07;13;1045,832;779,625
2020-09-07;14;1244,259;755,125
2020-09-07;15;1338,408;716,200
2020-09-07;16;1425,592;600,800
2020-09-07;17;1427,883;380,963
2020-09-07;18;1137,085;172,925
2020-09-07;19;826,179;31,050
2020-09-07;20;700,129;0,000
2020-09-07;21;855,707;0,000
2020-09-07;22;932,970;0,000
2020-09-07;23;1079,809;0,000
2020-09-07;24;1253,399;0,000
