Data;Godzina;Generacja Ÿróde³ wiatrowych;Generacja Ÿróde³ fotowoltaicznych
2020-12-11;1;397,225;0,000
2020-12-11;2;371,811;0,000
2020-12-11;3;339,466;0,000
2020-12-11;4;301,911;0,000
2020-12-11;5;266,331;0,000
2020-12-11;6;286,242;0,000
2020-12-11;7;329,805;1,150
2020-12-11;8;438,870;44,313
2020-12-11;9;561,241;168,900
2020-12-11;10;568,941;310,363
2020-12-11;11;630,466;435,063
2020-12-11;12;667,006;501,813
2020-12-11;13;729,356;470,625
2020-12-11;14;766,196;361,463
2020-12-11;15;922,823;193,325
2020-12-11;16;1207,784;38,138
2020-12-11;17;1458,910;0,000
2020-12-11;18;1592,882;0,000
2020-12-11;19;1682,947;0,000
2020-12-11;20;1720,512;0,000
2020-12-11;21;1682,761;0,000
2020-12-11;22;1670,758;0,000
2020-12-11;23;1838,869;0,000
2020-12-11;24;1846,134;0,000
