Data;Godzina;Generacja Ÿróde³ wiatrowych;Generacja Ÿróde³ fotowoltaicznych
2020-10-07;1;2041,721;0,000
2020-10-07;2;1919,133;0,000
2020-10-07;3;1764,087;0,000
2020-10-07;4;1693,919;0,000
2020-10-07;5;1610,345;0,000
2020-10-07;6;1558,671;0,000
2020-10-07;7;1435,010;4,238
2020-10-07;8;1340,095;129,913
2020-10-07;9;1127,123;369,725
2020-10-07;10;833,775;618,750
2020-10-07;11;728,847;791,838
2020-10-07;12;800,809;868,263
2020-10-07;13;765,272;907,813
2020-10-07;14;767,351;875,888
2020-10-07;15;750,285;685,425
2020-10-07;16;690,067;449,850
2020-10-07;17;591,706;225,625
2020-10-07;18;621,534;42,500
2020-10-07;19;779,457;0,000
2020-10-07;20;1085,143;0,000
2020-10-07;21;1297,210;0,000
2020-10-07;22;1520,074;0,000
2020-10-07;23;1573,062;0,000
2020-10-07;24;1442,169;0,000
