Data;Godzina;Generacja Ÿróde³ wiatrowych;Generacja Ÿróde³ fotowoltaicznych
2020-11-11;1;299,356;0,000
2020-11-11;2;283,807;0,000
2020-11-11;3;293,631;0,000
2020-11-11;4;276,180;0,000
2020-11-11;5;281,780;0,000
2020-11-11;6;290,182;0,000
2020-11-11;7;286,595;3,675
2020-11-11;8;295,730;89,688
2020-11-11;9;294,707;214,125
2020-11-11;10;283,392;319,188
2020-11-11;11;270,005;384,975
2020-11-11;12;255,431;400,000
2020-11-11;13;226,879;361,525
2020-11-11;14;167,072;275,938
2020-11-11;15;172,432;157,863
2020-11-11;16;209,229;36,125
2020-11-11;17;255,521;0,000
2020-11-11;18;335,381;0,000
2020-11-11;19;384,751;0,000
2020-11-11;20;366,820;0,000
2020-11-11;21;328,783;0,000
2020-11-11;22;321,042;0,000
2020-11-11;23;325,930;0,000
2020-11-11;24;324,190;0,000
