Data;Godzina;Generacja Ÿróde³ wiatrowych;Generacja Ÿróde³ fotowoltaicznych
2020-04-14;1;2093,618;0,000
2020-04-14;2;2123,055;0,000
2020-04-14;3;2225,857;0,000
2020-04-14;4;2382,432;0,000
2020-04-14;5;2461,248;0,000
2020-04-14;6;2532,941;2,107
2020-04-14;7;2397,369;50,633
2020-04-14;8;1902,269;225,094
2020-04-14;9;1921,854;396,796
2020-04-14;10;2491,517;708,183
2020-04-14;11;3086,620;986,429
2020-04-14;12;3124,422;673,611
2020-04-14;13;3309,069;594,467
2020-04-14;14;3565,706;467,895
2020-04-14;15;3836,383;364,088
2020-04-14;16;4154,336;186,779
2020-04-14;17;4245,182;103,943
2020-04-14;18;4033,340;51,907
2020-04-14;19;3578,293;16,362
2020-04-14;20;2736,032;1,191
2020-04-14;21;2325,354;0,000
2020-04-14;22;2354,032;0,000
2020-04-14;23;2720,007;0,000
2020-04-14;24;3004,496;0,000
