Data;Godzina;Generacja Ÿróde³ wiatrowych;Generacja Ÿróde³ fotowoltaicznych
2020-08-09;1;770,929;0,000
2020-08-09;2;641,829;0,000
2020-08-09;3;511,436;0,000
2020-08-09;4;408,465;0,000
2020-08-09;5;277,490;3,175
2020-08-09;6;201,348;5,050
2020-08-09;7;159,947;120,488
2020-08-09;8;110,174;370,825
2020-08-09;9;60,119;677,238
2020-08-09;10;28,519;973,200
2020-08-09;11;37,819;1221,500
2020-08-09;12;38,405;1360,888
2020-08-09;13;50,932;1395,975
2020-08-09;14;100,089;1344,538
2020-08-09;15;191,063;1218,850
2020-08-09;16;279,528;963,188
2020-08-09;17;474,193;653,050
2020-08-09;18;611,842;369,013
2020-08-09;19;511,802;129,800
2020-08-09;20;649,702;8,575
2020-08-09;21;697,314;0,000
2020-08-09;22;564,765;0,000
2020-08-09;23;501,110;0,000
2020-08-09;24;466,816;0,000
