Data;Godzina;Generacja Ÿróde³ wiatrowych;Generacja Ÿróde³ fotowoltaicznych
2020-09-17;1;2705,296;0,000
2020-09-17;2;2734,761;0,000
2020-09-17;3;2837,571;0,000
2020-09-17;4;2910,774;0,000
2020-09-17;5;3161,037;0,000
2020-09-17;6;3262,910;0,100
2020-09-17;7;3078,523;32,125
2020-09-17;8;2724,958;165,788
2020-09-17;9;2802,611;378,563
2020-09-17;10;3006,083;639,288
2020-09-17;11;2896,171;885,813
2020-09-17;12;2574,869;1071,788
2020-09-17;13;2422,768;1094,188
2020-09-17;14;2351,260;1099,913
2020-09-17;15;2297,849;1003,725
2020-09-17;16;2263,245;770,538
2020-09-17;17;2070,398;514,525
2020-09-17;18;1737,944;250,550
2020-09-17;19;1408,213;44,125
2020-09-17;20;1360,381;0,000
2020-09-17;21;1434,222;0,000
2020-09-17;22;1441,833;0,000
2020-09-17;23;1436,508;0,000
2020-09-17;24;1420,320;0,000
