Data;Godzina;Generacja Ÿróde³ wiatrowych;Generacja Ÿróde³ fotowoltaicznych
2020-11-21;1;2147,585;0,000
2020-11-21;2;1995,208;0,000
2020-11-21;3;1937,221;0,000
2020-11-21;4;1775,048;0,000
2020-11-21;5;1452,639;0,000
2020-11-21;6;1354,983;0,000
2020-11-21;7;1288,522;6,050
2020-11-21;8;1359,521;136,050
2020-11-21;9;1486,771;353,938
2020-11-21;10;1638,509;609,550
2020-11-21;11;1962,575;837,388
2020-11-21;12;2426,384;917,875
2020-11-21;13;2934,471;764,888
2020-11-21;14;3362,584;550,013
2020-11-21;15;3767,934;317,675
2020-11-21;16;4129,405;76,475
2020-11-21;17;4444,234;0,000
2020-11-21;18;4743,785;0,000
2020-11-21;19;4885,135;0,000
2020-11-21;20;4964,169;0,000
2020-11-21;21;5047,848;0,000
2020-11-21;22;5151,144;0,000
2020-11-21;23;5046,373;0,000
2020-11-21;24;5075,264;0,000
