Data;Godzina;Generacja Ÿróde³ wiatrowych;Generacja Ÿróde³ fotowoltaicznych
2020-09-01;1;775,007;0,000
2020-09-01;2;787,331;0,000
2020-09-01;3;788,732;0,000
2020-09-01;4;769,356;0,000
2020-09-01;5;737,575;0,000
2020-09-01;6;722,141;0,113
2020-09-01;7;674,342;21,750
2020-09-01;8;651,515;106,588
2020-09-01;9;749,866;235,488
2020-09-01;10;827,779;386,888
2020-09-01;11;919,668;483,975
2020-09-01;12;1133,361;540,188
2020-09-01;13;1520,859;575,938
2020-09-01;14;1697,688;542,563
2020-09-01;15;1796,059;459,763
2020-09-01;16;1966,189;336,138
2020-09-01;17;1926,574;215,938
2020-09-01;18;1793,774;95,400
2020-09-01;19;1752,482;14,300
2020-09-01;20;1741,437;0,000
2020-09-01;21;1693,710;0,000
2020-09-01;22;1568,171;0,000
2020-09-01;23;1461,947;0,000
2020-09-01;24;1398,543;0,000
