Data;Godzina;Generacja Ÿróde³ wiatrowych;Generacja Ÿróde³ fotowoltaicznych
2020-06-11;1;885,946;0,000
2020-06-11;2;908,140;0,000
2020-06-11;3;835,228;0,000
2020-06-11;4;755,206;0,000
2020-06-11;5;581,455;1,375
2020-06-11;6;508,228;26,000
2020-06-11;7;466,918;98,125
2020-06-11;8;376,329;203,750
2020-06-11;9;261,542;307,450
2020-06-11;10;264,666;440,063
2020-06-11;11;286,389;636,650
2020-06-11;12;251,261;758,675
2020-06-11;13;244,425;923,638
2020-06-11;14;273,251;958,388
2020-06-11;15;238,690;797,375
2020-06-11;16;176,102;645,888
2020-06-11;17;118,760;448,400
2020-06-11;18;169,111;258,663
2020-06-11;19;243,189;119,550
2020-06-11;20;286,028;28,863
2020-06-11;21;278,463;5,250
2020-06-11;22;409,927;0,000
2020-06-11;23;442,704;0,000
2020-06-11;24;357,014;0,000
