Data;Godzina;Generacja Ÿróde³ wiatrowych;Generacja Ÿróde³ fotowoltaicznych
2020-06-09;1;446,051;0,000
2020-06-09;2;456,434;0,000
2020-06-09;3;299,221;0,000
2020-06-09;4;265,549;0,000
2020-06-09;5;300,321;5,888
2020-06-09;6;329,686;22,775
2020-06-09;7;272,651;106,538
2020-06-09;8;238,046;220,713
2020-06-09;9;255,582;308,850
2020-06-09;10;276,323;398,250
2020-06-09;11;395,800;504,675
2020-06-09;12;473,205;540,350
2020-06-09;13;559,419;557,100
2020-06-09;14;596,733;568,325
2020-06-09;15;628,270;521,200
2020-06-09;16;733,354;419,588
2020-06-09;17;836,161;292,175
2020-06-09;18;904,843;154,438
2020-06-09;19;868,046;68,538
2020-06-09;20;814,008;17,450
2020-06-09;21;783,820;2,825
2020-06-09;22;899,318;0,000
2020-06-09;23;917,204;0,000
2020-06-09;24;784,980;0,000
