Data;Godzina;Generacja Ÿróde³ wiatrowych;Generacja Ÿróde³ fotowoltaicznych
2020-06-30;1;1136,943;0,000
2020-06-30;2;1298,587;0,000
2020-06-30;3;1465,921;0,000
2020-06-30;4;1515,019;0,000
2020-06-30;5;1616,569;8,163
2020-06-30;6;1431,423;40,138
2020-06-30;7;1227,082;187,100
2020-06-30;8;999,594;422,000
2020-06-30;9;1094,242;687,550
2020-06-30;10;1716,736;966,838
2020-06-30;11;2355,434;1161,925
2020-06-30;12;2630,068;1219,088
2020-06-30;13;2929,971;1202,925
2020-06-30;14;3131,106;1182,000
2020-06-30;15;3201,232;1036,613
2020-06-30;16;3062,448;791,575
2020-06-30;17;2871,171;584,750
2020-06-30;18;2653,798;398,375
2020-06-30;19;2268,708;173,225
2020-06-30;20;1643,169;29,888
2020-06-30;21;1462,654;9,675
2020-06-30;22;1459,917;0,000
2020-06-30;23;1654,499;0,000
2020-06-30;24;1994,553;0,000
