Data;Godzina;Generacja Ÿróde³ wiatrowych;Generacja Ÿróde³ fotowoltaicznych
2020-11-16;1;3245,821;0,000
2020-11-16;2;3329,062;0,000
2020-11-16;3;3198,270;0,000
2020-11-16;4;3068,164;0,000
2020-11-16;5;2983,603;0,000
2020-11-16;6;2923,073;0,000
2020-11-16;7;2739,750;8,863
2020-11-16;8;2477,760;178,500
2020-11-16;9;2284,422;377,675
2020-11-16;10;1910,211;565,475
2020-11-16;11;1619,921;647,588
2020-11-16;12;1355,186;650,125
2020-11-16;13;1226,785;611,338
2020-11-16;14;1104,982;510,538
2020-11-16;15;1059,125;314,713
2020-11-16;16;1103,908;75,438
2020-11-16;17;1314,236;0,000
2020-11-16;18;1486,496;0,000
2020-11-16;19;1654,846;0,000
2020-11-16;20;1761,881;0,000
2020-11-16;21;1695,949;0,000
2020-11-16;22;1731,197;0,000
2020-11-16;23;1793,872;0,000
2020-11-16;24;1802,098;0,000
