Data;Godzina;Generacja Ÿróde³ wiatrowych;Generacja Ÿróde³ fotowoltaicznych
2020-10-06;1;2676,809;0,000
2020-10-06;2;2883,450;0,000
2020-10-06;3;3089,301;0,000
2020-10-06;4;3131,872;0,000
2020-10-06;5;3018,225;0,000
2020-10-06;6;2813,172;0,000
2020-10-06;7;2730,656;4,213
2020-10-06;8;2689,159;147,350
2020-10-06;9;2249,045;462,150
2020-10-06;10;2001,308;779,350
2020-10-06;11;1970,362;1061,563
2020-10-06;12;2413,484;1266,600
2020-10-06;13;2773,049;1267,688
2020-10-06;14;2970,164;1071,088
2020-10-06;15;2780,546;808,550
2020-10-06;16;2390,301;551,100
2020-10-06;17;2063,680;276,675
2020-10-06;18;1777,160;50,050
2020-10-06;19;1915,313;0,000
2020-10-06;20;2192,024;0,000
2020-10-06;21;2260,133;0,000
2020-10-06;22;2273,999;0,000
2020-10-06;23;2308,873;0,000
2020-10-06;24;2142,122;0,000
