Data;Godzina;Generacja Ÿróde³ wiatrowych;Generacja Ÿróde³ fotowoltaicznych
2020-06-14;1;2526,055;0,000
2020-06-14;2;2312,456;0,000
2020-06-14;3;2160,444;0,000
2020-06-14;4;2041,797;0,000
2020-06-14;5;2067,411;6,988
2020-06-14;6;1816,634;31,213
2020-06-14;7;1414,417;152,675
2020-06-14;8;1327,731;289,163
2020-06-14;9;1380,321;439,375
2020-06-14;10;1644,971;575,613
2020-06-14;11;1820,170;640,500
2020-06-14;12;1829,781;711,613
2020-06-14;13;1971,344;772,325
2020-06-14;14;2097,043;785,938
2020-06-14;15;1949,458;722,888
2020-06-14;16;1734,636;661,250
2020-06-14;17;1488,818;523,263
2020-06-14;18;1395,641;313,988
2020-06-14;19;1299,035;143,488
2020-06-14;20;1137,267;37,825
2020-06-14;21;931,161;8,500
2020-06-14;22;1002,983;0,000
2020-06-14;23;933,871;0,000
2020-06-14;24;931,108;0,000
