Data;Godzina;Generacja Ÿróde³ wiatrowych;Generacja Ÿróde³ fotowoltaicznych
2020-05-10;1;744,441;0,000
2020-05-10;2;748,306;0,000
2020-05-10;3;847,568;0,000
2020-05-10;4;961,229;0,525
2020-05-10;5;1128,429;4,750
2020-05-10;6;1224,642;45,525
2020-05-10;7;1264,240;169,650
2020-05-10;8;823,493;369,988
2020-05-10;9;334,741;657,063
2020-05-10;10;349,504;858,463
2020-05-10;11;501,628;968,563
2020-05-10;12;572,305;1089,863
2020-05-10;13;520,418;1119,650
2020-05-10;14;490,145;1030,400
2020-05-10;15;472,640;834,763
2020-05-10;16;497,005;611,638
2020-05-10;17;564,468;374,775
2020-05-10;18;611,867;198,963
2020-05-10;19;720,252;73,275
2020-05-10;20;855,909;9,125
2020-05-10;21;1089,419;0,000
2020-05-10;22;1168,656;0,000
2020-05-10;23;1348,279;0,000
2020-05-10;24;1474,381;0,000
