Data;Godzina;Generacja Ÿróde³ wiatrowych;Generacja Ÿróde³ fotowoltaicznych
2020-04-22;1;1257,780;0,000
2020-04-22;2;1014,341;0,000
2020-04-22;3;880,383;0,000
2020-04-22;4;870,980;0,000
2020-04-22;5;781,181;0,000
2020-04-22;6;785,429;2,566
2020-04-22;7;619,856;67,832
2020-04-22;8;315,748;316,257
2020-04-22;9;109,847;593,456
2020-04-22;10;104,974;775,820
2020-04-22;11;168,875;998,586
2020-04-22;12;283,442;1155,190
2020-04-22;13;350,278;1174,097
2020-04-22;14;418,818;1083,289
2020-04-22;15;508,218;947,910
2020-04-22;16;597,207;784,327
2020-04-22;17;703,105;549,529
2020-04-22;18;765,741;304,306
2020-04-22;19;684,470;95,051
2020-04-22;20;637,131;3,889
2020-04-22;21;802,855;0,000
2020-04-22;22;985,731;0,000
2020-04-22;23;1015,326;0,000
2020-04-22;24;957,283;0,000
