Data;Godzina;Generacja Ÿróde³ wiatrowych;Generacja Ÿróde³ fotowoltaicznych
2020-08-13;1;986,105;0,000
2020-08-13;2;877,418;0,000
2020-08-13;3;801,468;0,000
2020-08-13;4;654,816;0,000
2020-08-13;5;522,576;3,175
2020-08-13;6;405,831;5,575
2020-08-13;7;300,401;131,488
2020-08-13;8;170,877;418,538
2020-08-13;9;49,072;733,338
2020-08-13;10;17,642;1041,263
2020-08-13;11;41,258;1291,175
2020-08-13;12;68,024;1455,175
2020-08-13;13;70,109;1567,563
2020-08-13;14;81,360;1506,788
2020-08-13;15;138,159;1309,638
2020-08-13;16;202,081;1061,163
2020-08-13;17;220,362;762,263
2020-08-13;18;237,964;451,438
2020-08-13;19;244,838;167,738
2020-08-13;20;379,692;12,488
2020-08-13;21;759,706;5,425
2020-08-13;22;1181,832;0,000
2020-08-13;23;1532,208;0,000
2020-08-13;24;1759,228;0,000
