Data;Godzina;Generacja Ÿróde³ wiatrowych;Generacja Ÿróde³ fotowoltaicznych
2020-07-12;1;1108,804;0,000
2020-07-12;2;1043,610;0,000
2020-07-12;3;879,080;0,000
2020-07-12;4;794,722;0,000
2020-07-12;5;788,430;4,075
2020-07-12;6;846,582;16,750
2020-07-12;7;774,105;118,125
2020-07-12;8;462,230;359,850
2020-07-12;9;523,268;631,063
2020-07-12;10;907,803;826,800
2020-07-12;11;1244,030;957,013
2020-07-12;12;1438,602;1037,750
2020-07-12;13;1591,506;954,888
2020-07-12;14;1668,700;893,400
2020-07-12;15;1781,384;845,025
2020-07-12;16;1662,816;687,900
2020-07-12;17;1771,404;495,175
2020-07-12;18;1754,473;319,050
2020-07-12;19;1632,283;146,013
2020-07-12;20;1424,581;22,138
2020-07-12;21;1181,720;1,838
2020-07-12;22;1117,908;0,000
2020-07-12;23;1264,758;0,000
2020-07-12;24;1239,460;0,000
