Data;Godzina;Generacja Ÿróde³ wiatrowych;Generacja Ÿróde³ fotowoltaicznych
2020-09-18;1;1277,356;0,000
2020-09-18;2;1129,834;0,000
2020-09-18;3;1014,193;0,000
2020-09-18;4;941,253;0,000
2020-09-18;5;950,776;0,000
2020-09-18;6;961,229;0,250
2020-09-18;7;984,115;71,388
2020-09-18;8;869,943;359,463
2020-09-18;9;509,655;745,763
2020-09-18;10;371,878;1128,013
2020-09-18;11;564,265;1452,713
2020-09-18;12;531,815;1586,850
2020-09-18;13;463,654;1586,650
2020-09-18;14;479,752;1454,913
2020-09-18;15;465,804;1209,675
2020-09-18;16;448,525;867,113
2020-09-18;17;453,341;539,163
2020-09-18;18;372,263;247,425
2020-09-18;19;360,178;38,475
2020-09-18;20;462,174;0,000
2020-09-18;21;494,392;0,000
2020-09-18;22;558,842;0,000
2020-09-18;23;535,340;0,000
2020-09-18;24;527,355;0,000
