Data;Godzina;Generacja Ÿróde³ wiatrowych;Generacja Ÿróde³ fotowoltaicznych
2020-08-23;1;864,620;0,000
2020-08-23;2;881,358;0,000
2020-08-23;3;729,829;0,000
2020-08-23;4;668,033;0,000
2020-08-23;5;738,455;2,475
2020-08-23;6;834,257;2,800
2020-08-23;7;877,119;60,063
2020-08-23;8;798,407;174,025
2020-08-23;9;615,946;304,075
2020-08-23;10;686,309;456,963
2020-08-23;11;853,852;617,213
2020-08-23;12;1247,685;755,263
2020-08-23;13;1519,381;821,863
2020-08-23;14;1574,541;831,488
2020-08-23;15;1627,381;807,275
2020-08-23;16;1455,994;671,188
2020-08-23;17;1520,793;468,663
2020-08-23;18;1312,128;266,738
2020-08-23;19;1100,430;101,463
2020-08-23;20;895,169;9,100
2020-08-23;21;895,379;0,000
2020-08-23;22;1048,591;0,000
2020-08-23;23;1120,405;0,000
2020-08-23;24;1203,541;0,000
