Data;Godzina;Generacja Ÿróde³ wiatrowych;Generacja Ÿróde³ fotowoltaicznych
2020-12-28;1;5450,783;0,000
2020-12-28;2;5361,993;0,000
2020-12-28;3;5261,486;0,000
2020-12-28;4;5160,484;0,000
2020-12-28;5;5096,635;0,000
2020-12-28;6;4928,159;0,000
2020-12-28;7;4793,708;1,588
2020-12-28;8;4875,111;71,963
2020-12-28;9;4871,305;261,438
2020-12-28;10;4824,698;465,238
2020-12-28;11;4586,970;607,613
2020-12-28;12;4528,696;671,975
2020-12-28;13;4204,321;760,338
2020-12-28;14;4054,132;485,575
2020-12-28;15;3952,646;231,975
2020-12-28;16;3874,383;41,900
2020-12-28;17;3780,272;0,000
2020-12-28;18;3741,959;0,000
2020-12-28;19;3646,840;0,000
2020-12-28;20;3515,260;0,000
2020-12-28;21;3309,798;0,000
2020-12-28;22;3480,920;0,000
2020-12-28;23;3600,695;0,000
2020-12-28;24;3604,913;0,000
