Data;Godzina;Generacja Ÿróde³ wiatrowych;Generacja Ÿróde³ fotowoltaicznych
2020-11-24;1;3785,572;0,000
2020-11-24;2;3550,029;0,000
2020-11-24;3;3153,535;0,000
2020-11-24;4;3039,258;0,000
2020-11-24;5;2972,234;0,000
2020-11-24;6;2779,951;0,000
2020-11-24;7;2753,635;7,688
2020-11-24;8;2795,025;190,900
2020-11-24;9;2801,301;465,800
2020-11-24;10;2605,984;787,225
2020-11-24;11;2540,458;1021,363
2020-11-24;12;2761,498;1079,888
2020-11-24;13;2763,593;993,550
2020-11-24;14;2711,135;805,200
2020-11-24;15;2589,274;454,850
2020-11-24;16;2571,106;97,563
2020-11-24;17;2652,587;0,000
2020-11-24;18;2889,205;0,000
2020-11-24;19;3053,422;0,000
2020-11-24;20;2954,474;0,000
2020-11-24;21;2725,595;0,000
2020-11-24;22;2579,770;0,000
2020-11-24;23;2366,123;0,000
2020-11-24;24;2160,247;0,000
