Data;Godzina;Generacja Ÿróde³ wiatrowych;Generacja Ÿróde³ fotowoltaicznych
2020-10-31;1;476,007;0,000
2020-10-31;2;430,588;0,000
2020-10-31;3;418,889;0,000
2020-10-31;4;388,728;0,000
2020-10-31;5;347,891;0,000
2020-10-31;6;289,229;0,000
2020-10-31;7;265,390;6,000
2020-10-31;8;269,418;153,500
2020-10-31;9;229,602;396,688
2020-10-31;10;169,607;604,213
2020-10-31;11;104,561;636,063
2020-10-31;12;116,486;631,925
2020-10-31;13;189,262;586,788
2020-10-31;14;252,351;431,938
2020-10-31;15;300,805;246,100
2020-10-31;16;406,455;57,563
2020-10-31;17;525,421;0,000
2020-10-31;18;691,392;0,000
2020-10-31;19;828,319;0,000
2020-10-31;20;982,719;0,000
2020-10-31;21;1095,617;0,000
2020-10-31;22;1276,144;0,000
2020-10-31;23;1457,181;0,000
2020-10-31;24;1598,218;0,000
