Data;Godzina;Generacja Ÿróde³ wiatrowych;Generacja Ÿróde³ fotowoltaicznych
2020-04-25;1;1551,320;0,000
2020-04-25;2;1535,770;0,000
2020-04-25;3;1458,121;0,000
2020-04-25;4;1500,932;0,000
2020-04-25;5;1824,872;0,000
2020-04-25;6;2045,454;2,638
2020-04-25;7;2031,947;58,963
2020-04-25;8;2018,196;238,963
2020-04-25;9;2299,581;384,688
2020-04-25;10;2606,855;504,763
2020-04-25;11;2548,420;665,000
2020-04-25;12;2594,944;768,250
2020-04-25;13;2531,208;741,325
2020-04-25;14;2570,858;743,438
2020-04-25;15;2634,197;742,750
2020-04-25;16;2609,361;599,538
2020-04-25;17;2431,494;385,863
2020-04-25;18;2171,356;207,238
2020-04-25;19;1748,235;63,363
2020-04-25;20;1282,252;0,825
2020-04-25;21;1008,289;0,000
2020-04-25;22;951,840;0,000
2020-04-25;23;853,919;0,000
2020-04-25;24;752,813;0,000
