Data;Godzina;Generacja Ÿróde³ wiatrowych;Generacja Ÿróde³ fotowoltaicznych
2020-12-22;1;2183,382;0,000
2020-12-22;2;2530,818;0,000
2020-12-22;3;2977,336;0,000
2020-12-22;4;3358,046;0,000
2020-12-22;5;3590,649;0,000
2020-12-22;6;3808,074;0,000
2020-12-22;7;4100,275;1,263
2020-12-22;8;4399,355;60,238
2020-12-22;9;4511,099;239,813
2020-12-22;10;4582,747;392,775
2020-12-22;11;4528,745;479,513
2020-12-22;12;4522,738;481,738
2020-12-22;13;4420,821;440,738
2020-12-22;14;4388,619;363,400
2020-12-22;15;4293,758;186,800
2020-12-22;16;4343,811;34,000
2020-12-22;17;4600,003;0,000
2020-12-22;18;4815,472;0,000
2020-12-22;19;4864,484;0,000
2020-12-22;20;4830,797;0,000
2020-12-22;21;4877,773;0,000
2020-12-22;22;4635,869;0,000
2020-12-22;23;4250,072;0,000
2020-12-22;24;3870,172;0,000
