Data;Godzina;Generacja Ÿróde³ wiatrowych;Generacja Ÿróde³ fotowoltaicznych
2020-07-11;1;2968,247;0,000
2020-07-11;2;2844,231;0,000
2020-07-11;3;2415,282;0,000
2020-07-11;4;2308,292;0,000
2020-07-11;5;2082,244;2,925
2020-07-11;6;1855,106;30,363
2020-07-11;7;1629,275;106,225
2020-07-11;8;1421,695;221,088
2020-07-11;9;1387,622;352,375
2020-07-11;10;1525,308;498,588
2020-07-11;11;1533,566;550,413
2020-07-11;12;1515,053;573,688
2020-07-11;13;1536,443;597,850
2020-07-11;14;1482,633;556,875
2020-07-11;15;1433,042;517,450
2020-07-11;16;1427,565;416,238
2020-07-11;17;1244,417;304,613
2020-07-11;18;1092,053;199,475
2020-07-11;19;953,180;95,838
2020-07-11;20;820,884;22,988
2020-07-11;21;722,943;1,913
2020-07-11;22;798,283;0,000
2020-07-11;23;863,568;0,000
2020-07-11;24;976,671;0,000
