Data;Godzina;Generacja Ÿróde³ wiatrowych;Generacja Ÿróde³ fotowoltaicznych
2020-08-03;1;742,659;0,000
2020-08-03;2;781,292;0,000
2020-08-03;3;795,855;0,000
2020-08-03;4;749,026;0,000
2020-08-03;5;634,241;0,000
2020-08-03;6;531,513;3,425
2020-08-03;7;505,978;58,450
2020-08-03;8;399,373;177,838
2020-08-03;9;244,534;332,075
2020-08-03;10;177,435;508,938
2020-08-03;11;198,745;654,850
2020-08-03;12;231,860;722,700
2020-08-03;13;302,541;751,088
2020-08-03;14;372,941;647,650
2020-08-03;15;423,654;528,113
2020-08-03;16;469,981;456,638
2020-08-03;17;486,430;327,275
2020-08-03;18;534,131;177,888
2020-08-03;19;460,938;62,375
2020-08-03;20;401,165;4,450
2020-08-03;21;398,328;0,000
2020-08-03;22;458,828;0,000
2020-08-03;23;514,903;0,000
2020-08-03;24;525,517;0,000
