Data;Godzina;Generacja Ÿróde³ wiatrowych;Generacja Ÿróde³ fotowoltaicznych
2020-12-19;1;1503,986;0,000
2020-12-19;2;1390,322;0,000
2020-12-19;3;1385,958;0,000
2020-12-19;4;1390,905;0,000
2020-12-19;5;1326,232;0,000
2020-12-19;6;1156,933;0,000
2020-12-19;7;1267,617;1,900
2020-12-19;8;1373,610;78,575
2020-12-19;9;1389,519;320,425
2020-12-19;10;1287,893;577,838
2020-12-19;11;1213,583;703,375
2020-12-19;12;1195,022;692,850
2020-12-19;13;1144,058;611,550
2020-12-19;14;1171,961;436,125
2020-12-19;15;1241,935;227,175
2020-12-19;16;1496,772;44,988
2020-12-19;17;1694,772;0,000
2020-12-19;18;1870,182;0,000
2020-12-19;19;1975,059;0,000
2020-12-19;20;2106,373;0,000
2020-12-19;21;2174,858;0,000
2020-12-19;22;2149,996;0,000
2020-12-19;23;2233,646;0,000
2020-12-19;24;2191,299;0,000
