Data;Godzina;Generacja Ÿróde³ wiatrowych;Generacja Ÿróde³ fotowoltaicznych
2020-07-01;1;2000,694;0,000
2020-07-01;2;2192,265;0,000
2020-07-01;3;2139,729;0,000
2020-07-01;4;2198,293;0,000
2020-07-01;5;2264,309;4,688
2020-07-01;6;2256,385;20,825
2020-07-01;7;2086,872;128,888
2020-07-01;8;1652,008;382,088
2020-07-01;9;1621,082;651,538
2020-07-01;10;1784,724;905,875
2020-07-01;11;2068,561;1122,063
2020-07-01;12;2146,270;1236,713
2020-07-01;13;2069,784;1274,950
2020-07-01;14;1818,319;1185,000
2020-07-01;15;1614,885;1004,163
2020-07-01;16;1486,530;847,200
2020-07-01;17;1290,316;631,900
2020-07-01;18;1121,642;361,588
2020-07-01;19;685,606;145,775
2020-07-01;20;492,840;30,350
2020-07-01;21;455,414;1,125
2020-07-01;22;635,471;0,000
2020-07-01;23;853,721;0,000
2020-07-01;24;1356,419;0,000
