Data;Godzina;Generacja Ÿróde³ wiatrowych;Generacja Ÿróde³ fotowoltaicznych
2020-08-19;1;609,480;0,000
2020-08-19;2;601,612;0,000
2020-08-19;3;575,691;0,000
2020-08-19;4;542,187;0,000
2020-08-19;5;521,731;1,500
2020-08-19;6;509,516;3,050
2020-08-19;7;454,077;49,600
2020-08-19;8;373,767;163,375
2020-08-19;9;302,716;324,450
2020-08-19;10;364,467;481,438
2020-08-19;11;456,441;591,025
2020-08-19;12;502,580;711,613
2020-08-19;13;593,956;780,238
2020-08-19;14;644,043;750,663
2020-08-19;15;719,546;685,925
2020-08-19;16;800,414;562,825
2020-08-19;17;789,145;434,813
2020-08-19;18;668,208;255,563
2020-08-19;19;525,516;99,588
2020-08-19;20;415,332;9,738
2020-08-19;21;440,416;0,000
2020-08-19;22;518,867;0,000
2020-08-19;23;591,253;0,000
2020-08-19;24;591,865;0,000
