Data;Godzina;Generacja Ÿróde³ wiatrowych;Generacja Ÿróde³ fotowoltaicznych
2020-06-08;1;928,040;0,000
2020-06-08;2;1080,854;0,000
2020-06-08;3;1111,756;0,000
2020-06-08;4;1042,442;0,000
2020-06-08;5;1005,131;5,250
2020-06-08;6;1030,117;37,163
2020-06-08;7;971,829;104,200
2020-06-08;8;799,836;184,250
2020-06-08;9;689,916;288,000
2020-06-08;10;664,564;425,413
2020-06-08;11;677,692;545,088
2020-06-08;12;632,940;592,975
2020-06-08;13;593,627;606,275
2020-06-08;14;587,191;605,150
2020-06-08;15;604,403;550,575
2020-06-08;16;678,228;437,413
2020-06-08;17;691,951;305,375
2020-06-08;18;598,541;197,100
2020-06-08;19;535,238;89,375
2020-06-08;20;401,036;20,888
2020-06-08;21;407,590;5,538
2020-06-08;22;437,949;0,000
2020-06-08;23;475,562;0,000
2020-06-08;24;475,574;0,000
