Data;Godzina;Generacja Ÿróde³ wiatrowych;Generacja Ÿróde³ fotowoltaicznych
2020-12-13;1;638,011;0,000
2020-12-13;2;566,456;0,000
2020-12-13;3;527,856;0,000
2020-12-13;4;477,343;0,000
2020-12-13;5;428,393;0,000
2020-12-13;6;391,218;0,000
2020-12-13;7;375,391;0,950
2020-12-13;8;336,163;40,600
2020-12-13;9;305,388;168,588
2020-12-13;10;293,938;308,888
2020-12-13;11;236,078;405,338
2020-12-13;12;201,762;437,450
2020-12-13;13;175,573;377,975
2020-12-13;14;135,784;269,388
2020-12-13;15;113,459;141,938
2020-12-13;16;120,462;26,713
2020-12-13;17;174,664;0,000
2020-12-13;18;238,240;0,000
2020-12-13;19;231,890;0,000
2020-12-13;20;254,102;0,000
2020-12-13;21;265,763;0,000
2020-12-13;22;288,341;0,000
2020-12-13;23;318,191;0,000
2020-12-13;24;311,453;0,000
