Data;Godzina;Generacja Ÿróde³ wiatrowych;Generacja Ÿróde³ fotowoltaicznych
2020-08-14;1;1646,296;0,000
2020-08-14;2;1625,294;0,000
2020-08-14;3;1506,785;0,000
2020-08-14;4;1309,192;0,000
2020-08-14;5;1156,420;3,025
2020-08-14;6;999,528;5,675
2020-08-14;7;800,103;125,938
2020-08-14;8;515,304;384,925
2020-08-14;9;165,951;687,788
2020-08-14;10;90,708;977,013
2020-08-14;11;147,964;1175,125
2020-08-14;12;262,152;1271,213
2020-08-14;13;274,579;1358,388
2020-08-14;14;251,615;1292,525
2020-08-14;15;202,026;1089,913
2020-08-14;16;248,128;860,813
2020-08-14;17;275,402;606,638
2020-08-14;18;350,289;340,988
2020-08-14;19;478,177;118,850
2020-08-14;20;675,506;6,838
2020-08-14;21;941,905;3,200
2020-08-14;22;1187,205;0,000
2020-08-14;23;1322,257;0,000
2020-08-14;24;1382,583;0,000
