Data;Godzina;Generacja Ÿróde³ wiatrowych;Generacja Ÿróde³ fotowoltaicznych
2020-10-02;1;1268,693;0,000
2020-10-02;2;1307,895;0,000
2020-10-02;3;1245,031;0,000
2020-10-02;4;1256,573;0,000
2020-10-02;5;1322,569;0,000
2020-10-02;6;1375,755;0,000
2020-10-02;7;1351,209;2,300
2020-10-02;8;1344,745;65,738
2020-10-02;9;1248,570;222,813
2020-10-02;10;1280,297;397,425
2020-10-02;11;1370,766;516,163
2020-10-02;12;1397,993;562,525
2020-10-02;13;1541,744;562,975
2020-10-02;14;1591,372;568,313
2020-10-02;15;1530,983;543,925
2020-10-02;16;1522,107;383,650
2020-10-02;17;1517,321;195,325
2020-10-02;18;1631,369;37,750
2020-10-02;19;1986,186;0,000
2020-10-02;20;2474,719;0,000
2020-10-02;21;2803,559;0,000
2020-10-02;22;2894,474;0,000
2020-10-02;23;2698,185;0,000
2020-10-02;24;2660,770;0,000
