Data;Godzina;Generacja Ÿróde³ wiatrowych;Generacja Ÿróde³ fotowoltaicznych
2020-07-18;1;439,214;0,000
2020-07-18;2;445,826;0,000
2020-07-18;3;445,961;0,000
2020-07-18;4;440,052;0,000
2020-07-18;5;454,092;0,850
2020-07-18;6;457,842;27,125
2020-07-18;7;444,340;162,950
2020-07-18;8;181,440;410,963
2020-07-18;9;72,422;691,838
2020-07-18;10;128,935;946,800
2020-07-18;11;234,289;1154,213
2020-07-18;12;324,080;1212,050
2020-07-18;13;369,771;1151,988
2020-07-18;14;435,483;1083,788
2020-07-18;15;433,856;974,513
2020-07-18;16;489,202;788,838
2020-07-18;17;558,768;591,550
2020-07-18;18;593,079;378,350
2020-07-18;19;558,954;181,713
2020-07-18;20;542,355;38,063
2020-07-18;21;731,915;1,838
2020-07-18;22;1052,672;0,000
2020-07-18;23;1214,392;0,000
2020-07-18;24;1227,157;0,000
