Data;Godzina;Generacja Ÿróde³ wiatrowych;Generacja Ÿróde³ fotowoltaicznych
2020-12-31;1;1425,525;0,000
2020-12-31;2;1370,175;0,000
2020-12-31;3;1253,200;0,000
2020-12-31;4;1210,213;0,000
2020-12-31;5;1223,450;0,000
2020-12-31;6;1188,013;0,000
2020-12-31;7;1317,750;0,125
2020-12-31;8;1373,625;5,775
2020-12-31;9;1415,188;74,038
2020-12-31;10;1252,738;250,250
2020-12-31;11;929,100;492,863
2020-12-31;12;635,475;545,613
2020-12-31;13;419,525;544,050
2020-12-31;14;389,913;388,088
2020-12-31;15;394,213;169,863
2020-12-31;16;563,638;21,438
2020-12-31;17;728,163;0,000
2020-12-31;18;899,063;0,000
2020-12-31;19;929,688;0,000
2020-12-31;20;851,038;0,000
2020-12-31;21;803,950;0,000
2020-12-31;22;742,888;0,000
2020-12-31;23;647,175;0,000
2020-12-31;24;613,588;0,000
