Data;Godzina;Generacja Ÿróde³ wiatrowych;Generacja Ÿróde³ fotowoltaicznych
2020-12-10;1;1608,272;0,000
2020-12-10;2;1533,669;0,000
2020-12-10;3;1505,385;0,000
2020-12-10;4;1458,510;0,000
2020-12-10;5;1482,124;0,000
2020-12-10;6;1551,609;0,000
2020-12-10;7;1551,895;0,938
2020-12-10;8;1499,722;40,988
2020-12-10;9;1375,624;161,313
2020-12-10;10;1214,897;290,325
2020-12-10;11;1099,200;380,875
2020-12-10;12;996,704;409,763
2020-12-10;13;962,046;370,975
2020-12-10;14;924,295;287,325
2020-12-10;15;873,573;149,913
2020-12-10;16;780,780;27,013
2020-12-10;17;662,143;0,000
2020-12-10;18;592,167;0,000
2020-12-10;19;552,082;0,000
2020-12-10;20;470,422;0,000
2020-12-10;21;439,955;0,000
2020-12-10;22;443,014;0,000
2020-12-10;23;445,814;0,000
2020-12-10;24;440,189;0,000
