Data;Godzina;Generacja Ÿróde³ wiatrowych;Generacja Ÿróde³ fotowoltaicznych
2020-06-03;1;1215,766;0,000
2020-06-03;2;1190,280;0,000
2020-06-03;3;1082,029;0,000
2020-06-03;4;931,420;0,000
2020-06-03;5;770,792;8,713
2020-06-03;6;611,444;38,950
2020-06-03;7;358,202;166,638
2020-06-03;8;124,853;378,788
2020-06-03;9;87,097;611,250
2020-06-03;10;172,371;853,725
2020-06-03;11;298,200;1028,563
2020-06-03;12;348,132;1090,188
2020-06-03;13;414,656;1109,063
2020-06-03;14;471,367;1025,438
2020-06-03;15;540,401;937,513
2020-06-03;16;566,218;735,713
2020-06-03;17;621,466;493,125
2020-06-03;18;656,817;313,175
2020-06-03;19;629,516;159,250
2020-06-03;20;547,519;33,613
2020-06-03;21;591,073;4,550
2020-06-03;22;716,132;0,000
2020-06-03;23;882,714;0,000
2020-06-03;24;893,605;0,000
