Data;Godzina;Generacja Ÿróde³ wiatrowych;Generacja Ÿróde³ fotowoltaicznych
2020-12-14;1;317,078;0,000
2020-12-14;2;333,765;0,000
2020-12-14;3;315,942;0,000
2020-12-14;4;314,963;0,000
2020-12-14;5;354,527;0,000
2020-12-14;6;410,130;0,000
2020-12-14;7;513,744;0,950
2020-12-14;8;623,619;44,113
2020-12-14;9;680,848;196,025
2020-12-14;10;621,423;352,238
2020-12-14;11;610,466;440,488
2020-12-14;12;586,768;474,063
2020-12-14;13;617,798;448,688
2020-12-14;14;630,183;339,775
2020-12-14;15;733,317;178,988
2020-12-14;16;1047,754;34,600
2020-12-14;17;1577,006;0,000
2020-12-14;18;1939,270;0,000
2020-12-14;19;1931,535;0,000
2020-12-14;20;2070,722;0,000
2020-12-14;21;2187,449;0,000
2020-12-14;22;2056,074;0,000
2020-12-14;23;1879,447;0,000
2020-12-14;24;1753,758;0,000
