Data;Godzina;Generacja Ÿróde³ wiatrowych;Generacja Ÿróde³ fotowoltaicznych
2020-12-29;1;3719,283;0,000
2020-12-29;2;3724,504;0,000
2020-12-29;3;3775,174;0,000
2020-12-29;4;3637,569;0,000
2020-12-29;5;3567,269;0,000
2020-12-29;6;3309,674;0,000
2020-12-29;7;3192,329;0,113
2020-12-29;8;2931,260;4,888
2020-12-29;9;2748,147;71,238
2020-12-29;10;2648,647;248,400
2020-12-29;11;2597,824;509,888
2020-12-29;12;2516,761;539,475
2020-12-29;13;2683,619;510,388
2020-12-29;14;2978,050;367,775
2020-12-29;15;3257,524;203,063
2020-12-29;16;3365,955;36,900
2020-12-29;17;3730,593;0,000
2020-12-29;18;4040,550;0,000
2020-12-29;19;4058,761;0,000
2020-12-29;20;3999,447;0,000
2020-12-29;21;4004,498;0,000
2020-12-29;22;3879,546;0,000
2020-12-29;23;3567,268;0,000
2020-12-29;24;3528,575;0,000
