Data;Godzina;Generacja Ÿróde³ wiatrowych;Generacja Ÿróde³ fotowoltaicznych
2020-09-22;1;1028,235;0,000
2020-09-22;2;1178,174;0,000
2020-09-22;3;1135,548;0,000
2020-09-22;4;1061,833;0,000
2020-09-22;5;951,419;0,000
2020-09-22;6;787,696;0,250
2020-09-22;7;696,030;63,988
2020-09-22;8;708,612;315,375
2020-09-22;9;571,309;671,925
2020-09-22;10;322,346;1061,475
2020-09-22;11;203,188;1350,613
2020-09-22;12;283,568;1512,463
2020-09-22;13;540,717;1566,525
2020-09-22;14;783,309;1470,613
2020-09-22;15;933,832;1250,800
2020-09-22;16;948,124;977,525
2020-09-22;17;912,656;647,638
2020-09-22;18;772,782;297,563
2020-09-22;19;903,206;50,625
2020-09-22;20;1451,606;0,000
2020-09-22;21;1919,470;0,000
2020-09-22;22;2187,485;0,000
2020-09-22;23;2274,957;0,000
2020-09-22;24;2467,810;0,000
