Data;Godzina;Generacja Ÿróde³ wiatrowych;Generacja Ÿróde³ fotowoltaicznych
2020-09-06;1;1202,759;0,000
2020-09-06;2;1155,880;0,000
2020-09-06;3;1036,609;0,000
2020-09-06;4;1080,158;0,000
2020-09-06;5;1089,662;0,000
2020-09-06;6;1103,225;0,088
2020-09-06;7;1029,706;29,613
2020-09-06;8;904,008;147,413
2020-09-06;9;732,294;280,113
2020-09-06;10;754,467;453,500
2020-09-06;11;972,982;626,575
2020-09-06;12;1086,645;740,725
2020-09-06;13;1066,658;854,550
2020-09-06;14;1104,985;827,675
2020-09-06;15;1047,456;735,950
2020-09-06;16;1046,483;551,838
2020-09-06;17;915,019;333,825
2020-09-06;18;608,012;152,363
2020-09-06;19;512,444;27,050
2020-09-06;20;537,144;0,000
2020-09-06;21;734,265;0,000
2020-09-06;22;712,947;0,000
2020-09-06;23;747,439;0,000
2020-09-06;24;807,369;0,000
