Data;Godzina;Generacja Ÿróde³ wiatrowych;Generacja Ÿróde³ fotowoltaicznych
2020-09-08;1;1527,808;0,000
2020-09-08;2;1767,134;0,000
2020-09-08;3;1860,112;0,000
2020-09-08;4;2077,172;0,000
2020-09-08;5;2306,611;0,000
2020-09-08;6;2401,808;0,238
2020-09-08;7;2532,796;49,063
2020-09-08;8;2503,458;244,838
2020-09-08;9;2297,946;524,600
2020-09-08;10;2119,568;800,213
2020-09-08;11;2444,472;974,488
2020-09-08;12;2921,382;1055,575
2020-09-08;13;3448,394;1038,325
2020-09-08;14;3709,921;887,213
2020-09-08;15;3831,034;696,188
2020-09-08;16;3666,572;503,063
2020-09-08;17;3576,506;321,075
2020-09-08;18;3308,085;147,513
2020-09-08;19;2908,432;22,613
2020-09-08;20;2771,835;0,000
2020-09-08;21;2773,209;0,000
2020-09-08;22;2759,218;0,000
2020-09-08;23;2682,448;0,000
2020-09-08;24;2547,862;0,000
