Data;Godzina;Generacja Ÿróde³ wiatrowych;Generacja Ÿróde³ fotowoltaicznych
2020-09-12;1;1857,819;0,000
2020-09-12;2;1795,859;0,000
2020-09-12;3;1807,069;0,000
2020-09-12;4;1695,544;0,000
2020-09-12;5;1588,123;0,000
2020-09-12;6;1542,541;0,250
2020-09-12;7;1374,244;69,488
2020-09-12;8;1265,417;351,838
2020-09-12;9;952,065;743,600
2020-09-12;10;538,577;1137,263
2020-09-12;11;500,728;1467,563
2020-09-12;12;790,477;1673,313
2020-09-12;13;1204,530;1729,100
2020-09-12;14;1493,760;1623,838
2020-09-12;15;1754,297;1388,200
2020-09-12;16;1899,457;1065,663
2020-09-12;17;1794,110;672,013
2020-09-12;18;1426,969;295,475
2020-09-12;19;1255,857;46,625
2020-09-12;20;1504,296;0,000
2020-09-12;21;2064,080;0,000
2020-09-12;22;2435,617;0,000
2020-09-12;23;2546,234;0,000
2020-09-12;24;2326,447;0,000
