Data;Godzina;Generacja Ÿróde³ wiatrowych;Generacja Ÿróde³ fotowoltaicznych
2020-07-28;1;1032,610;0,000
2020-07-28;2;1154,742;0,000
2020-07-28;3;1312,309;0,000
2020-07-28;4;1393,628;0,000
2020-07-28;5;1499,483;3,763
2020-07-28;6;1643,102;21,000
2020-07-28;7;1652,655;120,763
2020-07-28;8;1270,181;287,413
2020-07-28;9;940,092;513,875
2020-07-28;10;871,471;751,125
2020-07-28;11;1088,195;938,575
2020-07-28;12;1507,343;1077,563
2020-07-28;13;1788,745;1182,888
2020-07-28;14;2006,791;1150,188
2020-07-28;15;2140,393;984,213
2020-07-28;16;2029,261;783,963
2020-07-28;17;1660,632;563,800
2020-07-28;18;1449,917;342,225
2020-07-28;19;1471,148;159,050
2020-07-28;20;1424,194;31,363
2020-07-28;21;1258,657;1,613
2020-07-28;22;1280,470;0,000
2020-07-28;23;1235,503;0,000
2020-07-28;24;1056,991;0,000
