Data;Godzina;Generacja Ÿróde³ wiatrowych;Generacja Ÿróde³ fotowoltaicznych
2020-11-18;1;2667,172;0,000
2020-11-18;2;2556,151;0,000
2020-11-18;3;2489,207;0,000
2020-11-18;4;2375,350;0,000
2020-11-18;5;2324,072;0,000
2020-11-18;6;2209,887;0,000
2020-11-18;7;2169,161;6,538
2020-11-18;8;2185,435;141,638
2020-11-18;9;2145,342;364,100
2020-11-18;10;1915,958;561,413
2020-11-18;11;1664,830;671,638
2020-11-18;12;1520,694;676,025
2020-11-18;13;1539,457;633,875
2020-11-18;14;1539,145;480,025
2020-11-18;15;1603,467;268,450
2020-11-18;16;1900,537;62,875
2020-11-18;17;2283,933;0,000
2020-11-18;18;2833,459;0,000
2020-11-18;19;3285,881;0,000
2020-11-18;20;3640,364;0,000
2020-11-18;21;3983,594;0,000
2020-11-18;22;4160,984;0,000
2020-11-18;23;4245,483;0,000
2020-11-18;24;4362,220;0,000
