Data;Godzina;Generacja Ÿróde³ wiatrowych;Generacja Ÿróde³ fotowoltaicznych
2020-08-21;1;760,352;0,000
2020-08-21;2;824,327;0,000
2020-08-21;3;895,169;0,000
2020-08-21;4;925,255;0,000
2020-08-21;5;956,302;3,025
2020-08-21;6;934,718;4,938
2020-08-21;7;864,270;118,938
2020-08-21;8;616,627;383,275
2020-08-21;9;228,705;696,225
2020-08-21;10;100,078;1018,725
2020-08-21;11;243,003;1320,938
2020-08-21;12;569,766;1513,588
2020-08-21;13;754,019;1580,650
2020-08-21;14;718,018;1529,325
2020-08-21;15;615,579;1359,075
2020-08-21;16;484,944;1032,900
2020-08-21;17;446,477;731,538
2020-08-21;18;432,654;415,250
2020-08-21;19;451,804;147,813
2020-08-21;20;631,181;10,425
2020-08-21;21;1204,368;0,000
2020-08-21;22;2019,119;0,000
2020-08-21;23;2460,953;0,000
2020-08-21;24;2399,768;0,000
