Data;Godzina;Generacja Ÿróde³ wiatrowych;Generacja Ÿróde³ fotowoltaicznych
2020-12-04;1;3342,871;0,000
2020-12-04;2;3345,222;0,000
2020-12-04;3;3388,850;0,000
2020-12-04;4;3386,166;0,000
2020-12-04;5;3401,831;0,000
2020-12-04;6;3522,548;0,000
2020-12-04;7;3659,957;1,938
2020-12-04;8;3981,276;89,375
2020-12-04;9;4140,564;318,075
2020-12-04;10;3941,575;533,975
2020-12-04;11;3737,529;722,938
2020-12-04;12;3786,786;831,575
2020-12-04;13;3723,550;714,513
2020-12-04;14;3695,656;531,775
2020-12-04;15;3604,812;307,350
2020-12-04;16;3862,725;64,613
2020-12-04;17;4029,186;0,000
2020-12-04;18;4152,274;0,000
2020-12-04;19;4028,280;0,000
2020-12-04;20;3876,099;0,000
2020-12-04;21;3843,583;0,000
2020-12-04;22;3836,026;0,000
2020-12-04;23;3950,448;0,000
2020-12-04;24;4054,536;0,000
