Data;Godzina;Generacja Ÿróde³ wiatrowych;Generacja Ÿróde³ fotowoltaicznych
2020-11-06;1;4020,200;0,000
2020-11-06;2;3905,586;0,000
2020-11-06;3;3785,724;0,000
2020-11-06;4;3700,195;0,000
2020-11-06;5;3561,745;0,000
2020-11-06;6;3444,895;0,000
2020-11-06;7;3151,869;4,838
2020-11-06;8;2695,956;123,450
2020-11-06;9;2302,986;283,213
2020-11-06;10;2071,543;391,913
2020-11-06;11;1880,515;469,138
2020-11-06;12;1732,311;492,988
2020-11-06;13;1617,522;435,475
2020-11-06;14;1502,234;334,038
2020-11-06;15;1325,959;194,338
2020-11-06;16;1145,231;43,863
2020-11-06;17;968,405;0,000
2020-11-06;18;866,770;0,000
2020-11-06;19;793,594;0,000
2020-11-06;20;716,360;0,000
2020-11-06;21;621,069;0,000
2020-11-06;22;551,867;0,000
2020-11-06;23;495,119;0,000
2020-11-06;24;455,692;0,000
