Data;Godzina;Generacja Ÿróde³ wiatrowych;Generacja Ÿróde³ fotowoltaicznych
2020-12-21;1;2230,057;0,000
2020-12-21;2;2257,698;0,000
2020-12-21;3;2274,047;0,000
2020-12-21;4;2143,937;0,000
2020-12-21;5;1997,973;0,000
2020-12-21;6;1899,360;0,000
2020-12-21;7;1884,581;0,938
2020-12-21;8;1768,281;42,750
2020-12-21;9;1689,122;173,213
2020-12-21;10;1647,154;353,400
2020-12-21;11;1482,111;483,700
2020-12-21;12;1219,033;544,350
2020-12-21;13;1028,611;522,363
2020-12-21;14;935,834;445,575
2020-12-21;15;908,037;254,963
2020-12-21;16;1042,570;50,875
2020-12-21;17;1169,821;0,000
2020-12-21;18;1385,435;0,000
2020-12-21;19;1535,835;0,000
2020-12-21;20;1556,026;0,000
2020-12-21;21;1609,499;0,000
2020-12-21;22;1705,309;0,000
2020-12-21;23;1842,559;0,000
2020-12-21;24;1949,673;0,000
