Data;Godzina;Generacja Ÿróde³ wiatrowych;Generacja Ÿróde³ fotowoltaicznych
2020-11-29;1;1393,361;0,000
2020-11-29;2;1432,305;0,000
2020-11-29;3;1426,894;0,000
2020-11-29;4;1456,893;0,000
2020-11-29;5;1376,082;0,000
2020-11-29;6;1254,022;0,000
2020-11-29;7;1104,210;1,325
2020-11-29;8;1021,431;83,788
2020-11-29;9;916,433;262,763
2020-11-29;10;759,186;420,425
2020-11-29;11;607,144;567,975
2020-11-29;12;527,103;600,588
2020-11-29;13;514,062;536,825
2020-11-29;14;492,127;402,000
2020-11-29;15;470,355;228,063
2020-11-29;16;443,066;50,225
2020-11-29;17;473,672;0,000
2020-11-29;18;423,492;0,000
2020-11-29;19;347,228;0,000
2020-11-29;20;308,264;0,000
2020-11-29;21;299,763;0,000
2020-11-29;22;322,980;0,000
2020-11-29;23;362,980;0,000
2020-11-29;24;435,444;0,000
