Data;Godzina;Generacja Ÿróde³ wiatrowych;Generacja Ÿróde³ fotowoltaicznych
2020-09-13;1;2083,847;0,000
2020-09-13;2;1831,717;0,000
2020-09-13;3;1608,559;0,000
2020-09-13;4;1442,232;0,000
2020-09-13;5;1286,431;0,000
2020-09-13;6;1355,673;0,263
2020-09-13;7;1341,248;55,425
2020-09-13;8;1170,023;246,688
2020-09-13;9;886,833;474,750
2020-09-13;10;837,732;691,250
2020-09-13;11;1109,296;908,738
2020-09-13;12;1569,983;1013,775
2020-09-13;13;1792,561;1040,350
2020-09-13;14;1740,845;944,525
2020-09-13;15;1465,231;739,250
2020-09-13;16;1369,531;513,313
2020-09-13;17;1152,287;304,375
2020-09-13;18;888,757;133,513
2020-09-13;19;755,619;21,288
2020-09-13;20;976,120;0,000
2020-09-13;21;1322,569;0,000
2020-09-13;22;1719,687;0,000
2020-09-13;23;1867,524;0,000
2020-09-13;24;2058,919;0,000
