Data;Godzina;Generacja Ÿróde³ wiatrowych;Generacja Ÿróde³ fotowoltaicznych
2020-09-26;1;781,592;0,000
2020-09-26;2;747,391;0,000
2020-09-26;3;763,779;0,000
2020-09-26;4;778,090;0,000
2020-09-26;5;929,495;0,000
2020-09-26;6;1110,197;0,163
2020-09-26;7;1291,383;28,913
2020-09-26;8;1597,658;136,600
2020-09-26;9;1880,395;279,675
2020-09-26;10;1991,585;450,650
2020-09-26;11;2305,637;610,625
2020-09-26;12;2763,346;707,188
2020-09-26;13;3150,842;696,350
2020-09-26;14;3309,782;730,963
2020-09-26;15;3508,495;651,488
2020-09-26;16;3495,272;462,000
2020-09-26;17;3111,359;281,350
2020-09-26;18;2842,309;123,350
2020-09-26;19;2580,696;19,288
2020-09-26;20;2073,306;0,000
2020-09-26;21;1732,845;0,000
2020-09-26;22;1263,832;0,000
2020-09-26;23;992,917;0,000
2020-09-26;24;790,708;0,000
