Data;Godzina;Generacja Ÿróde³ wiatrowych;Generacja Ÿróde³ fotowoltaicznych
2020-11-30;1;591,273;0,000
2020-11-30;2;682,697;0,000
2020-11-30;3;724,906;0,000
2020-11-30;4;762,516;0,000
2020-11-30;5;837,797;0,000
2020-11-30;6;801,383;0,000
2020-11-30;7;825,591;1,325
2020-11-30;8;832,182;126,075
2020-11-30;9;899,509;355,188
2020-11-30;10;907,746;497,013
2020-11-30;11;793,167;600,475
2020-11-30;12;810,945;688,963
2020-11-30;13;906,993;657,825
2020-11-30;14;1014,608;520,850
2020-11-30;15;961,844;292,125
2020-11-30;16;964,445;61,438
2020-11-30;17;1115,984;0,000
2020-11-30;18;1275,332;0,000
2020-11-30;19;1369,933;0,000
2020-11-30;20;1480,923;0,000
2020-11-30;21;1523,296;0,000
2020-11-30;22;1700,310;0,000
2020-11-30;23;1716,770;0,000
2020-11-30;24;1713,009;0,000
