Data;Godzina;Generacja Ÿróde³ wiatrowych;Generacja Ÿróde³ fotowoltaicznych
2020-04-15;1;3297,346;0,000
2020-04-15;2;3428,707;0,000
2020-04-15;3;3637,958;0,000
2020-04-15;4;3776,831;0,000
2020-04-15;5;3867,518;0,000
2020-04-15;6;3885,994;7,992
2020-04-15;7;3809,999;34,605
2020-04-15;8;3802,147;55,237
2020-04-15;9;3928,358;150,217
2020-04-15;10;4127,757;373,859
2020-04-15;11;4416,809;493,322
2020-04-15;12;4418,834;562,504
2020-04-15;13;4232,689;529,059
2020-04-15;14;4163,992;469,746
2020-04-15;15;4320,092;458,803
2020-04-15;16;4579,130;401,165
2020-04-15;17;4350,558;285,277
2020-04-15;18;4002,296;184,576
2020-04-15;19;3591,908;69,094
2020-04-15;20;3105,946;3,561
2020-04-15;21;2916,520;0,000
2020-04-15;22;3279,717;0,000
2020-04-15;23;3729,668;0,000
2020-04-15;24;4144,926;0,000
