Data;Godzina;Generacja Ÿróde³ wiatrowych;Generacja Ÿróde³ fotowoltaicznych
2020-04-28;1;1878,080;0,000
2020-04-28;2;2171,129;0,000
2020-04-28;3;2393,229;0,000
2020-04-28;4;2450,158;0,000
2020-04-28;5;2386,607;0,000
2020-04-28;6;2214,693;1,938
2020-04-28;7;2015,683;75,000
2020-04-28;8;1454,468;275,700
2020-04-28;9;717,884;523,925
2020-04-28;10;581,420;754,913
2020-04-28;11;780,631;955,950
2020-04-28;12;1197,608;1101,063
2020-04-28;13;1782,318;1120,850
2020-04-28;14;2041,692;978,363
2020-04-28;15;1945,056;813,800
2020-04-28;16;1580,907;615,788
2020-04-28;17;1355,517;412,888
2020-04-28;18;1094,784;205,675
2020-04-28;19;1011,553;63,900
2020-04-28;20;1027,750;0,625
2020-04-28;21;1282,942;0,000
2020-04-28;22;1366,005;0,000
2020-04-28;23;1518,919;0,000
2020-04-28;24;1612,159;0,000
