Data;Godzina;Generacja Ÿróde³ wiatrowych;Generacja Ÿróde³ fotowoltaicznych
2020-08-11;1;1384,082;0,000
2020-08-11;2;1295,365;0,000
2020-08-11;3;1277,067;0,000
2020-08-11;4;1117,180;0,000
2020-08-11;5;1050,631;3,000
2020-08-11;6;1010,357;5,425
2020-08-11;7;940,990;128,038
2020-08-11;8;534,193;410,975
2020-08-11;9;319,700;736,138
2020-08-11;10;318,616;995,000
2020-08-11;11;475,203;1214,975
2020-08-11;12;628,256;1418,588
2020-08-11;13;662,629;1504,375
2020-08-11;14;708,067;1447,063
2020-08-11;15;844,968;1214,100
2020-08-11;16;974,317;919,713
2020-08-11;17;1154,605;637,225
2020-08-11;18;1177,785;376,463
2020-08-11;19;1254,528;146,400
2020-08-11;20;1285,054;11,925
2020-08-11;21;1601,549;0,000
2020-08-11;22;1975,374;0,000
2020-08-11;23;2075,334;0,000
2020-08-11;24;1991,418;0,000
