Data;Godzina;Generacja Ÿróde³ wiatrowych;Generacja Ÿróde³ fotowoltaicznych
2020-08-25;1;1008,693;0,000
2020-08-25;2;1146,759;0,000
2020-08-25;3;1162,830;0,000
2020-08-25;4;1290,136;0,000
2020-08-25;5;1386,544;2,275
2020-08-25;6;1423,083;2,425
2020-08-25;7;1458,845;77,563
2020-08-25;8;1307,006;263,413
2020-08-25;9;1009,868;505,813
2020-08-25;10;1078,610;717,625
2020-08-25;11;1201,581;1045,638
2020-08-25;12;1267,453;1294,400
2020-08-25;13;1271,870;1238,725
2020-08-25;14;1363,983;1151,988
2020-08-25;15;1401,773;1099,238
2020-08-25;16;1465,085;933,950
2020-08-25;17;1347,272;676,525
2020-08-25;18;1133,171;402,925
2020-08-25;19;757,120;146,338
2020-08-25;20;317,959;9,288
2020-08-25;21;260,680;0,000
2020-08-25;22;304,280;0,000
2020-08-25;23;472,405;0,000
2020-08-25;24;838,546;0,000
