Data;Godzina;Generacja Ÿróde³ wiatrowych;Generacja Ÿróde³ fotowoltaicznych
2020-10-24;1;806,693;0,000
2020-10-24;2;980,718;0,000
2020-10-24;3;1106,558;0,000
2020-10-24;4;1269,145;0,000
2020-10-24;5;1227,408;0,000
2020-10-24;6;1193,771;0,000
2020-10-24;7;1143,961;2,313
2020-10-24;8;1195,095;86,725
2020-10-24;9;1230,261;272,338
2020-10-24;10;1254,471;482,225
2020-10-24;11;1250,342;742,050
2020-10-24;12;1443,697;925,050
2020-10-24;13;1671,822;986,850
2020-10-24;14;1876,672;903,738
2020-10-24;15;1739,297;844,800
2020-10-24;16;1413,709;646,125
2020-10-24;17;1272,784;341,988
2020-10-24;18;1224,708;68,175
2020-10-24;19;1393,437;0,000
2020-10-24;20;1616,848;0,000
2020-10-24;21;1729,532;0,000
2020-10-24;22;1772,992;0,000
2020-10-24;23;1838,136;0,000
2020-10-24;24;1816,105;0,000
