Data;Godzina;Generacja Ÿróde³ wiatrowych;Generacja Ÿróde³ fotowoltaicznych
2020-04-23;1;737,556;0,000
2020-04-23;2;589,195;0,000
2020-04-23;3;414,429;0,000
2020-04-23;4;370,214;0,000
2020-04-23;5;289,461;0,000
2020-04-23;6;226,275;3,734
2020-04-23;7;164,509;122,747
2020-04-23;8;142,152;352,439
2020-04-23;9;74,699;633,710
2020-04-23;10;72,810;919,001
2020-04-23;11;190,312;1134,687
2020-04-23;12;336,740;1279,714
2020-04-23;13;457,716;1283,831
2020-04-23;14;455,152;1208,189
2020-04-23;15;494,852;1029,769
2020-04-23;16;517,053;778,482
2020-04-23;17;493,051;482,118
2020-04-23;18;442,387;256,084
2020-04-23;19;364,191;84,151
2020-04-23;20;339,265;3,427
2020-04-23;21;368,427;0,000
2020-04-23;22;375,675;0,000
2020-04-23;23;362,354;0,000
2020-04-23;24;414,855;0,000
