Data;Godzina;Generacja Ÿróde³ wiatrowych;Generacja Ÿróde³ fotowoltaicznych
2020-08-16;1;1020,029;0,000
2020-08-16;2;865,918;0,000
2020-08-16;3;780,983;0,000
2020-08-16;4;676,943;0,000
2020-08-16;5;603,232;3,300
2020-08-16;6;555,394;5,800
2020-08-16;7;506,370;129,525
2020-08-16;8;393,419;410,175
2020-08-16;9;156,091;704,975
2020-08-16;10;131,895;1062,700
2020-08-16;11;372,211;1375,825
2020-08-16;12;481,103;1528,200
2020-08-16;13;644,702;1597,075
2020-08-16;14;736,504;1573,900
2020-08-16;15;716,331;1410,788
2020-08-16;16;691,407;1109,088
2020-08-16;17;658,219;775,925
2020-08-16;18;651,580;442,125
2020-08-16;19;618,084;159,825
2020-08-16;20;636,279;11,925
2020-08-16;21;923,779;0,000
2020-08-16;22;1153,182;0,000
2020-08-16;23;1188,918;0,000
2020-08-16;24;1148,070;0,000
