Data;Godzina;Generacja Ÿróde³ wiatrowych;Generacja Ÿróde³ fotowoltaicznych
2020-10-05;1;1407,646;0,000
2020-10-05;2;1351,150;0,000
2020-10-05;3;1346,586;0,000
2020-10-05;4;1271,544;0,000
2020-10-05;5;1471,247;0,000
2020-10-05;6;1697,335;0,000
2020-10-05;7;1897,386;5,050
2020-10-05;8;1839,144;164,263
2020-10-05;9;1590,138;444,175
2020-10-05;10;1102,084;740,000
2020-10-05;11;951,196;976,450
2020-10-05;12;1027,834;1122,713
2020-10-05;13;1086,407;1056,188
2020-10-05;14;1170,048;936,838
2020-10-05;15;1394,589;707,038
2020-10-05;16;1640,998;423,975
2020-10-05;17;1603,271;184,550
2020-10-05;18;1498,509;29,813
2020-10-05;19;1653,045;0,000
2020-10-05;20;1775,897;0,000
2020-10-05;21;1792,971;0,000
2020-10-05;22;1887,267;0,000
2020-10-05;23;1978,307;0,000
2020-10-05;24;2556,373;0,000
