Data;Godzina;Generacja Ÿróde³ wiatrowych;Generacja Ÿróde³ fotowoltaicznych
2020-12-30;1;3371,375;0,000
2020-12-30;2;3140,525;0,000
2020-12-30;3;2779,950;0,000
2020-12-30;4;2586,713;0,000
2020-12-30;5;2609,025;0,000
2020-12-30;6;2456,200;0,000
2020-12-30;7;2266,000;0,163
2020-12-30;8;1971,775;13,625
2020-12-30;9;1771,000;119,325
2020-12-30;10;1548,275;308,238
2020-12-30;11;1164,725;546,638
2020-12-30;12;823,825;493,988
2020-12-30;13;617,138;377,088
2020-12-30;14;584,200;249,163
2020-12-30;15;615,163;133,300
2020-12-30;16;741,875;22,550
2020-12-30;17;980,713;0,000
2020-12-30;18;1181,788;0,000
2020-12-30;19;1322,975;0,000
2020-12-30;20;1381,475;0,000
2020-12-30;21;1529,513;0,000
2020-12-30;22;1580,100;0,000
2020-12-30;23;1495,138;0,000
2020-12-30;24;1490,075;0,000
