Data;Godzina;Generacja Ÿróde³ wiatrowych;Generacja Ÿróde³ fotowoltaicznych
2020-05-31;1;3109,958;0,000
2020-05-31;2;3164,582;0,000
2020-05-31;3;3202,234;0,000
2020-05-31;4;3267,107;0,000
2020-05-31;5;3323,184;1,825
2020-05-31;6;3233,846;9,788
2020-05-31;7;3198,070;85,838
2020-05-31;8;3138,619;202,863
2020-05-31;9;3138,332;335,688
2020-05-31;10;3190,819;452,625
2020-05-31;11;3366,330;584,638
2020-05-31;12;3592,553;719,038
2020-05-31;13;3628,397;815,525
2020-05-31;14;3851,718;763,038
2020-05-31;15;4041,358;662,100
2020-05-31;16;4069,594;580,788
2020-05-31;17;3950,745;420,875
2020-05-31;18;3764,084;274,600
2020-05-31;19;3499,171;116,900
2020-05-31;20;3073,187;18,075
2020-05-31;21;2705,071;0,000
2020-05-31;22;2643,919;0,000
2020-05-31;23;2712,610;0,000
2020-05-31;24;2674,797;0,000
