Data;Godzina;Generacja Ÿróde³ wiatrowych;Generacja Ÿróde³ fotowoltaicznych
2020-05-15;1;933,382;0,000
2020-05-15;2;907,679;0,000
2020-05-15;3;897,602;0,000
2020-05-15;4;858,066;0,000
2020-05-15;5;768,192;5,150
2020-05-15;6;616,190;24,388
2020-05-15;7;480,489;150,750
2020-05-15;8;271,927;342,488
2020-05-15;9;295,102;564,788
2020-05-15;10;531,114;760,838
2020-05-15;11;715,790;857,963
2020-05-15;12;878,967;869,413
2020-05-15;13;1019,117;859,075
2020-05-15;14;1125,658;827,513
2020-05-15;15;1226,631;739,700
2020-05-15;16;1264,104;610,288
2020-05-15;17;1326,479;463,950
2020-05-15;18;1530,096;277,313
2020-05-15;19;1578,667;124,413
2020-05-15;20;1567,233;22,025
2020-05-15;21;1624,269;0,000
2020-05-15;22;1847,080;0,000
2020-05-15;23;1919,981;0,000
2020-05-15;24;2063,061;0,000
