Data;Godzina;Generacja Ÿróde³ wiatrowych;Generacja Ÿróde³ fotowoltaicznych
2021-07-27;1;944,350;0,000
2021-07-27;2;827,975;0,000
2021-07-27;3;672,900;0,000
2021-07-27;4;588,213;0,000
2021-07-27;5;659,613;0,138
2021-07-27;6;626,625;38,913
2021-07-27;7;443,738;211,338
2021-07-27;8;377,413;463,313
2021-07-27;9;292,025;888,163
2021-07-27;10;226,000;1427,000
2021-07-27;11;250,813;2037,863
2021-07-27;12;341,200;2746,225
2021-07-27;13;555,450;2891,413
2021-07-27;14;845,013;2892,100
2021-07-27;15;1020,900;2633,713
2021-07-27;16;1129,888;2260,025
2021-07-27;17;1149,013;1787,175
2021-07-27;18;976,550;1405,613
2021-07-27;19;704,863;883,700
2021-07-27;20;530,688;458,300
2021-07-27;21;548,413;133,263
2021-07-27;22;573,025;3,150
2021-07-27;23;598,150;0,013
2021-07-27;24;526,175;0,013
