Data;Godzina;Generacja Ÿróde³ wiatrowych;Generacja Ÿróde³ fotowoltaicznych
2021-12-05;1;1073,588;0,500
2021-12-05;2;1127,338;0,538
2021-12-05;3;1174,650;0,600
2021-12-05;4;1195,613;0,538
2021-12-05;5;1289,938;0,500
2021-12-05;6;1274,013;0,500
2021-12-05;7;1354,900;0,500
2021-12-05;8;1442,488;5,825
2021-12-05;9;1527,313;58,125
2021-12-05;10;1426,788;151,263
2021-12-05;11;1159,450;296,950
2021-12-05;12;920,425;421,950
2021-12-05;13;858,963;401,438
2021-12-05;14;844,625;261,450
2021-12-05;15;858,750;174,863
2021-12-05;16;1023,213;46,213
2021-12-05;17;1209,138;0,825
2021-12-05;18;1188,075;0,500
2021-12-05;19;1172,675;0,500
2021-12-05;20;1143,825;0,500
2021-12-05;21;1213,213;0,500
2021-12-05;22;1227,450;0,500
2021-12-05;23;1285,850;0,500
2021-12-05;24;1407,338;0,500
