Data;Godzina;Generacja Ÿróde³ wiatrowych;Generacja Ÿróde³ fotowoltaicznych
2021-06-19;1;2872,738;0,000
2021-06-19;2;2718,538;0,000
2021-06-19;3;2517,025;0,000
2021-06-19;4;2274,438;0,000
2021-06-19;5;2057,075;11,175
2021-06-19;6;1825,875;155,738
2021-06-19;7;1415,538;617,038
2021-06-19;8;724,288;1220,163
2021-06-19;9;325,863;1831,263
2021-06-19;10;300,850;2346,600
2021-06-19;11;513,525;2754,713
2021-06-19;12;904,938;3042,438
2021-06-19;13;876,088;3138,788
2021-06-19;14;714,725;3102,313
2021-06-19;15;613,038;2948,213
2021-06-19;16;529,863;2649,613
2021-06-19;17;492,400;2205,850
2021-06-19;18;467,500;1755,788
2021-06-19;19;493,713;1267,125
2021-06-19;20;599,863;652,588
2021-06-19;21;872,213;192,925
2021-06-19;22;1474,000;11,588
2021-06-19;23;1958,575;0,038
2021-06-19;24;2161,538;0,000
