Data;Godzina;Generacja Ÿróde³ wiatrowych;Generacja Ÿróde³ fotowoltaicznych
2021-07-22;1;665,100;0,000
2021-07-22;2;642,313;0,000
2021-07-22;3;610,325;0,000
2021-07-22;4;529,525;0,000
2021-07-22;5;427,063;0,600
2021-07-22;6;390,413;45,375
2021-07-22;7;318,738;245,875
2021-07-22;8;179,725;629,100
2021-07-22;9;133,013;1013,675
2021-07-22;10;177,013;1642,075
2021-07-22;11;275,488;2230,213
2021-07-22;12;359,875;2306,950
2021-07-22;13;391,900;2121,175
2021-07-22;14;433,438;1879,400
2021-07-22;15;410,200;2011,513
2021-07-22;16;360,613;1933,750
2021-07-22;17;351,075;1440,213
2021-07-22;18;325,750;1112,725
2021-07-22;19;310,313;855,663
2021-07-22;20;215,425;428,725
2021-07-22;21;215,463;122,888
2021-07-22;22;236,350;3,663
2021-07-22;23;245,075;0,000
2021-07-22;24;231,138;0,000
