Data;Godzina;Generacja Ÿróde³ wiatrowych;Generacja Ÿróde³ fotowoltaicznych
2021-03-05;1;676,163;0,000
2021-03-05;2;706,313;0,000
2021-03-05;3;726,650;0,000
2021-03-05;4;743,900;0,000
2021-03-05;5;830,688;0,000
2021-03-05;6;924,288;0,000
2021-03-05;7;984,125;5,000
2021-03-05;8;927,500;164,775
2021-03-05;9;818,650;469,600
2021-03-05;10;773,088;806,363
2021-03-05;11;1043,988;1225,225
2021-03-05;12;1311,763;1345,800
2021-03-05;13;1494,488;1214,900
2021-03-05;14;1531,838;821,713
2021-03-05;15;1481,125;954,688
2021-03-05;16;1411,188;729,088
2021-03-05;17;1153,438;400,725
2021-03-05;18;1031,825;101,488
2021-03-05;19;1117,488;0,663
2021-03-05;20;1175,725;0,000
2021-03-05;21;1268,100;0,000
2021-03-05;22;1474,100;0,000
2021-03-05;23;1544,788;0,000
2021-03-05;24;1636,700;0,000
