Data;Godzina;Generacja Ÿróde³ wiatrowych;Generacja Ÿróde³ fotowoltaicznych
2021-04-23;1;2761,800;0,000
2021-04-23;2;2739,900;0,000
2021-04-23;3;2820,738;0,000
2021-04-23;4;2738,163;0,000
2021-04-23;5;2731,800;0,000
2021-04-23;6;2820,338;5,925
2021-04-23;7;2799,275;123,163
2021-04-23;8;2427,950;504,675
2021-04-23;9;2357,050;971,400
2021-04-23;10;2484,638;1354,388
2021-04-23;11;3042,113;1726,750
2021-04-23;12;3428,725;1808,688
2021-04-23;13;3564,788;1580,175
2021-04-23;14;3757,338;1900,000
2021-04-23;15;3985,500;1856,100
2021-04-23;16;4060,513;1709,700
2021-04-23;17;4191,163;1433,588
2021-04-23;18;3873,000;1050,800
2021-04-23;19;3285,750;597,375
2021-04-23;20;2567,363;178,625
2021-04-23;21;1822,088;10,800
2021-04-23;22;1627,975;0,000
2021-04-23;23;1674,863;0,000
2021-04-23;24;1749,288;0,000
