Data;Godzina;Generacja Ÿróde³ wiatrowych;Generacja Ÿróde³ fotowoltaicznych
2021-05-03;1;2499,538;0,000
2021-05-03;2;2534,275;0,000
2021-05-03;3;2736,538;0,000
2021-05-03;4;2584,575;0,000
2021-05-03;5;2637,688;0,000
2021-05-03;6;2673,125;12,150
2021-05-03;7;2714,325;79,425
2021-05-03;8;2685,625;322,875
2021-05-03;9;2702,863;650,338
2021-05-03;10;2802,313;978,250
2021-05-03;11;2912,450;1326,800
2021-05-03;12;3037,338;1426,838
2021-05-03;13;3172,650;1581,850
2021-05-03;14;3267,600;1511,563
2021-05-03;15;3466,650;1532,525
2021-05-03;16;3609,650;1263,875
2021-05-03;17;3787,350;1165,475
2021-05-03;18;3551,775;942,613
2021-05-03;19;2618,038;578,163
2021-05-03;20;1999,875;242,700
2021-05-03;21;1670,913;29,650
2021-05-03;22;1720,788;0,063
2021-05-03;23;1806,913;0,000
2021-05-03;24;2091,188;0,000
