Data;Godzina;Generacja Ÿróde³ wiatrowych;Generacja Ÿróde³ fotowoltaicznych
2021-04-29;1;2707,325;0,000
2021-04-29;2;2553,750;0,000
2021-04-29;3;2422,925;0,000
2021-04-29;4;2356,450;0,000
2021-04-29;5;2164,513;0,000
2021-04-29;6;2027,888;22,088
2021-04-29;7;1922,588;171,925
2021-04-29;8;1446,163;574,250
2021-04-29;9;941,025;1053,350
2021-04-29;10;923,425;1424,638
2021-04-29;11;1220,588;1830,563
2021-04-29;12;1503,138;1758,363
2021-04-29;13;1559,525;1874,263
2021-04-29;14;1720,925;1943,938
2021-04-29;15;1698,238;1660,050
2021-04-29;16;1595,650;1481,488
2021-04-29;17;1468,113;1103,450
2021-04-29;18;1295,038;827,450
2021-04-29;19;1241,175;468,563
2021-04-29;20;1194,050;141,613
2021-04-29;21;1218,575;9,025
2021-04-29;22;1476,063;0,013
2021-04-29;23;1666,288;0,000
2021-04-29;24;2034,500;0,000
