Data;Godzina;Generacja Ÿróde³ wiatrowych;Generacja Ÿróde³ fotowoltaicznych
2021-01-29;1;3112,638;0,000
2021-01-29;2;3315,188;0,000
2021-01-29;3;3252,125;0,000
2021-01-29;4;2975,475;0,000
2021-01-29;5;2628,113;0,000
2021-01-29;6;2337,113;0,000
2021-01-29;7;2012,613;0,100
2021-01-29;8;1725,025;11,413
2021-01-29;9;1477,375;139,675
2021-01-29;10;1215,538;342,625
2021-01-29;11;922,663;633,250
2021-01-29;12;758,050;757,363
2021-01-29;13;679,738;657,238
2021-01-29;14;546,138;490,013
2021-01-29;15;402,813;292,625
2021-01-29;16;321,313;53,800
2021-01-29;17;247,550;1,100
2021-01-29;18;243,950;0,000
2021-01-29;19;230,113;0,000
2021-01-29;20;185,500;0,000
2021-01-29;21;134,713;0,000
2021-01-29;22;142,150;0,000
2021-01-29;23;153,075;0,000
2021-01-29;24;174,238;0,000
