Data;Godzina;Generacja Ÿróde³ wiatrowych;Generacja Ÿróde³ fotowoltaicznych
2021-03-10;1;617,850;0,000
2021-03-10;2;570,063;0,000
2021-03-10;3;443,300;0,000
2021-03-10;4;338,888;0,000
2021-03-10;5;259,763;0,000
2021-03-10;6;205,063;0,000
2021-03-10;7;168,238;21,338
2021-03-10;8;146,438;317,425
2021-03-10;9;71,625;843,638
2021-03-10;10;33,550;1317,125
2021-03-10;11;39,338;1667,825
2021-03-10;12;32,200;1900,938
2021-03-10;13;25,288;1838,738
2021-03-10;14;26,950;1702,125
2021-03-10;15;26,238;1363,788
2021-03-10;16;36,988;1016,075
2021-03-10;17;39,938;549,288
2021-03-10;18;125,275;129,200
2021-03-10;19;338,413;0,775
2021-03-10;20;823,863;0,000
2021-03-10;21;1471,713;0,000
2021-03-10;22;2092,150;0,000
2021-03-10;23;2463,850;0,000
2021-03-10;24;2617,650;0,000
