Data;Godzina;Generacja Ÿróde³ wiatrowych;Generacja Ÿróde³ fotowoltaicznych
2021-09-26;1;470,575;0,000
2021-09-26;2;346,100;0,000
2021-09-26;3;257,688;0,000
2021-09-26;4;195,375;0,000
2021-09-26;5;133,025;0,000
2021-09-26;6;93,888;0,000
2021-09-26;7;85,788;10,225
2021-09-26;8;88,950;125,950
2021-09-26;9;108,263;549,138
2021-09-26;10;105,400;1094,675
2021-09-26;11;57,375;1513,588
2021-09-26;12;46,988;1756,963
2021-09-26;13;72,850;1949,663
2021-09-26;14;115,113;1927,700
2021-09-26;15;168,925;1848,450
2021-09-26;16;215,113;1636,350
2021-09-26;17;290,400;1122,188
2021-09-26;18;373,488;719,375
2021-09-26;19;700,188;140,075
2021-09-26;20;1299,163;1,913
2021-09-26;21;1731,763;0,000
2021-09-26;22;2213,875;0,000
2021-09-26;23;2358,338;0,000
2021-09-26;24;2426,125;0,000
