Data;Godzina;Generacja Ÿróde³ wiatrowych;Generacja Ÿróde³ fotowoltaicznych
2021-03-14;1;5276,988;0,000
2021-03-14;2;5198,713;0,000
2021-03-14;3;5230,850;0,000
2021-03-14;4;5256,338;0,000
2021-03-14;5;5295,250;0,000
2021-03-14;6;5270,413;0,000
2021-03-14;7;5264,000;27,013
2021-03-14;8;5236,875;262,500
2021-03-14;9;5249,250;603,088
2021-03-14;10;5404,688;768,038
2021-03-14;11;5439,375;918,738
2021-03-14;12;5358,600;983,463
2021-03-14;13;5256,813;1082,625
2021-03-14;14;5140,438;1031,863
2021-03-14;15;4833,063;797,225
2021-03-14;16;4220,375;555,838
2021-03-14;17;3338,450;389,050
2021-03-14;18;2824,413;166,263
2021-03-14;19;2520,763;8,850
2021-03-14;20;2400,900;0,000
2021-03-14;21;2345,650;0,000
2021-03-14;22;2328,713;0,000
2021-03-14;23;2510,750;0,000
2021-03-14;24;2552,413;0,000
