Data;Godzina;Generacja Ÿróde³ wiatrowych;Generacja Ÿróde³ fotowoltaicznych
2021-07-30;1;1740,588;0,000
2021-07-30;2;1861,088;0,000
2021-07-30;3;1709,200;0,000
2021-07-30;4;1660,775;0,000
2021-07-30;5;1715,700;0,113
2021-07-30;6;1942,363;37,475
2021-07-30;7;1879,788;335,100
2021-07-30;8;1449,638;941,500
2021-07-30;9;1671,100;1568,563
2021-07-30;10;2353,975;2139,200
2021-07-30;11;3158,863;2614,838
2021-07-30;12;3564,763;2981,150
2021-07-30;13;3628,175;3065,200
2021-07-30;14;3467,375;3153,238
2021-07-30;15;3372,513;3019,863
2021-07-30;16;3241,500;2578,225
2021-07-30;17;3135,125;2335,350
2021-07-30;18;2876,038;1788,825
2021-07-30;19;2213,538;1206,088
2021-07-30;20;1263,913;520,175
2021-07-30;21;810,488;110,525
2021-07-30;22;794,725;1,150
2021-07-30;23;727,275;0,000
2021-07-30;24;514,825;0,000
