Data;Godzina;Generacja Ÿróde³ wiatrowych;Generacja Ÿróde³ fotowoltaicznych
2021-11-09;1;757,813;0,000
2021-11-09;2;708,063;0,000
2021-11-09;3;635,988;0,000
2021-11-09;4;582,288;0,000
2021-11-09;5;561,775;0,000
2021-11-09;6;613,713;0,000
2021-11-09;7;716,025;1,413
2021-11-09;8;808,950;74,275
2021-11-09;9;841,563;301,063
2021-11-09;10;729,625;665,763
2021-11-09;11;593,900;922,663
2021-11-09;12;501,213;936,675
2021-11-09;13;470,825;901,238
2021-11-09;14;556,513;775,663
2021-11-09;15;675,700;511,363
2021-11-09;16;861,800;228,425
2021-11-09;17;1187,738;15,313
2021-11-09;18;1638,838;0,000
2021-11-09;19;2117,750;0,000
2021-11-09;20;2376,875;0,000
2021-11-09;21;2686,300;0,000
2021-11-09;22;2965,088;0,000
2021-11-09;23;3078,225;0,000
2021-11-09;24;3037,550;0,000
