Data;Godzina;Generacja Ÿróde³ wiatrowych;Generacja Ÿróde³ fotowoltaicznych
2021-03-22;1;1763,088;0,000
2021-03-22;2;1712,963;0,000
2021-03-22;3;1766,275;0,000
2021-03-22;4;1755,788;0,000
2021-03-22;5;1686,538;0,000
2021-03-22;6;1648,025;0,525
2021-03-22;7;1547,763;88,663
2021-03-22;8;1210,025;439,975
2021-03-22;9;746,263;1041,288
2021-03-22;10;609,288;1733,425
2021-03-22;11;861,463;2180,725
2021-03-22;12;1288,938;2248,388
2021-03-22;13;1390,913;2002,050
2021-03-22;14;1561,613;1877,013
2021-03-22;15;1605,438;1544,063
2021-03-22;16;1496,138;1085,713
2021-03-22;17;1185,938;696,638
2021-03-22;18;1021,575;249,500
2021-03-22;19;1178,025;14,838
2021-03-22;20;1554,488;0,000
2021-03-22;21;1980,400;0,000
2021-03-22;22;2153,288;0,000
2021-03-22;23;2273,250;0,000
2021-03-22;24;2312,813;0,000
