Data;Godzina;Generacja Ÿróde³ wiatrowych;Generacja Ÿróde³ fotowoltaicznych
2021-01-16;1;1447,413;0,000
2021-01-16;2;1442,263;0,000
2021-01-16;3;1577,825;0,000
2021-01-16;4;1648,200;0,000
2021-01-16;5;1703,613;0,000
2021-01-16;6;1721,363;0,000
2021-01-16;7;1831,800;0,088
2021-01-16;8;1809,975;15,275
2021-01-16;9;2199,875;65,750
2021-01-16;10;2616,800;189,213
2021-01-16;11;2940,800;466,863
2021-01-16;12;3252,263;428,913
2021-01-16;13;3420,650;327,838
2021-01-16;14;3463,813;201,738
2021-01-16;15;3612,950;94,700
2021-01-16;16;3622,150;15,188
2021-01-16;17;3602,100;0,863
2021-01-16;18;3489,100;0,000
2021-01-16;19;3305,375;0,000
2021-01-16;20;2970,563;0,000
2021-01-16;21;2725,125;0,000
2021-01-16;22;2342,563;0,000
2021-01-16;23;2155,913;0,000
2021-01-16;24;1872,875;0,000
