Data;Godzina;Generacja Ÿróde³ wiatrowych;Generacja Ÿróde³ fotowoltaicznych
2021-03-25;1;726,825;0,000
2021-03-25;2;807,500;0,000
2021-03-25;3;893,713;0,000
2021-03-25;4;979,500;0,000
2021-03-25;5;1015,613;0,000
2021-03-25;6;1064,075;0,575
2021-03-25;7;1114,000;68,838
2021-03-25;8;950,238;371,588
2021-03-25;9;529,513;769,475
2021-03-25;10;399,600;1173,763
2021-03-25;11;372,575;1624,513
2021-03-25;12;303,438;1941,563
2021-03-25;13;250,050;2070,313
2021-03-25;14;253,088;1857,075
2021-03-25;15;275,688;1455,938
2021-03-25;16;216,413;1045,825
2021-03-25;17;189,850;621,313
2021-03-25;18;188,663;239,113
2021-03-25;19;239,800;20,488
2021-03-25;20;311,350;0,000
2021-03-25;21;344,525;0,000
2021-03-25;22;379,938;0,000
2021-03-25;23;403,763;0,000
2021-03-25;24;451,963;0,000
