Data;Godzina;Generacja Ÿróde³ wiatrowych;Generacja Ÿróde³ fotowoltaicznych
2021-11-12;1;1943,025;0,000
2021-11-12;2;1686,125;0,000
2021-11-12;3;1453,975;0,000
2021-11-12;4;1264,413;0,000
2021-11-12;5;999,538;0,000
2021-11-12;6;767,400;0,000
2021-11-12;7;630,963;1,425
2021-11-12;8;547,025;50,088
2021-11-12;9;439,425;218,275
2021-11-12;10;309,313;465,500
2021-11-12;11;266,625;693,500
2021-11-12;12;242,300;801,238
2021-11-12;13;149,913;840,288
2021-11-12;14;104,750;691,750
2021-11-12;15;108,225;432,875
2021-11-12;16;152,963;175,863
2021-11-12;17;243,313;11,325
2021-11-12;18;395,388;0,000
2021-11-12;19;632,413;0,000
2021-11-12;20;934,175;0,000
2021-11-12;21;1171,750;0,000
2021-11-12;22;1326,263;0,000
2021-11-12;23;1517,713;0,000
2021-11-12;24;1694,313;0,000
