Data;Godzina;Generacja Ÿróde³ wiatrowych;Generacja Ÿróde³ fotowoltaicznych
2021-02-25;1;2825,413;0,000
2021-02-25;2;2557,600;0,000
2021-02-25;3;2305,775;0,000
2021-02-25;4;2065,300;0,000
2021-02-25;5;1862,650;0,000
2021-02-25;6;1904,300;0,000
2021-02-25;7;1835,288;0,463
2021-02-25;8;1784,750;79,213
2021-02-25;9;1625,738;425,500
2021-02-25;10;1328,725;878,588
2021-02-25;11;980,213;1276,475
2021-02-25;12;880,400;1502,950
2021-02-25;13;1028,050;1587,975
2021-02-25;14;1180,888;1489,988
2021-02-25;15;1285,825;1218,275
2021-02-25;16;1571,513;848,800
2021-02-25;17;2035,075;397,600
2021-02-25;18;2705,413;71,363
2021-02-25;19;3417,550;0,138
2021-02-25;20;3939,388;0,000
2021-02-25;21;4183,600;0,000
2021-02-25;22;4297,200;0,000
2021-02-25;23;4109,475;0,000
2021-02-25;24;3747,975;0,000
