Data;Godzina;Generacja Ÿróde³ wiatrowych;Generacja Ÿróde³ fotowoltaicznych
2021-09-14;1;249,200;0,000
2021-09-14;2;212,050;0,050
2021-09-14;3;201,963;0,000
2021-09-14;4;159,188;0,025
2021-09-14;5;146,750;0,000
2021-09-14;6;172,263;0,000
2021-09-14;7;213,600;27,963
2021-09-14;8;211,663;197,100
2021-09-14;9;150,938;654,475
2021-09-14;10;122,625;1122,850
2021-09-14;11;93,013;1650,425
2021-09-14;12;82,038;2100,438
2021-09-14;13;78,825;1954,500
2021-09-14;14;73,600;1992,200
2021-09-14;15;59,475;1812,913
2021-09-14;16;41,913;1721,588
2021-09-14;17;41,525;1257,038
2021-09-14;18;37,888;854,863
2021-09-14;19;73,563;336,013
2021-09-14;20;229,338;32,763
2021-09-14;21;416,300;0,125
2021-09-14;22;553,163;0,000
2021-09-14;23;616,263;0,000
2021-09-14;24;707,263;0,000
