Data;Godzina;Generacja Ÿróde³ wiatrowych;Generacja Ÿróde³ fotowoltaicznych
2021-06-07;1;586,113;0,000
2021-06-07;2;506,013;0,000
2021-06-07;3;420,288;0,000
2021-06-07;4;348,663;0,000
2021-06-07;5;322,288;6,675
2021-06-07;6;289,438;141,625
2021-06-07;7;237,850;616,175
2021-06-07;8;139,663;1260,050
2021-06-07;9;62,075;1931,300
2021-06-07;10;68,800;2543,525
2021-06-07;11;123,913;2958,600
2021-06-07;12;193,238;3259,000
2021-06-07;13;270,763;3383,863
2021-06-07;14;400,175;3193,150
2021-06-07;15;465,038;3236,175
2021-06-07;16;500,175;2775,300
2021-06-07;17;530,725;2353,263
2021-06-07;18;545,813;1781,888
2021-06-07;19;524,925;1190,238
2021-06-07;20;472,325;687,088
2021-06-07;21;585,125;215,400
2021-06-07;22;683,850;11,200
2021-06-07;23;732,225;0,013
2021-06-07;24;819,625;0,000
