Data;Godzina;Generacja Ÿróde³ wiatrowych;Generacja Ÿróde³ fotowoltaicznych
2021-10-28;1;2577,588;0,013
2021-10-28;2;2290,675;0,063
2021-10-28;3;2139,625;0,038
2021-10-28;4;1921,913;0,063
2021-10-28;5;1729,350;0,063
2021-10-28;6;1504,025;0,038
2021-10-28;7;1515,950;0,050
2021-10-28;8;1579,288;24,175
2021-10-28;9;1539,988;114,050
2021-10-28;10;1345,275;461,463
2021-10-28;11;974,575;917,013
2021-10-28;12;882,800;1367,588
2021-10-28;13;870,675;1581,288
2021-10-28;14;789,875;1606,188
2021-10-28;15;619,850;1407,313
2021-10-28;16;499,300;1073,013
2021-10-28;17;514,525;605,013
2021-10-28;18;956,988;99,563
2021-10-28;19;1784,575;0,563
2021-10-28;20;2475,550;0,000
2021-10-28;21;2939,663;0,000
2021-10-28;22;3228,138;0,000
2021-10-28;23;3392,075;0,000
2021-10-28;24;3389,338;0,000
