Data;Godzina;Generacja Ÿróde³ wiatrowych;Generacja Ÿróde³ fotowoltaicznych
2021-09-15;1;770,425;0,000
2021-09-15;2;784,938;0,000
2021-09-15;3;793,313;0,000
2021-09-15;4;742,800;0,000
2021-09-15;5;663,350;0,000
2021-09-15;6;657,888;0,025
2021-09-15;7;627,163;26,675
2021-09-15;8;674,675;231,713
2021-09-15;9;519,075;856,850
2021-09-15;10;288,575;1523,800
2021-09-15;11;212,938;2085,500
2021-09-15;12;295,550;2420,288
2021-09-15;13;412,563;2482,563
2021-09-15;14;457,638;2323,875
2021-09-15;15;470,000;2086,825
2021-09-15;16;495,100;1730,188
2021-09-15;17;548,050;1150,588
2021-09-15;18;667,638;734,988
2021-09-15;19;1025,725;250,463
2021-09-15;20;1619,563;8,163
2021-09-15;21;2061,513;0,000
2021-09-15;22;2354,263;0,000
2021-09-15;23;2490,850;0,000
2021-09-15;24;2487,625;0,000
