Data;Godzina;Generacja Ÿróde³ wiatrowych;Generacja Ÿróde³ fotowoltaicznych
2021-07-29;1;1401,188;0,000
2021-07-29;2;1598,663;0,000
2021-07-29;3;1661,025;0,000
2021-07-29;4;1685,450;0,000
2021-07-29;5;1673,250;0,063
2021-07-29;6;1663,325;25,425
2021-07-29;7;1375,138;207,625
2021-07-29;8;812,563;728,913
2021-07-29;9;653,638;1361,100
2021-07-29;10;895,500;1772,275
2021-07-29;11;1437,163;2366,825
2021-07-29;12;2011,013;2628,025
2021-07-29;13;2253,425;2773,963
2021-07-29;14;2280,488;2804,675
2021-07-29;15;2416,225;2497,488
2021-07-29;16;2603,388;2234,063
2021-07-29;17;2615,238;1985,088
2021-07-29;18;2644,775;1644,563
2021-07-29;19;2396,088;1046,800
2021-07-29;20;1665,300;482,188
2021-07-29;21;1304,563;91,788
2021-07-29;22;1467,175;0,838
2021-07-29;23;1601,713;0,000
2021-07-29;24;1670,450;0,000
