Data;Godzina;Generacja Ÿróde³ wiatrowych;Generacja Ÿróde³ fotowoltaicznych
2021-01-04;1;1983,038;0,000
2021-01-04;2;1844,025;0,000
2021-01-04;3;1807,625;0,000
2021-01-04;4;1680,600;0,000
2021-01-04;5;1525,288;0,000
2021-01-04;6;1398,475;0,000
2021-01-04;7;1359,788;0,588
2021-01-04;8;1290,300;10,863
2021-01-04;9;1244,113;120,950
2021-01-04;10;1195,088;228,725
2021-01-04;11;1113,300;454,188
2021-01-04;12;1059,138;472,425
2021-01-04;13;995,413;367,638
2021-01-04;14;973,625;206,238
2021-01-04;15;1042,250;138,125
2021-01-04;16;1083,500;51,638
2021-01-04;17;1104,488;3,650
2021-01-04;18;1164,525;0,000
2021-01-04;19;1173,913;0,000
2021-01-04;20;1073,875;0,000
2021-01-04;21;1046,000;0,000
2021-01-04;22;1024,838;0,000
2021-01-04;23;1039,525;0,000
2021-01-04;24;1066,225;0,000
