Data;Godzina;Generacja Ÿróde³ wiatrowych;Generacja Ÿróde³ fotowoltaicznych
2021-12-11;1;821,400;0,000
2021-12-11;2;683,100;0,000
2021-12-11;3;609,600;0,000
2021-12-11;4;581,863;0,000
2021-12-11;5;500,238;0,000
2021-12-11;6;374,963;0,000
2021-12-11;7;325,700;0,000
2021-12-11;8;266,400;4,925
2021-12-11;9;203,175;105,263
2021-12-11;10;154,038;393,150
2021-12-11;11;140,163;610,900
2021-12-11;12;116,875;709,875
2021-12-11;13;136,213;681,475
2021-12-11;14;136,863;545,000
2021-12-11;15;154,288;335,000
2021-12-11;16;227,138;82,375
2021-12-11;17;348,463;1,088
2021-12-11;18;426,588;0,000
2021-12-11;19;420,625;0,000
2021-12-11;20;450,625;0,000
2021-12-11;21;485,750;0,000
2021-12-11;22;529,263;0,000
2021-12-11;23;570,588;0,000
2021-12-11;24;638,475;0,000
