Data;Godzina;Generacja Ÿróde³ wiatrowych;Generacja Ÿróde³ fotowoltaicznych
2021-08-09;1;823,550;0,000
2021-08-09;2;915,688;0,000
2021-08-09;3;1084,375;0,000
2021-08-09;4;1347,925;0,013
2021-08-09;5;1354,863;0,013
2021-08-09;6;1431,088;10,025
2021-08-09;7;1459,925;157,863
2021-08-09;8;847,813;650,850
2021-08-09;9;515,288;1181,438
2021-08-09;10;455,375;1835,725
2021-08-09;11;596,600;2327,663
2021-08-09;12;923,150;2723,388
2021-08-09;13;1222,150;2876,975
2021-08-09;14;1303,075;2847,300
2021-08-09;15;1245,275;2684,688
2021-08-09;16;1018,488;2411,013
2021-08-09;17;814,338;2052,413
2021-08-09;18;629,875;1498,888
2021-08-09;19;428,113;984,150
2021-08-09;20;264,513;408,100
2021-08-09;21;195,475;40,813
2021-08-09;22;216,325;0,088
2021-08-09;23;388,388;0,000
2021-08-09;24;494,975;0,000
