Data;Godzina;Generacja Ÿróde³ wiatrowych;Generacja Ÿróde³ fotowoltaicznych
2021-12-17;1;3956,725;0,000
2021-12-17;2;3941,650;0,000
2021-12-17;3;3863,675;0,000
2021-12-17;4;3836,713;0,000
2021-12-17;5;3927,863;0,000
2021-12-17;6;4286,800;0,000
2021-12-17;7;4364,538;0,000
2021-12-17;8;4228,063;1,350
2021-12-17;9;4092,200;54,475
2021-12-17;10;3830,375;216,638
2021-12-17;11;3780,738;427,638
2021-12-17;12;3632,638;499,663
2021-12-17;13;3567,488;504,300
2021-12-17;14;3658,213;432,888
2021-12-17;15;3808,738;294,325
2021-12-17;16;3881,250;71,313
2021-12-17;17;3897,788;0,813
2021-12-17;18;3830,775;0,000
2021-12-17;19;3767,963;0,000
2021-12-17;20;3382,900;0,000
2021-12-17;21;3051,475;0,000
2021-12-17;22;2581,450;0,000
2021-12-17;23;2221,925;0,000
2021-12-17;24;1889,338;0,000
