Data;Godzina;Generacja Ÿróde³ wiatrowych;Generacja Ÿróde³ fotowoltaicznych
2021-05-04;1;2202,138;0,000
2021-05-04;2;2281,788;0,000
2021-05-04;3;2358,313;0,000
2021-05-04;4;2473,275;0,000
2021-05-04;5;2505,688;0,000
2021-05-04;6;2525,163;26,113
2021-05-04;7;2620,350;291,125
2021-05-04;8;2395,513;769,225
2021-05-04;9;2053,488;1296,863
2021-05-04;10;2396,413;1771,575
2021-05-04;11;3212,338;2256,563
2021-05-04;12;4092,488;2483,163
2021-05-04;13;4615,875;2334,388
2021-05-04;14;4809,325;1951,600
2021-05-04;15;4931,125;1774,075
2021-05-04;16;4677,313;1381,100
2021-05-04;17;4580,575;940,975
2021-05-04;18;4290,563;675,175
2021-05-04;19;4307,475;384,675
2021-05-04;20;4264,388;191,875
2021-05-04;21;4356,225;22,625
2021-05-04;22;4421,625;0,038
2021-05-04;23;4121,013;0,000
2021-05-04;24;4158,425;0,000
