Data;Godzina;Generacja Ÿróde³ wiatrowych;Generacja Ÿróde³ fotowoltaicznych
2021-10-13;1;1126,175;0,000
2021-10-13;2;1132,038;0,000
2021-10-13;3;1076,175;0,000
2021-10-13;4;1081,850;0,000
2021-10-13;5;1353,263;0,000
2021-10-13;6;1548,425;0,000
2021-10-13;7;1535,738;0,013
2021-10-13;8;1465,538;46,938
2021-10-13;9;1303,550;191,575
2021-10-13;10;912,500;520,125
2021-10-13;11;760,275;973,338
2021-10-13;12;760,663;1300,163
2021-10-13;13;889,313;1279,088
2021-10-13;14;986,825;1308,200
2021-10-13;15;1001,713;1224,675
2021-10-13;16;949,388;896,563
2021-10-13;17;903,238;794,663
2021-10-13;18;758,138;236,400
2021-10-13;19;841,575;9,613
2021-10-13;20;988,475;0,000
2021-10-13;21;1242,275;0,000
2021-10-13;22;1351,375;0,000
2021-10-13;23;1431,675;0,000
2021-10-13;24;1300,413;0,100
