Data;Godzina;Generacja Ÿróde³ wiatrowych;Generacja Ÿróde³ fotowoltaicznych
2021-08-22;1;454,175;0,000
2021-08-22;2;459,663;0,000
2021-08-22;3;429,375;0,000
2021-08-22;4;436,938;0,000
2021-08-22;5;444,425;0,000
2021-08-22;6;399,225;3,563
2021-08-22;7;385,263;122,325
2021-08-22;8;398,788;541,213
2021-08-22;9;244,263;1134,950
2021-08-22;10;132,363;1690,638
2021-08-22;11;136,150;2225,075
2021-08-22;12;157,625;2473,413
2021-08-22;13;226,950;2595,850
2021-08-22;14;333,713;2444,688
2021-08-22;15;402,925;2178,213
2021-08-22;16;440,075;1857,388
2021-08-22;17;666,125;1590,425
2021-08-22;18;798,525;1099,625
2021-08-22;19;949,575;474,013
2021-08-22;20;1164,475;123,925
2021-08-22;21;1462,138;3,100
2021-08-22;22;1518,113;0,000
2021-08-22;23;1556,113;0,000
2021-08-22;24;1542,750;0,000
