Data;Godzina;Generacja Ÿróde³ wiatrowych;Generacja Ÿróde³ fotowoltaicznych
2021-03-28;1;3007,963;0,000
2021-03-28;3;2760,263;0,000
2021-03-28;4;2746,900;0,000
2021-03-28;5;2842,700;0,000
2021-03-28;6;2741,350;0,000
2021-03-28;7;2562,863;1,125
2021-03-28;8;2423,438;105,850
2021-03-28;9;2089,138;354,850
2021-03-28;10;1894,025;823,563
2021-03-28;11;1871,275;1063,625
2021-03-28;12;2104,338;1458,013
2021-03-28;13;2515,100;1627,325
2021-03-28;14;2804,650;1603,838
2021-03-28;15;2826,125;1578,350
2021-03-28;16;2488,425;1330,138
2021-03-28;17;2239,825;1138,288
2021-03-28;18;1927,363;741,013
2021-03-28;19;1593,988;323,913
2021-03-28;20;1605,088;25,738
2021-03-28;21;2018,313;0,000
2021-03-28;22;2487,325;0,000
2021-03-28;23;2905,788;0,000
2021-03-28;24;2973,525;0,000
