Data;Godzina;Generacja Ÿróde³ wiatrowych;Generacja Ÿróde³ fotowoltaicznych
2021-03-17;1;912,200;0,000
2021-03-17;2;866,400;0,000
2021-03-17;3;842,325;0,000
2021-03-17;4;840,450;0,000
2021-03-17;5;868,700;0,000
2021-03-17;6;962,588;0,075
2021-03-17;7;1096,250;23,088
2021-03-17;8;1076,825;152,925
2021-03-17;9;1214,038;326,750
2021-03-17;10;1259,438;539,313
2021-03-17;11;1327,163;742,863
2021-03-17;12;1387,763;741,250
2021-03-17;13;1568,163;916,838
2021-03-17;14;1602,863;1054,325
2021-03-17;15;1827,650;883,700
2021-03-17;16;1811,338;664,763
2021-03-17;17;1769,588;364,850
2021-03-17;18;1592,225;125,263
2021-03-17;19;1386,188;4,000
2021-03-17;20;1469,413;0,000
2021-03-17;21;1483,150;0,000
2021-03-17;22;1539,775;0,000
2021-03-17;23;1409,663;0,000
2021-03-17;24;1176,975;0,000
