Data;Godzina;Generacja Ÿróde³ wiatrowych;Generacja Ÿróde³ fotowoltaicznych
2021-08-29;1;259,000;0,000
2021-08-29;2;265,050;0,063
2021-08-29;3;247,438;0,100
2021-08-29;4;250,988;0,013
2021-08-29;5;258,450;0,038
2021-08-29;6;289,900;0,600
2021-08-29;7;287,038;61,375
2021-08-29;8;262,775;233,238
2021-08-29;9;162,025;434,175
2021-08-29;10;142,038;835,413
2021-08-29;11;178,025;1314,713
2021-08-29;12;293,650;1343,200
2021-08-29;13;464,988;1358,563
2021-08-29;14;664,163;1415,000
2021-08-29;15;789,713;1010,275
2021-08-29;16;723,525;1043,788
2021-08-29;17;596,838;1026,563
2021-08-29;18;572,400;638,550
2021-08-29;19;524,425;324,850
2021-08-29;20;533,000;77,988
2021-08-29;21;486,738;0,513
2021-08-29;22;398,513;0,075
2021-08-29;23;385,975;0,038
2021-08-29;24;326,713;0,000
