Data;Godzina;Generacja Ÿróde³ wiatrowych;Generacja Ÿróde³ fotowoltaicznych
2021-11-16;1;1078,038;0,000
2021-11-16;2;1036,538;0,000
2021-11-16;3;934,600;0,000
2021-11-16;4;860,063;0,000
2021-11-16;5;823,625;0,000
2021-11-16;6;760,813;0,000
2021-11-16;7;717,050;0,300
2021-11-16;8;796,550;67,000
2021-11-16;9;762,625;224,788
2021-11-16;10;663,050;452,025
2021-11-16;11;629,113;686,913
2021-11-16;12;608,325;842,450
2021-11-16;13;549,625;893,800
2021-11-16;14;513,975;780,575
2021-11-16;15;512,038;504,225
2021-11-16;16;581,375;162,338
2021-11-16;17;674,375;4,463
2021-11-16;18;789,250;0,000
2021-11-16;19;872,650;0,000
2021-11-16;20;847,700;0,000
2021-11-16;21;848,800;0,000
2021-11-16;22;951,875;0,000
2021-11-16;23;958,563;0,000
2021-11-16;24;939,238;0,000
