Data;Godzina;Generacja Ÿróde³ wiatrowych;Generacja Ÿróde³ fotowoltaicznych
2021-06-24;1;306,238;0,000
2021-06-24;2;390,875;0,000
2021-06-24;3;448,925;0,000
2021-06-24;4;447,675;0,025
2021-06-24;5;488,713;6,288
2021-06-24;6;433,025;66,550
2021-06-24;7;358,213;246,250
2021-06-24;8;267,963;551,225
2021-06-24;9;340,500;869,050
2021-06-24;10;313,663;1185,838
2021-06-24;11;378,188;1589,888
2021-06-24;12;260,913;1910,250
2021-06-24;13;211,200;2085,488
2021-06-24;14;203,775;2061,750
2021-06-24;15;166,250;2006,225
2021-06-24;16;176,613;1954,213
2021-06-24;17;202,738;1683,625
2021-06-24;18;272,688;1240,363
2021-06-24;19;389,763;815,675
2021-06-24;20;443,925;360,138
2021-06-24;21;444,625;176,188
2021-06-24;22;482,725;33,475
2021-06-24;23;529,225;0,025
2021-06-24;24;396,450;0,000
