Data;Godzina;Generacja Ÿróde³ wiatrowych;Generacja Ÿróde³ fotowoltaicznych
2021-10-08;1;1523,488;0,000
2021-10-08;2;1431,075;0,000
2021-10-08;3;1364,163;0,000
2021-10-08;4;1335,175;0,000
2021-10-08;5;1317,588;0,025
2021-10-08;6;1318,775;0,000
2021-10-08;7;1416,488;0,875
2021-10-08;8;1451,500;102,813
2021-10-08;9;1053,950;544,525
2021-10-08;10;553,013;1209,863
2021-10-08;11;532,725;1785,350
2021-10-08;12;998,363;2156,963
2021-10-08;13;1452,313;2409,338
2021-10-08;14;1363,650;2591,550
2021-10-08;15;1041,063;2332,800
2021-10-08;16;921,300;1834,463
2021-10-08;17;946,138;1186,138
2021-10-08;18;1020,725;454,313
2021-10-08;19;1520,175;32,775
2021-10-08;20;2223,788;0,013
2021-10-08;21;2802,913;0,000
2021-10-08;22;3095,588;0,000
2021-10-08;23;2862,388;0,000
2021-10-08;24;2632,975;0,000
