Data;Godzina;Generacja Ÿróde³ wiatrowych;Generacja Ÿróde³ fotowoltaicznych
2021-05-21;1;1281,713;0,000
2021-05-21;2;1247,400;0,000
2021-05-21;3;1307,125;0,000
2021-05-21;4;1426,513;0,000
2021-05-21;5;1564,050;1,338
2021-05-21;6;1603,163;77,563
2021-05-21;7;1509,913;466,888
2021-05-21;8;1011,525;1044,575
2021-05-21;9;685,575;1604,363
2021-05-21;10;972,438;2191,163
2021-05-21;11;1666,400;2709,338
2021-05-21;12;2405,100;2533,763
2021-05-21;13;2855,738;2639,588
2021-05-21;14;3235,875;2665,825
2021-05-21;15;3454,038;2483,588
2021-05-21;16;3599,350;2136,138
2021-05-21;17;3941,675;1709,275
2021-05-21;18;3418,450;1275,325
2021-05-21;19;3016,675;757,913
2021-05-21;20;2892,000;350,275
2021-05-21;21;2688,750;99,438
2021-05-21;22;2437,613;3,175
2021-05-21;23;2488,525;0,000
2021-05-21;24;2404,313;0,000
