Data;Godzina;Generacja Ÿróde³ wiatrowych;Generacja Ÿróde³ fotowoltaicznych
2021-03-23;1;2259,013;0,000
2021-03-23;2;2237,638;0,000
2021-03-23;3;2176,088;0,000
2021-03-23;4;2037,300;0,000
2021-03-23;5;1913,975;0,000
2021-03-23;6;1881,963;0,800
2021-03-23;7;1682,350;72,000
2021-03-23;8;1374,050;328,038
2021-03-23;9;1225,725;675,263
2021-03-23;10;1208,275;1001,588
2021-03-23;11;1278,463;1257,925
2021-03-23;12;1378,113;1252,500
2021-03-23;13;1372,575;1254,375
2021-03-23;14;1378,413;1214,875
2021-03-23;15;1320,700;1021,438
2021-03-23;16;1180,863;646,950
2021-03-23;17;1151,838;371,750
2021-03-23;18;1020,513;136,088
2021-03-23;19;1049,788;8,063
2021-03-23;20;1084,100;0,000
2021-03-23;21;1090,575;0,000
2021-03-23;22;1075,500;0,000
2021-03-23;23;1001,588;0,000
2021-03-23;24;813,363;0,000
