Data;Godzina;Generacja Ÿróde³ wiatrowych;Generacja Ÿróde³ fotowoltaicznych
2021-05-11;1;3066,750;0,000
2021-05-11;2;3022,100;0,000
2021-05-11;3;2842,800;0,000
2021-05-11;4;2754,650;0,000
2021-05-11;5;2748,838;0,425
2021-05-11;6;2956,313;51,038
2021-05-11;7;2895,113;398,625
2021-05-11;8;2080,963;1055,900
2021-05-11;9;1648,013;1760,600
2021-05-11;10;1829,450;2373,550
2021-05-11;11;2574,188;2890,925
2021-05-11;12;3213,900;3240,175
2021-05-11;13;3655,800;3411,213
2021-05-11;14;3856,375;3400,700
2021-05-11;15;3751,388;3204,188
2021-05-11;16;3816,563;2795,138
2021-05-11;17;3899,488;2336,238
2021-05-11;18;3876,150;1726,475
2021-05-11;19;3750,113;1097,200
2021-05-11;20;3863,200;427,313
2021-05-11;21;4110,438;56,238
2021-05-11;22;4426,750;0,238
2021-05-11;23;4490,175;0,000
2021-05-11;24;4578,563;0,000
