Data;Godzina;Generacja Ÿróde³ wiatrowych;Generacja Ÿróde³ fotowoltaicznych
2021-03-08;1;1620,400;0,000
2021-03-08;2;1427,663;0,000
2021-03-08;3;1299,363;0,000
2021-03-08;4;1301,063;0,000
2021-03-08;5;1238,013;0,000
2021-03-08;6;1320,950;0,000
2021-03-08;7;1337,363;10,938
2021-03-08;8;1248,050;250,150
2021-03-08;9;1064,613;642,138
2021-03-08;10;974,338;957,638
2021-03-08;11;1171,750;1109,863
2021-03-08;12;1254,975;1048,038
2021-03-08;13;1377,913;1126,213
2021-03-08;14;1358,313;1198,163
2021-03-08;15;1452,188;1014,388
2021-03-08;16;1202,638;763,725
2021-03-08;17;955,963;389,075
2021-03-08;18;716,525;107,138
2021-03-08;19;543,350;1,013
2021-03-08;20;565,175;0,000
2021-03-08;21;538,913;0,000
2021-03-08;22;466,838;0,000
2021-03-08;23;419,938;0,000
2021-03-08;24;380,488;0,000
