Data;Godzina;Generacja Ÿróde³ wiatrowych;Generacja Ÿróde³ fotowoltaicznych
2021-01-31;1;1939,625;0,000
2021-01-31;2;2021,375;0,000
2021-01-31;3;2038,638;0,000
2021-01-31;4;2062,050;0,000
2021-01-31;5;2205,713;0,000
2021-01-31;6;2294,713;0,000
2021-01-31;7;2467,075;0,225
2021-01-31;8;2497,563;14,088
2021-01-31;9;2490,025;197,438
2021-01-31;10;2435,688;615,913
2021-01-31;11;2372,613;985,475
2021-01-31;12;2361,638;1121,075
2021-01-31;13;2392,300;966,013
2021-01-31;14;2326,925;720,188
2021-01-31;15;2238,138;384,888
2021-01-31;16;2160,800;100,050
2021-01-31;17;2274,413;9,550
2021-01-31;18;2433,425;0,000
2021-01-31;19;2587,813;0,000
2021-01-31;20;2713,613;0,000
2021-01-31;21;2701,325;0,000
2021-01-31;22;2501,238;0,000
2021-01-31;23;2239,188;0,000
2021-01-31;24;1936,000;0,000
