Data;Godzina;Generacja Ÿróde³ wiatrowych;Generacja Ÿróde³ fotowoltaicznych
2021-02-07;1;2782,150;0,000
2021-02-07;2;3009,525;0,000
2021-02-07;3;3231,650;0,000
2021-02-07;4;3095,088;0,000
2021-02-07;5;2832,238;0,000
2021-02-07;6;2779,888;0,000
2021-02-07;7;2901,975;0,863
2021-02-07;8;3125,938;37,925
2021-02-07;9;3311,475;105,088
2021-02-07;10;3436,550;284,025
2021-02-07;11;3224,950;503,825
2021-02-07;12;3171,000;570,913
2021-02-07;13;3258,625;486,463
2021-02-07;14;3279,888;373,763
2021-02-07;15;3391,900;214,050
2021-02-07;16;3544,188;65,263
2021-02-07;17;3716,000;13,563
2021-02-07;18;3884,575;0,238
2021-02-07;19;4025,763;0,000
2021-02-07;20;4175,200;0,000
2021-02-07;21;4480,963;0,000
2021-02-07;22;4655,638;0,000
2021-02-07;23;4561,900;0,000
2021-02-07;24;4627,513;0,000
