Data;Godzina;Generacja Ÿróde³ wiatrowych;Generacja Ÿróde³ fotowoltaicznych
2021-10-26;1;2905,013;0,000
2021-10-26;2;2709,113;0,025
2021-10-26;3;2631,375;0,013
2021-10-26;4;2614,338;0,038
2021-10-26;5;2623,388;0,013
2021-10-26;6;2694,775;0,088
2021-10-26;7;2806,363;0,000
2021-10-26;8;2791,913;34,325
2021-10-26;9;2581,663;228,788
2021-10-26;10;2092,813;717,700
2021-10-26;11;1514,438;1270,113
2021-10-26;12;1207,563;1533,338
2021-10-26;13;1112,888;1780,638
2021-10-26;14;1095,738;1611,888
2021-10-26;15;1104,113;1196,738
2021-10-26;16;1174,750;744,263
2021-10-26;17;1450,463;422,275
2021-10-26;18;1750,150;104,825
2021-10-26;19;2035,763;0,563
2021-10-26;20;2309,525;0,000
2021-10-26;21;2490,588;0,000
2021-10-26;22;2548,650;0,000
2021-10-26;23;2521,150;0,000
2021-10-26;24;2525,088;0,000
