Data;Godzina;Generacja Ÿróde³ wiatrowych;Generacja Ÿróde³ fotowoltaicznych
2021-02-16;1;1670,575;0,000
2021-02-16;2;1683,850;0,000
2021-02-16;3;1743,325;0,000
2021-02-16;4;1591,150;0,000
2021-02-16;5;1561,238;0,000
2021-02-16;6;1656,088;0,000
2021-02-16;7;1705,388;1,150
2021-02-16;8;1613,625;38,725
2021-02-16;9;1542,838;196,275
2021-02-16;10;1411,925;499,450
2021-02-16;11;1027,038;803,850
2021-02-16;12;831,788;846,925
2021-02-16;13;758,213;684,975
2021-02-16;14;781,663;514,550
2021-02-16;15;698,200;291,500
2021-02-16;16;684,588;80,513
2021-02-16;17;706,875;14,600
2021-02-16;18;785,663;0,313
2021-02-16;19;855,563;0,000
2021-02-16;20;903,213;0,000
2021-02-16;21;795,075;0,000
2021-02-16;22;767,050;0,000
2021-02-16;23;749,575;0,000
2021-02-16;24;702,475;0,000
