Data;Godzina;Generacja Ÿróde³ wiatrowych;Generacja Ÿróde³ fotowoltaicznych
2021-02-23;1;1607,775;0,000
2021-02-23;2;1586,088;0,000
2021-02-23;3;1532,300;0,000
2021-02-23;4;1472,738;0,000
2021-02-23;5;1434,450;0,000
2021-02-23;6;1375,313;0,000
2021-02-23;7;1385,638;5,213
2021-02-23;8;1713,600;182,225
2021-02-23;9;1819,788;257,688
2021-02-23;10;1791,063;396,188
2021-02-23;11;1505,800;725,800
2021-02-23;12;1041,675;920,900
2021-02-23;13;686,063;789,675
2021-02-23;14;589,350;588,150
2021-02-23;15;612,263;424,025
2021-02-23;16;671,775;204,325
2021-02-23;17;870,538;57,000
2021-02-23;18;1283,813;3,213
2021-02-23;19;1824,425;0,000
2021-02-23;20;2210,288;0,000
2021-02-23;21;2605,863;0,000
2021-02-23;22;2840,075;0,000
2021-02-23;23;2872,638;0,000
2021-02-23;24;2522,563;0,000
