Data;Godzina;Generacja Ÿróde³ wiatrowych;Generacja Ÿróde³ fotowoltaicznych
2021-02-20;1;729,913;0,000
2021-02-20;2;633,438;0,000
2021-02-20;3;561,313;0,000
2021-02-20;4;473,163;0,000
2021-02-20;5;477,700;0,000
2021-02-20;6;568,888;0,000
2021-02-20;7;902,588;3,825
2021-02-20;8;1259,975;116,500
2021-02-20;9;1558,188;267,750
2021-02-20;10;1663,638;639,000
2021-02-20;11;1395,763;1130,000
2021-02-20;12;1146,238;1374,388
2021-02-20;13;951,225;1129,438
2021-02-20;14;917,388;833,350
2021-02-20;15;946,825;513,363
2021-02-20;16;1196,038;266,650
2021-02-20;17;1635,588;51,275
2021-02-20;18;2074,138;0,588
2021-02-20;19;2729,138;0,000
2021-02-20;20;3239,075;0,000
2021-02-20;21;3400,313;0,000
2021-02-20;22;3503,375;0,000
2021-02-20;23;3542,713;0,000
2021-02-20;24;3277,613;0,000
