Data;Godzina;Generacja Ÿróde³ wiatrowych;Generacja Ÿróde³ fotowoltaicznych
2021-05-20;1;1394,163;0,000
2021-05-20;2;1497,138;0,000
2021-05-20;3;1544,625;0,000
2021-05-20;4;1592,650;0,000
2021-05-20;5;1533,613;0,900
2021-05-20;6;1589,075;76,550
2021-05-20;7;1240,913;380,763
2021-05-20;8;673,050;944,550
2021-05-20;9;677,463;1535,838
2021-05-20;10;986,325;2138,838
2021-05-20;11;1274,738;2630,063
2021-05-20;12;1476,238;2364,650
2021-05-20;13;1774,000;2435,388
2021-05-20;14;1980,338;2280,600
2021-05-20;15;2144,100;2314,538
2021-05-20;16;2095,600;2205,750
2021-05-20;17;2109,763;2051,538
2021-05-20;18;1834,450;1560,825
2021-05-20;19;1390,750;1036,638
2021-05-20;20;983,388;552,838
2021-05-20;21;797,000;147,113
2021-05-20;22;875,163;1,375
2021-05-20;23;955,850;0,000
2021-05-20;24;1154,950;0,000
