Data;Godzina;Generacja Ÿróde³ wiatrowych;Generacja Ÿróde³ fotowoltaicznych
2021-01-13;1;2400,400;0,000
2021-01-13;2;2573,850;0,000
2021-01-13;3;2590,038;0,000
2021-01-13;4;2587,550;0,000
2021-01-13;5;2597,738;0,000
2021-01-13;6;2846,275;0,000
2021-01-13;7;2978,963;0,063
2021-01-13;8;2878,000;6,625
2021-01-13;9;2665,075;94,463
2021-01-13;10;2708,288;273,625
2021-01-13;11;2630,250;469,663
2021-01-13;12;2441,288;385,038
2021-01-13;13;2451,763;323,338
2021-01-13;14;2321,713;187,825
2021-01-13;15;2060,988;87,338
2021-01-13;16;1948,900;14,538
2021-01-13;17;2082,650;0,713
2021-01-13;18;2082,363;0,000
2021-01-13;19;1990,063;0,000
2021-01-13;20;1697,713;0,000
2021-01-13;21;1472,963;0,000
2021-01-13;22;1379,650;0,000
2021-01-13;23;1377,825;0,000
2021-01-13;24;1179,238;0,000
