Data;Godzina;Generacja Ÿróde³ wiatrowych;Generacja Ÿróde³ fotowoltaicznych
2021-10-31;1;4666,288;0,000
2021-10-31;2;4736,813;0,000
2021-10-31;2A;4627,663;0,000
2021-10-31;3;4404,425;0,000
2021-10-31;4;4273,850;0,000
2021-10-31;5;4038,713;0,000
2021-10-31;6;3912,725;0,013
2021-10-31;7;3836,313;17,638
2021-10-31;8;3631,588;193,575
2021-10-31;9;2797,038;746,475
2021-10-31;10;1792,863;1242,238
2021-10-31;11;1159,075;1613,725
2021-10-31;12;835,113;1863,425
2021-10-31;13;666,463;1895,825
2021-10-31;14;694,188;1658,438
2021-10-31;15;769,888;1107,800
2021-10-31;16;1126,950;511,388
2021-10-31;17;2136,988;74,063
2021-10-31;18;3101,438;0,175
2021-10-31;19;3820,800;0,000
2021-10-31;20;4241,313;0,000
2021-10-31;21;4417,338;0,000
2021-10-31;22;4391,750;0,150
2021-10-31;23;4299,763;0,000
2021-10-31;24;4321,000;0,000
