Data;Godzina;Generacja Ÿróde³ wiatrowych;Generacja Ÿróde³ fotowoltaicznych
2021-01-18;1;469,238;0,000
2021-01-18;2;476,588;0,000
2021-01-18;3;512,588;0,000
2021-01-18;4;492,325;0,000
2021-01-18;5;526,025;0,000
2021-01-18;6;546,838;0,000
2021-01-18;7;527,200;0,363
2021-01-18;8;450,688;10,513
2021-01-18;9;447,313;87,325
2021-01-18;10;427,125;375,088
2021-01-18;11;387,213;711,850
2021-01-18;12;331,100;675,638
2021-01-18;13;295,563;613,025
2021-01-18;14;334,138;415,775
2021-01-18;15;370,875;143,075
2021-01-18;16;590,000;21,800
2021-01-18;17;820,550;1,000
2021-01-18;18;1018,088;0,000
2021-01-18;19;1137,763;0,000
2021-01-18;20;1422,138;0,000
2021-01-18;21;1657,513;0,000
2021-01-18;22;1767,338;0,000
2021-01-18;23;1765,738;0,000
2021-01-18;24;1876,250;0,000
