Data;Godzina;Generacja Ÿróde³ wiatrowych;Generacja Ÿróde³ fotowoltaicznych
2021-08-15;1;994,938;0,000
2021-08-15;2;929,938;0,025
2021-08-15;3;936,000;0,000
2021-08-15;4;983,213;0,000
2021-08-15;5;1059,088;0,000
2021-08-15;6;1147,925;9,388
2021-08-15;7;1235,913;177,538
2021-08-15;8;1113,388;750,113
2021-08-15;9;1001,250;1380,988
2021-08-15;10;1235,588;2040,763
2021-08-15;11;1547,313;2348,138
2021-08-15;12;1754,313;2622,213
2021-08-15;13;1831,288;2756,938
2021-08-15;14;1774,038;2797,300
2021-08-15;15;1581,425;2798,000
2021-08-15;16;1336,313;2452,300
2021-08-15;17;1103,300;1947,600
2021-08-15;18;695,800;1495,600
2021-08-15;19;340,763;942,550
2021-08-15;20;144,888;332,025
2021-08-15;21;86,913;25,300
2021-08-15;22;128,825;0,050
2021-08-15;23;241,813;0,000
2021-08-15;24;589,913;0,000
