Data;Godzina;Generacja Ÿróde³ wiatrowych;Generacja Ÿróde³ fotowoltaicznych
2021-03-03;1;108,975;0,000
2021-03-03;2;92,050;0,000
2021-03-03;3;91,513;0,000
2021-03-03;4;86,350;0,000
2021-03-03;5;81,575;0,000
2021-03-03;6;110,663;0,000
2021-03-03;7;164,488;1,988
2021-03-03;8;190,700;121,813
2021-03-03;9;237,238;465,138
2021-03-03;10;229,800;828,750
2021-03-03;11;211,188;1187,875
2021-03-03;12;193,625;1448,300
2021-03-03;13;214,638;1614,375
2021-03-03;14;231,975;1664,563
2021-03-03;15;253,688;1415,338
2021-03-03;16;356,338;978,163
2021-03-03;17;568,063;441,213
2021-03-03;18;957,488;63,313
2021-03-03;19;1661,975;0,025
2021-03-03;20;2269,000;0,000
2021-03-03;21;2585,163;0,000
2021-03-03;22;3026,175;0,000
2021-03-03;23;3261,350;0,000
2021-03-03;24;3344,075;0,000
