Data;Godzina;Generacja Ÿróde³ wiatrowych;Generacja Ÿróde³ fotowoltaicznych
2021-08-14;1;2236,863;0,000
2021-08-14;2;2315,163;0,038
2021-08-14;3;2089,913;0,050
2021-08-14;4;2005,450;0,025
2021-08-14;5;1839,050;0,013
2021-08-14;6;1539,913;11,175
2021-08-14;7;1319,413;158,763
2021-08-14;8;979,838;627,525
2021-08-14;9;703,213;1269,975
2021-08-14;10;758,438;1969,913
2021-08-14;11;897,825;2449,838
2021-08-14;12;1124,563;2777,038
2021-08-14;13;1181,375;2942,313
2021-08-14;14;1171,350;3042,775
2021-08-14;15;1038,863;2682,175
2021-08-14;16;881,788;2468,550
2021-08-14;17;774,925;2163,638
2021-08-14;18;736,975;1575,950
2021-08-14;19;583,650;964,450
2021-08-14;20;408,513;330,125
2021-08-14;21;430,413;26,238
2021-08-14;22;607,075;0,050
2021-08-14;23;802,913;0,063
2021-08-14;24;938,375;0,000
