Data;Godzina;Generacja Ÿróde³ wiatrowych;Generacja Ÿróde³ fotowoltaicznych
2021-12-06;1;1390,913;0,500
2021-12-06;2;1378,238;0,500
2021-12-06;3;1516,925;0,500
2021-12-06;4;1446,450;0,500
2021-12-06;5;1264,400;0,500
2021-12-06;6;1178,375;0,500
2021-12-06;7;1110,338;0,500
2021-12-06;8;1085,025;3,838
2021-12-06;9;1043,575;42,163
2021-12-06;10;937,613;124,913
2021-12-06;11;782,050;211,900
2021-12-06;12;705,175;251,213
2021-12-06;13;665,025;277,175
2021-12-06;14;619,288;207,788
2021-12-06;15;550,125;129,863
2021-12-06;16;473,513;36,275
2021-12-06;17;442,913;0,850
2021-12-06;18;379,950;0,500
2021-12-06;19;368,050;0,500
2021-12-06;20;389,150;0,500
2021-12-06;21;336,138;0,500
2021-12-06;22;265,200;0,500
2021-12-06;23;201,813;0,500
2021-12-06;24;175,588;0,500
