Data;Godzina;Generacja Ÿróde³ wiatrowych;Generacja Ÿróde³ fotowoltaicznych
2021-06-21;1;2209,713;0,000
2021-06-21;2;2312,763;0,000
2021-06-21;3;2243,363;0,000
2021-06-21;4;2204,563;0,000
2021-06-21;5;1819,863;10,675
2021-06-21;6;1488,663;151,363
2021-06-21;7;1106,063;562,963
2021-06-21;8;696,625;1128,250
2021-06-21;9;655,100;1697,213
2021-06-21;10;912,675;2216,963
2021-06-21;11;1275,813;2671,338
2021-06-21;12;1681,938;2839,700
2021-06-21;13;1915,888;3060,175
2021-06-21;14;1969,250;2924,350
2021-06-21;15;1769,413;2495,750
2021-06-21;16;1603,150;2021,713
2021-06-21;17;1551,200;1701,700
2021-06-21;18;1265,650;1407,013
2021-06-21;19;1045,975;824,550
2021-06-21;20;1185,913;457,300
2021-06-21;21;1250,213;197,663
2021-06-21;22;1360,150;19,725
2021-06-21;23;1406,813;0,025
2021-06-21;24;1415,525;0,000
