Data;Godzina;Generacja Ÿróde³ wiatrowych;Generacja Ÿróde³ fotowoltaicznych
2021-12-24;1;2114,213;0,000
2021-12-24;2;2003,350;0,000
2021-12-24;3;1949,350;0,000
2021-12-24;4;1803,963;0,000
2021-12-24;5;1779,950;0,000
2021-12-24;6;1744,925;0,000
2021-12-24;7;1619,100;0,000
2021-12-24;8;1497,350;0,325
2021-12-24;9;1654,925;27,175
2021-12-24;10;1761,138;119,388
2021-12-24;11;1866,075;255,150
2021-12-24;12;2025,063;335,913
2021-12-24;13;2338,113;372,575
2021-12-24;14;2660,013;296,913
2021-12-24;15;3111,725;160,463
2021-12-24;16;3699,775;53,013
2021-12-24;17;4327,325;0,613
2021-12-24;18;4278,463;0,000
2021-12-24;19;4492,363;0,000
2021-12-24;20;4529,075;0,000
2021-12-24;21;4285,525;0,000
2021-12-24;22;4148,475;0,000
2021-12-24;23;3941,813;0,000
2021-12-24;24;3605,450;0,000
