Data;Godzina;Generacja Ÿróde³ wiatrowych;Generacja Ÿróde³ fotowoltaicznych
2021-10-18;1;1671,188;0,000
2021-10-18;2;1488,963;0,000
2021-10-18;3;1398,825;0,000
2021-10-18;4;1325,888;0,000
2021-10-18;5;1199,575;0,000
2021-10-18;6;1062,813;0,000
2021-10-18;7;972,788;0,000
2021-10-18;8;869,400;28,613
2021-10-18;9;659,188;186,350
2021-10-18;10;466,950;493,275
2021-10-18;11;338,825;762,463
2021-10-18;12;354,525;941,488
2021-10-18;13;412,738;1103,738
2021-10-18;14;492,938;872,013
2021-10-18;15;594,875;843,738
2021-10-18;16;601,125;579,338
2021-10-18;17;528,163;327,250
2021-10-18;18;566,013;94,500
2021-10-18;19;644,425;1,988
2021-10-18;20;733,675;0,000
2021-10-18;21;853,700;0,000
2021-10-18;22;906,025;0,000
2021-10-18;23;873,313;0,000
2021-10-18;24;899,238;0,000
