Data;Godzina;Generacja Ÿróde³ wiatrowych;Generacja Ÿróde³ fotowoltaicznych
2021-07-10;1;1855,300;0,000
2021-07-10;2;1824,438;0,000
2021-07-10;3;1799,075;0,000
2021-07-10;4;1827,800;0,000
2021-07-10;5;1901,563;4,013
2021-07-10;6;1907,675;67,300
2021-07-10;7;1870,550;278,863
2021-07-10;8;1831,475;637,500
2021-07-10;9;1929,775;1114,900
2021-07-10;10;2009,625;1448,650
2021-07-10;11;1979,675;1979,638
2021-07-10;12;1959,863;2268,425
2021-07-10;13;1904,075;2314,488
2021-07-10;14;1793,138;2270,513
2021-07-10;15;1583,638;2364,275
2021-07-10;16;1347,213;2181,225
2021-07-10;17;1019,450;2021,713
2021-07-10;18;815,600;1620,113
2021-07-10;19;599,463;1255,788
2021-07-10;20;386,413;646,438
2021-07-10;21;266,563;212,488
2021-07-10;22;254,188;11,338
2021-07-10;23;292,850;0,013
2021-07-10;24;341,288;0,000
