Data;Godzina;Generacja Ÿróde³ wiatrowych;Generacja Ÿróde³ fotowoltaicznych
2021-06-13;1;4320,213;0,000
2021-06-13;2;4456,775;0,000
2021-06-13;3;4413,850;0,000
2021-06-13;4;4363,775;0,000
2021-06-13;5;4279,600;5,613
2021-06-13;6;4226,450;125,038
2021-06-13;7;4237,400;384,950
2021-06-13;8;4393,563;785,400
2021-06-13;9;4499,125;1131,288
2021-06-13;10;4506,225;1306,475
2021-06-13;11;4465,200;1513,988
2021-06-13;12;4443,238;1885,213
2021-06-13;13;4417,763;1825,725
2021-06-13;14;4446,325;1948,450
2021-06-13;15;4575,263;1944,563
2021-06-13;16;4556,125;1783,088
2021-06-13;17;4521,213;1698,163
2021-06-13;18;4295,388;1265,125
2021-06-13;19;3916,650;995,550
2021-06-13;20;3275,738;615,738
2021-06-13;21;2537,125;235,788
2021-06-13;22;2258,713;18,988
2021-06-13;23;2481,588;0,013
2021-06-13;24;2498,738;0,000
