Data;Godzina;Generacja Ÿróde³ wiatrowych;Generacja Ÿróde³ fotowoltaicznych
2021-05-22;1;2140,013;0,000
2021-05-22;2;1907,563;0,000
2021-05-22;3;1891,588;0,000
2021-05-22;4;2026,613;0,000
2021-05-22;5;1935,550;1,463
2021-05-22;6;1737,500;55,975
2021-05-22;7;1445,000;304,475
2021-05-22;8;1052,738;711,350
2021-05-22;9;863,025;868,850
2021-05-22;10;914,713;1110,638
2021-05-22;11;944,550;1280,563
2021-05-22;12;1279,913;1302,888
2021-05-22;13;1774,650;1183,913
2021-05-22;14;1975,913;1397,763
2021-05-22;15;1871,013;1591,000
2021-05-22;16;1926,463;1510,413
2021-05-22;17;1848,375;1185,363
2021-05-22;18;1696,950;964,400
2021-05-22;19;1379,625;698,625
2021-05-22;20;1364,225;316,125
2021-05-22;21;1578,425;102,163
2021-05-22;22;1844,388;1,963
2021-05-22;23;1979,138;0,000
2021-05-22;24;2396,600;0,000
