Data;Godzina;Generacja Ÿróde³ wiatrowych;Generacja Ÿróde³ fotowoltaicznych
2021-01-23;1;2027,138;0,000
2021-01-23;2;1600,000;0,000
2021-01-23;3;1361,488;0,000
2021-01-23;4;1088,975;0,000
2021-01-23;5;1061,750;0,000
2021-01-23;6;1178,413;0,000
2021-01-23;7;1422,338;0,413
2021-01-23;8;1741,400;20,388
2021-01-23;9;1951,413;81,688
2021-01-23;10;2204,163;245,275
2021-01-23;11;2503,813;498,450
2021-01-23;12;2805,688;436,788
2021-01-23;13;3074,288;359,963
2021-01-23;14;3132,263;253,013
2021-01-23;15;3293,588;129,138
2021-01-23;16;3451,988;20,625
2021-01-23;17;3558,175;1,063
2021-01-23;18;3430,075;0,000
2021-01-23;19;3377,263;0,000
2021-01-23;20;3141,350;0,000
2021-01-23;21;3091,338;0,000
2021-01-23;22;2813,175;0,000
2021-01-23;23;2217,388;0,000
2021-01-23;24;1564,563;0,000
