Data;Godzina;Generacja Ÿróde³ wiatrowych;Generacja Ÿróde³ fotowoltaicznych
2021-03-04;1;3274,550;0,000
2021-03-04;2;3293,825;0,000
2021-03-04;3;3361,825;0,000
2021-03-04;4;3356,138;0,000
2021-03-04;5;3428,800;0,000
2021-03-04;6;3193,688;0,000
2021-03-04;7;2992,688;4,238
2021-03-04;8;2930,563;103,900
2021-03-04;9;2371,225;289,838
2021-03-04;10;1928,063;476,938
2021-03-04;11;1730,588;628,913
2021-03-04;12;1642,763;708,438
2021-03-04;13;1462,413;781,888
2021-03-04;14;1402,838;698,150
2021-03-04;15;1344,388;460,288
2021-03-04;16;1313,975;256,113
2021-03-04;17;1198,100;105,625
2021-03-04;18;953,463;16,000
2021-03-04;19;836,738;0,075
2021-03-04;20;722,463;0,000
2021-03-04;21;748,188;0,000
2021-03-04;22;740,100;0,000
2021-03-04;23;679,075;0,000
2021-03-04;24;662,538;0,000
