Data;Godzina;Generacja Ÿróde³ wiatrowych;Generacja Ÿróde³ fotowoltaicznych
2021-01-28;1;1384,900;0,000
2021-01-28;2;1426,413;0,000
2021-01-28;3;1584,313;0,000
2021-01-28;4;1733,625;0,000
2021-01-28;5;2027,888;0,000
2021-01-28;6;2246,075;0,000
2021-01-28;7;2604,488;0,788
2021-01-28;8;2848,338;65,875
2021-01-28;9;3077,113;233,663
2021-01-28;10;3051,988;455,338
2021-01-28;11;2943,550;737,738
2021-01-28;12;2865,763;667,300
2021-01-28;13;2656,888;501,000
2021-01-28;14;2338,513;349,375
2021-01-28;15;2216,725;174,588
2021-01-28;16;2115,975;27,163
2021-01-28;17;2035,063;1,175
2021-01-28;18;2368,963;0,000
2021-01-28;19;2471,075;0,000
2021-01-28;20;2586,838;0,000
2021-01-28;21;2596,763;0,000
2021-01-28;22;2641,413;0,000
2021-01-28;23;2719,275;0,000
2021-01-28;24;2815,413;0,000
