Data;Godzina;Generacja Ÿróde³ wiatrowych;Generacja Ÿróde³ fotowoltaicznych
2021-11-01;1;4383,250;0,000
2021-11-01;2;4374,250;0,000
2021-11-01;3;4444,938;0,000
2021-11-01;4;4347,125;0,000
2021-11-01;5;4305,150;0,000
2021-11-01;6;4224,763;0,000
2021-11-01;7;4282,225;17,500
2021-11-01;8;4138,825;184,288
2021-11-01;9;3439,200;755,988
2021-11-01;10;2585,063;1358,538
2021-11-01;11;2108,125;1770,613
2021-11-01;12;1798,888;1944,225
2021-11-01;13;1618,600;1814,025
2021-11-01;14;1282,675;1475,325
2021-11-01;15;1073,588;996,313
2021-11-01;16;1134,450;415,025
2021-11-01;17;1431,925;39,750
2021-11-01;18;1737,050;0,038
2021-11-01;19;1981,550;0,025
2021-11-01;20;2038,413;0,038
2021-11-01;21;1971,225;0,100
2021-11-01;22;1849,063;0,038
2021-11-01;23;1591,650;0,088
2021-11-01;24;1333,000;0,038
