Data;Godzina;Generacja Ÿróde³ wiatrowych;Generacja Ÿróde³ fotowoltaicznych
2021-04-11;1;956,238;0,000
2021-04-11;2;1179,900;0,000
2021-04-11;3;1386,575;0,000
2021-04-11;4;1609,113;0,000
2021-04-11;5;1614,038;0,000
2021-04-11;6;1862,100;0,288
2021-04-11;7;2204,963;55,513
2021-04-11;8;2380,063;395,525
2021-04-11;9;2012,400;931,400
2021-04-11;10;1683,275;1536,050
2021-04-11;11;1936,413;1983,863
2021-04-11;12;2185,688;2411,188
2021-04-11;13;2618,125;2598,313
2021-04-11;14;3198,675;2446,088
2021-04-11;15;3698,288;2101,363
2021-04-11;16;4027,375;1738,575
2021-04-11;17;3892,050;1221,963
2021-04-11;18;3623,875;778,338
2021-04-11;19;2752,050;366,663
2021-04-11;20;2706,763;81,325
2021-04-11;21;3129,263;1,150
2021-04-11;22;3244,538;0,000
2021-04-11;23;3463,400;0,000
2021-04-11;24;3540,675;0,000
