Data;Godzina;Generacja Ÿróde³ wiatrowych;Generacja Ÿróde³ fotowoltaicznych
2021-05-28;1;881,700;0,000
2021-05-28;2;940,575;0,000
2021-05-28;3;819,500;0,000
2021-05-28;4;761,450;0,000
2021-05-28;5;676,388;2,113
2021-05-28;6;584,363;59,350
2021-05-28;7;458,125;306,713
2021-05-28;8;339,025;620,225
2021-05-28;9;323,275;983,500
2021-05-28;10;378,713;1352,725
2021-05-28;11;441,725;1660,713
2021-05-28;12;478,375;1972,400
2021-05-28;13;566,163;1777,675
2021-05-28;14;906,200;1737,075
2021-05-28;15;1085,125;2104,575
2021-05-28;16;999,288;1748,475
2021-05-28;17;954,525;1586,575
2021-05-28;18;904,100;936,713
2021-05-28;19;657,238;540,488
2021-05-28;20;394,163;276,788
2021-05-28;21;346,200;93,613
2021-05-28;22;479,675;4,288
2021-05-28;23;534,200;0,000
2021-05-28;24;677,163;0,000
