Data;Godzina;Generacja Ÿróde³ wiatrowych;Generacja Ÿróde³ fotowoltaicznych
2021-09-01;1;2989,250;0,450
2021-09-01;2;2818,988;0,038
2021-09-01;3;2827,638;0,000
2021-09-01;4;2836,275;0,000
2021-09-01;5;2863,763;0,000
2021-09-01;6;2816,163;0,163
2021-09-01;7;2593,050;42,213
2021-09-01;8;2262,675;245,025
2021-09-01;9;1964,188;549,613
2021-09-01;10;1919,725;942,763
2021-09-01;11;2005,063;1375,413
2021-09-01;12;2111,363;1558,663
2021-09-01;13;2230,938;1880,000
2021-09-01;14;2429,650;1915,588
2021-09-01;15;2578,788;1921,375
2021-09-01;16;2547,413;1710,750
2021-09-01;17;2586,813;1243,725
2021-09-01;18;2313,038;956,888
2021-09-01;19;1958,888;500,400
2021-09-01;20;1882,250;102,675
2021-09-01;21;2035,563;1,025
2021-09-01;22;2022,963;0,000
2021-09-01;23;1795,488;0,000
2021-09-01;24;1715,488;0,000
