Data;Godzina;Generacja Ÿróde³ wiatrowych;Generacja Ÿróde³ fotowoltaicznych
2021-09-23;1;1444,500;0,050
2021-09-23;2;1628,800;0,025
2021-09-23;3;1719,950;0,063
2021-09-23;4;1818,075;0,050
2021-09-23;5;1942,825;0,038
2021-09-23;6;2081,475;0,000
2021-09-23;7;2263,488;17,275
2021-09-23;8;2407,250;159,175
2021-09-23;9;2338,800;542,513
2021-09-23;10;2237,200;1092,413
2021-09-23;11;2500,463;1274,100
2021-09-23;12;3016,313;1353,313
2021-09-23;13;3496,938;1578,788
2021-09-23;14;3968,963;1397,000
2021-09-23;15;4238,738;1188,325
2021-09-23;16;4399,400;1061,738
2021-09-23;17;4748,188;644,163
2021-09-23;18;5073,975;276,375
2021-09-23;19;5510,250;65,563
2021-09-23;20;5862,625;1,675
2021-09-23;21;5946,675;0,100
2021-09-23;22;5884,238;0,075
2021-09-23;23;5817,975;0,075
2021-09-23;24;5773,550;0,038
