Data;Godzina;Generacja Ÿróde³ wiatrowych;Generacja Ÿróde³ fotowoltaicznych
2021-01-08;1;821,350;0,000
2021-01-08;2;794,250;0,000
2021-01-08;3;811,263;0,000
2021-01-08;4;848,238;0,000
2021-01-08;5;839,825;0,000
2021-01-08;6;792,550;0,000
2021-01-08;7;777,550;0,063
2021-01-08;8;741,763;4,638
2021-01-08;9;708,725;51,413
2021-01-08;10;620,238;196,500
2021-01-08;11;495,388;472,875
2021-01-08;12;372,300;429,688
2021-01-08;13;272,275;393,513
2021-01-08;14;225,775;256,725
2021-01-08;15;197,975;117,163
2021-01-08;16;227,988;19,013
2021-01-08;17;262,625;0,988
2021-01-08;18;307,075;0,000
2021-01-08;19;318,638;0,000
2021-01-08;20;330,513;0,000
2021-01-08;21;337,713;0,000
2021-01-08;22;371,013;0,000
2021-01-08;23;399,838;0,000
2021-01-08;24;419,175;0,000
