Data;Godzina;Generacja Ÿróde³ wiatrowych;Generacja Ÿróde³ fotowoltaicznych
2021-10-27;1;2593,913;0,000
2021-10-27;2;2604,188;0,000
2021-10-27;3;2558,625;0,000
2021-10-27;4;2423,688;0,000
2021-10-27;5;2292,900;0,013
2021-10-27;6;2235,688;0,038
2021-10-27;7;2350,513;0,000
2021-10-27;8;2483,775;24,888
2021-10-27;9;2595,913;183,400
2021-10-27;10;2558,238;596,475
2021-10-27;11;2411,750;1038,625
2021-10-27;12;2518,275;1382,525
2021-10-27;13;2739,925;1530,363
2021-10-27;14;2851,388;1537,025
2021-10-27;15;3014,950;1296,888
2021-10-27;16;2944,850;875,588
2021-10-27;17;2988,463;388,638
2021-10-27;18;3173,425;74,375
2021-10-27;19;3325,738;0,575
2021-10-27;20;3410,500;0,100
2021-10-27;21;3435,150;0,038
2021-10-27;22;3295,138;0,000
2021-10-27;23;3035,375;0,038
2021-10-27;24;2817,463;0,013
