Data;Godzina;Generacja Ÿróde³ wiatrowych;Generacja Ÿróde³ fotowoltaicznych
2021-07-19;1;1731,013;0,000
2021-07-19;2;1484,425;0,000
2021-07-19;3;1289,600;0,000
2021-07-19;4;1139,400;0,000
2021-07-19;5;999,138;0,825
2021-07-19;6;962,725;59,338
2021-07-19;7;827,950;306,913
2021-07-19;8;635,600;773,025
2021-07-19;9;790,350;1381,013
2021-07-19;10;890,638;1626,475
2021-07-19;11;855,688;2188,525
2021-07-19;12;885,738;2406,000
2021-07-19;13;901,113;2478,688
2021-07-19;14;923,988;2429,875
2021-07-19;15;953,925;2405,000
2021-07-19;16;1020,963;2094,613
2021-07-19;17;931,850;1690,863
2021-07-19;18;868,638;1217,638
2021-07-19;19;725,775;902,100
2021-07-19;20;567,388;464,975
2021-07-19;21;475,038;145,963
2021-07-19;22;585,588;5,475
2021-07-19;23;741,975;0,000
2021-07-19;24;829,625;0,000
