Data;Godzina;Generacja Ÿróde³ wiatrowych;Generacja Ÿróde³ fotowoltaicznych
2021-02-10;1;135,338;0,000
2021-02-10;2;136,675;0,000
2021-02-10;3;126,800;0,000
2021-02-10;4;133,950;0,000
2021-02-10;5;125,138;0,000
2021-02-10;6;117,350;0,000
2021-02-10;7;88,750;0,738
2021-02-10;8;81,300;26,888
2021-02-10;9;74,375;90,750
2021-02-10;10;71,950;277,250
2021-02-10;11;74,825;584,538
2021-02-10;12;75,213;659,025
2021-02-10;13;45,613;552,588
2021-02-10;14;58,188;461,838
2021-02-10;15;79,013;267,600
2021-02-10;16;94,963;77,100
2021-02-10;17;138,525;16,463
2021-02-10;18;208,813;0,500
2021-02-10;19;325,500;0,000
2021-02-10;20;409,763;0,000
2021-02-10;21;439,788;0,000
2021-02-10;22;470,138;0,000
2021-02-10;23;528,963;0,000
2021-02-10;24;639,075;0,000
