Data;Godzina;Generacja Ÿróde³ wiatrowych;Generacja Ÿróde³ fotowoltaicznych
2021-08-28;1;78,275;0,000
2021-08-28;2;83,688;0,000
2021-08-28;3;99,838;0,000
2021-08-28;4;112,513;0,000
2021-08-28;5;115,875;0,063
2021-08-28;6;120,788;0,675
2021-08-28;7;142,450;54,263
2021-08-28;8;135,813;387,050
2021-08-28;9;95,525;946,525
2021-08-28;10;66,038;1490,988
2021-08-28;11;61,900;1938,175
2021-08-28;12;67,188;1941,050
2021-08-28;13;71,438;1771,075
2021-08-28;14;78,463;1649,738
2021-08-28;15;86,950;1726,588
2021-08-28;16;86,475;1599,613
2021-08-28;17;99,238;1192,588
2021-08-28;18;95,713;919,488
2021-08-28;19;102,963;482,963
2021-08-28;20;131,425;110,350
2021-08-28;21;189,463;1,238
2021-08-28;22;248,975;0,000
2021-08-28;23;269,825;0,000
2021-08-28;24;246,163;0,000
