Data;Godzina;Generacja Ÿróde³ wiatrowych;Generacja Ÿróde³ fotowoltaicznych
2021-06-01;1;392,613;0,000
2021-06-01;2;442,113;0,000
2021-06-01;3;460,213;0,000
2021-06-01;4;516,450;0,000
2021-06-01;5;767,425;4,100
2021-06-01;6;786,188;102,713
2021-06-01;7;711,413;411,088
2021-06-01;8;508,388;848,900
2021-06-01;9;183,013;1353,975
2021-06-01;10;90,775;1819,125
2021-06-01;11;141,238;2173,425
2021-06-01;12;322,213;2227,850
2021-06-01;13;537,338;2276,700
2021-06-01;14;724,500;2052,738
2021-06-01;15;824,875;2118,913
2021-06-01;16;889,275;1830,075
2021-06-01;17;765,863;1546,738
2021-06-01;18;794,988;1310,538
2021-06-01;19;768,888;844,213
2021-06-01;20;637,688;416,538
2021-06-01;21;720,438;107,263
2021-06-01;22;808,875;3,263
2021-06-01;23;897,638;0,000
2021-06-01;24;1028,438;0,000
