Data;Godzina;Generacja Ÿróde³ wiatrowych;Generacja Ÿróde³ fotowoltaicznych
2021-12-31;1;4537,088;0,000
2021-12-31;2;4476,813;0,000
2021-12-31;3;4530,000;0,000
2021-12-31;4;4707,925;0,000
2021-12-31;5;4728,038;0,000
2021-12-31;6;4703,038;0,000
2021-12-31;7;4761,013;0,000
2021-12-31;8;4812,263;0,088
2021-12-31;9;4810,888;23,950
2021-12-31;10;5013,600;96,050
2021-12-31;11;5266,800;247,225
2021-12-31;12;5507,613;320,600
2021-12-31;13;5686,913;301,863
2021-12-31;14;5802,488;249,500
2021-12-31;15;5820,100;181,125
2021-12-31;16;5820,125;59,313
2021-12-31;17;5832,863;2,338
2021-12-31;18;5852,688;0,000
2021-12-31;19;5804,600;0,000
2021-12-31;20;5710,863;0,000
2021-12-31;21;5387,263;0,000
2021-12-31;22;5011,700;0,000
2021-12-31;23;4586,000;0,000
2021-12-31;24;4430,288;0,000
