Data;Godzina;Generacja Ÿróde³ wiatrowych;Generacja Ÿróde³ fotowoltaicznych
2021-10-02;1;3025,338;0,000
2021-10-02;2;2804,600;0,000
2021-10-02;3;2652,413;0,000
2021-10-02;4;2592,850;0,000
2021-10-02;5;2471,363;0,000
2021-10-02;6;2409,700;0,000
2021-10-02;7;2375,275;3,425
2021-10-02;8;2251,025;120,213
2021-10-02;9;1882,138;478,025
2021-10-02;10;1507,663;985,800
2021-10-02;11;1390,063;1590,000
2021-10-02;12;1447,725;1932,413
2021-10-02;13;1583,125;2244,363
2021-10-02;14;1577,325;2294,238
2021-10-02;15;1546,688;2081,338
2021-10-02;16;1401,963;1611,650
2021-10-02;17;1243,350;1118,813
2021-10-02;18;1205,850;482,863
2021-10-02;19;1782,750;61,350
2021-10-02;20;2721,775;0,313
2021-10-02;21;3346,913;0,000
2021-10-02;22;3469,300;0,000
2021-10-02;23;3457,275;0,000
2021-10-02;24;3442,913;0,000
