Data;Godzina;Generacja Ÿróde³ wiatrowych;Generacja Ÿróde³ fotowoltaicznych
2021-05-05;1;4260,763;0,000
2021-05-05;2;4128,400;0,000
2021-05-05;3;4043,113;0,000
2021-05-05;4;4019,763;0,000
2021-05-05;5;4065,588;0,000
2021-05-05;6;3938,350;26,925
2021-05-05;7;3609,213;194,463
2021-05-05;8;3549,263;595,625
2021-05-05;9;3832,025;1113,063
2021-05-05;10;4162,650;1638,563
2021-05-05;11;4376,463;1999,463
2021-05-05;12;4608,850;2053,188
2021-05-05;13;4748,438;1951,988
2021-05-05;14;4546,363;1638,250
2021-05-05;15;4523,200;1373,863
2021-05-05;16;4427,013;1311,088
2021-05-05;17;4170,113;1062,613
2021-05-05;18;3888,175;762,613
2021-05-05;19;3429,300;570,125
2021-05-05;20;3485,513;192,375
2021-05-05;21;3679,975;31,350
2021-05-05;22;4250,813;0,075
2021-05-05;23;4635,100;0,000
2021-05-05;24;4874,688;0,000
