Data;Godzina;Generacja Ÿróde³ wiatrowych;Generacja Ÿróde³ fotowoltaicznych
2021-08-19;1;3446,500;0,075
2021-08-19;2;3332,888;0,100
2021-08-19;3;3407,988;0,088
2021-08-19;4;3563,125;0,013
2021-08-19;5;3624,850;0,075
2021-08-19;6;3546,838;5,775
2021-08-19;7;3530,250;120,588
2021-08-19;8;3263,775;457,588
2021-08-19;9;3168,963;903,550
2021-08-19;10;3171,663;1325,250
2021-08-19;11;3149,713;1854,450
2021-08-19;12;3320,450;1916,913
2021-08-19;13;3159,300;1895,450
2021-08-19;14;3098,413;1789,975
2021-08-19;15;3095,563;1604,900
2021-08-19;16;2929,013;1248,075
2021-08-19;17;2430,913;1190,575
2021-08-19;18;1869,413;1059,738
2021-08-19;19;1356,725;460,525
2021-08-19;20;1108,275;161,813
2021-08-19;21;1195,438;7,525
2021-08-19;22;1286,950;0,000
2021-08-19;23;1373,450;0,000
2021-08-19;24;1525,263;0,000
