Data;Godzina;Generacja Ÿróde³ wiatrowych;Generacja Ÿróde³ fotowoltaicznych
2021-04-14;1;1277,963;0,000
2021-04-14;2;1214,063;0,000
2021-04-14;3;1191,350;0,000
2021-04-14;4;1166,375;0,000
2021-04-14;5;1132,925;0,000
2021-04-14;6;1094,000;0,100
2021-04-14;7;984,588;21,938
2021-04-14;8;874,350;137,725
2021-04-14;9;810,825;390,263
2021-04-14;10;838,025;671,250
2021-04-14;11;1001,813;901,013
2021-04-14;12;1408,850;944,238
2021-04-14;13;1801,125;1170,250
2021-04-14;14;2019,225;929,238
2021-04-14;15;2262,000;1021,050
2021-04-14;16;2472,825;847,688
2021-04-14;17;2567,563;558,638
2021-04-14;18;2544,513;352,138
2021-04-14;19;2359,575;221,175
2021-04-14;20;2271,925;64,200
2021-04-14;21;2241,975;2,100
2021-04-14;22;2193,963;0,000
2021-04-14;23;2204,800;0,000
2021-04-14;24;2352,575;0,000
