Data;Godzina;Generacja Ÿróde³ wiatrowych;Generacja Ÿróde³ fotowoltaicznych
2021-08-26;1;3020,888;0,038
2021-08-26;2;2704,150;0,025
2021-08-26;3;2403,325;0,000
2021-08-26;4;2161,075;0,063
2021-08-26;5;1930,975;0,038
2021-08-26;6;1683,413;1,150
2021-08-26;7;1576,475;62,600
2021-08-26;8;1371,888;266,713
2021-08-26;9;1080,550;548,375
2021-08-26;10;1019,400;966,200
2021-08-26;11;1035,100;1274,500
2021-08-26;12;1015,863;1522,188
2021-08-26;13;1011,138;1756,213
2021-08-26;14;976,275;1491,125
2021-08-26;15;789,450;1216,788
2021-08-26;16;692,525;1326,588
2021-08-26;17;530,575;1001,125
2021-08-26;18;374,250;821,688
2021-08-26;19;276,250;495,875
2021-08-26;20;273,075;103,263
2021-08-26;21;317,438;1,613
2021-08-26;22;391,388;0,000
2021-08-26;23;460,113;0,000
2021-08-26;24;438,950;0,000
