Data;Godzina;Generacja Ÿróde³ wiatrowych;Generacja Ÿróde³ fotowoltaicznych
2021-09-22;1;673,488;0,000
2021-09-22;2;667,650;0,000
2021-09-22;3;671,088;0,000
2021-09-22;4;644,963;0,000
2021-09-22;5;576,788;0,025
2021-09-22;6;537,925;0,000
2021-09-22;7;464,625;15,113
2021-09-22;8;442,688;85,788
2021-09-22;9;312,963;309,788
2021-09-22;10;255,663;652,425
2021-09-22;11;298,688;1151,913
2021-09-22;12;336,300;1297,413
2021-09-22;13;390,663;1295,313
2021-09-22;14;462,113;1571,013
2021-09-22;15;579,200;1171,838
2021-09-22;16;583,850;910,525
2021-09-22;17;573,075;604,925
2021-09-22;18;442,600;397,613
2021-09-22;19;421,675;126,413
2021-09-22;20;511,875;5,450
2021-09-22;21;732,350;0,000
2021-09-22;22;906,038;0,013
2021-09-22;23;1100,800;0,013
2021-09-22;24;1272,400;0,000
