Data;Godzina;Generacja Ÿróde³ wiatrowych;Generacja Ÿróde³ fotowoltaicznych
2021-02-17;1;685,350;0,000
2021-02-17;2;746,638;0,000
2021-02-17;3;853,625;0,000
2021-02-17;4;1006,475;0,000
2021-02-17;5;1108,200;0,000
2021-02-17;6;1168,850;0,000
2021-02-17;7;1270,238;1,063
2021-02-17;8;1437,425;30,425
2021-02-17;9;1577,163;95,938
2021-02-17;10;1559,550;263,713
2021-02-17;11;1522,138;471,613
2021-02-17;12;1447,763;535,900
2021-02-17;13;1490,188;455,725
2021-02-17;14;1514,600;349,300
2021-02-17;15;1554,013;198,463
2021-02-17;16;1565,850;64,200
2021-02-17;17;1667,800;14,375
2021-02-17;18;1666,838;0,388
2021-02-17;19;1702,338;0,000
2021-02-17;20;1665,213;0,000
2021-02-17;21;1641,750;0,000
2021-02-17;22;1591,688;0,000
2021-02-17;23;1398,325;0,000
2021-02-17;24;1210,238;0,000
