Data;Godzina;Generacja Ÿróde³ wiatrowych;Generacja Ÿróde³ fotowoltaicznych
2021-02-26;1;3375,975;0,000
2021-02-26;2;3026,075;0,000
2021-02-26;3;2770,413;0,000
2021-02-26;4;2606,400;0,000
2021-02-26;5;2703,225;0,000
2021-02-26;6;2576,575;0,000
2021-02-26;7;2500,013;0,588
2021-02-26;8;2538,413;75,925
2021-02-26;9;2344,363;372,325
2021-02-26;10;2233,363;734,925
2021-02-26;11;2201,388;925,063
2021-02-26;12;2381,925;1115,638
2021-02-26;13;2525,000;1090,075
2021-02-26;14;2814,038;930,463
2021-02-26;15;3024,925;696,888
2021-02-26;16;3280,163;422,463
2021-02-26;17;3649,675;189,613
2021-02-26;18;3845,950;41,613
2021-02-26;19;3837,150;0,050
2021-02-26;20;3874,900;0,000
2021-02-26;21;3912,625;0,000
2021-02-26;22;3989,788;0,000
2021-02-26;23;4058,225;0,000
2021-02-26;24;3818,213;0,000
