Data;Godzina;Generacja Ÿróde³ wiatrowych;Generacja Ÿróde³ fotowoltaicznych
2021-05-23;1;2640,475;0,000
2021-05-23;2;2844,500;0,000
2021-05-23;3;2807,213;0,000
2021-05-23;4;2712,313;0,000
2021-05-23;5;2621,225;1,750
2021-05-23;6;2528,688;89,788
2021-05-23;7;2137,100;412,288
2021-05-23;8;1696,638;1033,325
2021-05-23;9;1650,388;1530,975
2021-05-23;10;1905,225;1906,363
2021-05-23;11;2068,025;2285,700
2021-05-23;12;2077,300;2126,300
2021-05-23;13;2043,125;2169,363
2021-05-23;14;2076,325;1929,300
2021-05-23;15;2016,600;1914,638
2021-05-23;16;1835,600;1603,075
2021-05-23;17;1731,125;1300,400
2021-05-23;18;1670,375;929,475
2021-05-23;19;1175,075;772,513
2021-05-23;20;779,013;408,325
2021-05-23;21;643,938;125,850
2021-05-23;22;711,413;3,100
2021-05-23;23;729,888;0,000
2021-05-23;24;809,750;0,000
