Data;Godzina;Generacja Ÿróde³ wiatrowych;Generacja Ÿróde³ fotowoltaicznych
2021-08-10;1;509,750;0,000
2021-08-10;2;545,363;0,000
2021-08-10;3;611,038;0,000
2021-08-10;4;631,088;0,050
2021-08-10;5;813,738;0,000
2021-08-10;6;860,988;21,750
2021-08-10;7;829,088;169,538
2021-08-10;8;590,113;676,038
2021-08-10;9;222,600;1274,575
2021-08-10;10;142,088;1874,000
2021-08-10;11;215,550;2410,588
2021-08-10;12;340,763;2565,463
2021-08-10;13;440,813;2475,213
2021-08-10;14;625,863;2324,738
2021-08-10;15;716,900;2031,363
2021-08-10;16;728,163;1926,600
2021-08-10;17;840,138;1683,550
2021-08-10;18;942,963;1127,138
2021-08-10;19;566,100;676,713
2021-08-10;20;579,388;312,888
2021-08-10;21;587,663;41,088
2021-08-10;22;501,363;0,063
2021-08-10;23;456,550;0,000
2021-08-10;24;382,200;0,000
