Data;Godzina;Generacja Ÿróde³ wiatrowych;Generacja Ÿróde³ fotowoltaicznych
2021-05-18;1;508,438;0,000
2021-05-18;2;579,075;0,000
2021-05-18;3;686,463;0,000
2021-05-18;4;794,888;0,000
2021-05-18;5;893,588;0,438
2021-05-18;6;1008,525;46,775
2021-05-18;7;1111,713;209,125
2021-05-18;8;918,063;505,100
2021-05-18;9;789,788;830,900
2021-05-18;10;855,763;1125,038
2021-05-18;11;962,100;1197,925
2021-05-18;12;1128,650;1301,800
2021-05-18;13;1222,675;1348,288
2021-05-18;14;1452,938;1520,613
2021-05-18;15;1668,150;1490,688
2021-05-18;16;1750,700;1608,525
2021-05-18;17;1701,688;1165,188
2021-05-18;18;1523,063;696,913
2021-05-18;19;1357,800;370,763
2021-05-18;20;1254,275;223,025
2021-05-18;21;1104,825;50,950
2021-05-18;22;1075,988;1,800
2021-05-18;23;1070,413;0,000
2021-05-18;24;1098,350;0,000
