Data;Godzina;Generacja Ÿróde³ wiatrowych;Generacja Ÿróde³ fotowoltaicznych
2021-05-13;1;2237,225;0,038
2021-05-13;2;1959,388;0,063
2021-05-13;3;1688,663;0,038
2021-05-13;4;1571,200;0,013
2021-05-13;5;1328,913;0,813
2021-05-13;6;1158,700;57,925
2021-05-13;7;850,050;297,900
2021-05-13;8;450,875;762,213
2021-05-13;9;303,875;1143,525
2021-05-13;10;362,325;1590,788
2021-05-13;11;536,875;1888,613
2021-05-13;12;620,138;2117,900
2021-05-13;13;587,500;2085,663
2021-05-13;14;497,625;2133,700
2021-05-13;15;539,838;1992,088
2021-05-13;16;582,950;1861,725
2021-05-13;17;765,938;1463,463
2021-05-13;18;906,625;1186,663
2021-05-13;19;979,300;699,025
2021-05-13;20;950,113;322,913
2021-05-13;21;949,225;48,038
2021-05-13;22;1040,925;0,413
2021-05-13;23;887,138;0,000
2021-05-13;24;826,838;0,000
