Data;Godzina;Generacja Ÿróde³ wiatrowych;Generacja Ÿróde³ fotowoltaicznych
2021-07-08;1;882,425;0,000
2021-07-08;2;728,713;0,000
2021-07-08;3;605,675;0,000
2021-07-08;4;484,075;0,000
2021-07-08;5;446,638;3,138
2021-07-08;6;433,263;77,425
2021-07-08;7;367,625;268,338
2021-07-08;8;289,938;502,763
2021-07-08;9;212,438;962,200
2021-07-08;10;230,088;1509,313
2021-07-08;11;317,850;1687,513
2021-07-08;12;364,675;1967,175
2021-07-08;13;349,238;2013,950
2021-07-08;14;360,638;2180,200
2021-07-08;15;383,813;2135,013
2021-07-08;16;450,000;1952,150
2021-07-08;17;579,225;1401,725
2021-07-08;18;585,438;1167,388
2021-07-08;19;636,663;619,600
2021-07-08;20;616,325;242,163
2021-07-08;21;694,050;45,388
2021-07-08;22;983,400;1,513
2021-07-08;23;1241,500;0,000
2021-07-08;24;1251,538;0,000
