Data;Godzina;Generacja Ÿróde³ wiatrowych;Generacja Ÿróde³ fotowoltaicznych
2021-10-07;1;1055,413;0,000
2021-10-07;2;1039,638;0,000
2021-10-07;3;1019,238;0,000
2021-10-07;4;994,325;0,000
2021-10-07;5;979,625;0,000
2021-10-07;6;1001,550;0,000
2021-10-07;7;969,975;1,275
2021-10-07;8;917,588;83,013
2021-10-07;9;880,400;256,900
2021-10-07;10;718,125;721,538
2021-10-07;11;599,475;945,713
2021-10-07;12;596,025;1266,175
2021-10-07;13;648,500;1518,475
2021-10-07;14;663,763;1557,338
2021-10-07;15;611,925;1547,338
2021-10-07;16;680,225;1240,613
2021-10-07;17;703,225;824,013
2021-10-07;18;783,888;299,388
2021-10-07;19;1032,475;26,238
2021-10-07;20;1324,788;0,013
2021-10-07;21;1525,613;0,088
2021-10-07;22;1741,825;0,038
2021-10-07;23;1730,625;0,050
2021-10-07;24;1669,575;0,000
