Data;Godzina;Generacja Ÿróde³ wiatrowych;Generacja Ÿróde³ fotowoltaicznych
2021-09-25;1;3883,275;0,088
2021-09-25;2;3868,938;0,050
2021-09-25;3;3968,425;0,063
2021-09-25;4;4084,150;0,063
2021-09-25;5;4077,788;0,000
2021-09-25;6;4156,588;0,000
2021-09-25;7;4206,988;8,013
2021-09-25;8;4005,638;72,688
2021-09-25;9;3761,925;208,000
2021-09-25;10;3620,425;484,925
2021-09-25;11;3638,488;735,763
2021-09-25;12;3510,863;1024,775
2021-09-25;13;3487,038;1163,338
2021-09-25;14;3501,650;1277,363
2021-09-25;15;3210,963;1292,213
2021-09-25;16;2804,938;1074,338
2021-09-25;17;2367,488;762,150
2021-09-25;18;1751,450;351,400
2021-09-25;19;1416,125;82,613
2021-09-25;20;1268,075;1,025
2021-09-25;21;1070,225;0,000
2021-09-25;22;836,450;0,000
2021-09-25;23;638,725;0,000
2021-09-25;24;539,638;0,000
