Data;Godzina;Generacja Ÿróde³ wiatrowych;Generacja Ÿróde³ fotowoltaicznych
2021-09-02;1;1642,388;0,000
2021-09-02;2;1640,925;0,063
2021-09-02;3;1642,100;0,088
2021-09-02;4;1654,675;0,000
2021-09-02;5;1770,288;0,000
2021-09-02;6;1818,438;0,375
2021-09-02;7;1827,975;54,900
2021-09-02;8;1413,488;351,563
2021-09-02;9;1079,388;863,475
2021-09-02;10;1164,400;1310,125
2021-09-02;11;1478,700;1794,763
2021-09-02;12;1692,338;2202,738
2021-09-02;13;1714,700;2569,363
2021-09-02;14;1632,163;2413,138
2021-09-02;15;1591,138;2389,525
2021-09-02;16;1481,950;2150,638
2021-09-02;17;1477,375;1670,313
2021-09-02;18;1359,113;1117,275
2021-09-02;19;923,138;642,363
2021-09-02;20;752,850;128,950
2021-09-02;21;832,725;0,575
2021-09-02;22;955,613;0,000
2021-09-02;23;944,025;0,000
2021-09-02;24;1026,863;0,050
