Data;Godzina;Generacja Ÿróde³ wiatrowych;Generacja Ÿróde³ fotowoltaicznych
2021-11-05;1;4740,750;0,000
2021-11-05;2;4757,575;0,000
2021-11-05;3;4684,513;0,000
2021-11-05;4;4769,500;0,000
2021-11-05;5;4865,250;0,050
2021-11-05;6;5062,375;0,000
2021-11-05;7;5470,100;11,538
2021-11-05;8;5400,250;103,688
2021-11-05;9;5182,538;309,038
2021-11-05;10;4829,313;583,000
2021-11-05;11;4516,750;723,875
2021-11-05;12;4230,575;830,600
2021-11-05;13;4103,725;837,775
2021-11-05;14;3609,963;708,800
2021-11-05;15;3173,450;509,375
2021-11-05;16;3008,138;219,713
2021-11-05;17;3018,963;19,388
2021-11-05;18;3020,538;0,038
2021-11-05;19;3121,688;0,013
2021-11-05;20;3213,900;0,013
2021-11-05;21;3588,363;0,000
2021-11-05;22;3780,500;0,025
2021-11-05;23;4008,275;0,000
2021-11-05;24;4169,888;0,000
