Data;Godzina;Generacja Ÿróde³ wiatrowych;Generacja Ÿróde³ fotowoltaicznych
2021-05-07;1;995,763;0,000
2021-05-07;2;874,600;0,000
2021-05-07;3;732,325;0,000
2021-05-07;4;542,750;0,000
2021-05-07;5;428,263;0,013
2021-05-07;6;360,313;21,863
2021-05-07;7;370,650;145,250
2021-05-07;8;340,150;379,800
2021-05-07;9;377,238;668,313
2021-05-07;10;469,463;1088,013
2021-05-07;11;623,525;1227,875
2021-05-07;12;832,388;1270,500
2021-05-07;13;919,700;1445,463
2021-05-07;14;1258,538;1367,963
2021-05-07;15;1394,625;1476,688
2021-05-07;16;1519,713;1097,463
2021-05-07;17;1711,238;1056,000
2021-05-07;18;1962,188;718,063
2021-05-07;19;1994,113;466,763
2021-05-07;20;1837,863;213,050
2021-05-07;21;1671,500;27,800
2021-05-07;22;1713,975;0,100
2021-05-07;23;1954,063;0,000
2021-05-07;24;2388,238;0,000
