Data;Godzina;Generacja Ÿróde³ wiatrowych;Generacja Ÿróde³ fotowoltaicznych
2021-08-06;1;1849,425;0,000
2021-08-06;2;1925,838;0,000
2021-08-06;3;1923,863;0,000
2021-08-06;4;1978,700;0,000
2021-08-06;5;2036,863;0,000
2021-08-06;6;2161,638;3,475
2021-08-06;7;2241,588;83,663
2021-08-06;8;2180,638;197,450
2021-08-06;9;2176,563;283,125
2021-08-06;10;2275,775;512,900
2021-08-06;11;2408,538;810,850
2021-08-06;12;2494,613;942,075
2021-08-06;13;2601,588;1097,188
2021-08-06;14;2596,200;1006,800
2021-08-06;15;2523,388;1015,763
2021-08-06;16;2512,063;1113,738
2021-08-06;17;2262,800;935,250
2021-08-06;18;2044,500;821,250
2021-08-06;19;1651,713;546,813
2021-08-06;20;1421,963;207,113
2021-08-06;21;1365,163;33,663
2021-08-06;22;1189,875;0,113
2021-08-06;23;1088,450;0,000
2021-08-06;24;1101,413;0,000
