Data;Godzina;Generacja Ÿróde³ wiatrowych;Generacja Ÿróde³ fotowoltaicznych
2021-06-28;1;196,425;0,000
2021-06-28;2;158,750;0,000
2021-06-28;3;139,588;0,000
2021-06-28;4;155,850;0,000
2021-06-28;5;173,563;6,800
2021-06-28;6;167,338;108,538
2021-06-28;7;171,700;483,213
2021-06-28;8;112,425;1014,838
2021-06-28;9;58,675;1680,025
2021-06-28;10;85,413;2151,263
2021-06-28;11;123,263;2522,313
2021-06-28;12;157,438;2727,750
2021-06-28;13;225,863;2946,313
2021-06-28;14;300,838;2865,313
2021-06-28;15;345,463;2836,113
2021-06-28;16;354,238;2488,525
2021-06-28;17;289,213;2166,813
2021-06-28;18;267,088;1795,213
2021-06-28;19;213,738;1338,813
2021-06-28;20;153,575;754,688
2021-06-28;21;114,025;261,963
2021-06-28;22;154,338;18,725
2021-06-28;23;203,850;0,038
2021-06-28;24;246,813;0,000
