Data;Godzina;Generacja Ÿróde³ wiatrowych;Generacja Ÿróde³ fotowoltaicznych
2021-03-21;1;4235,225;0,000
2021-03-21;2;4415,775;0,000
2021-03-21;3;4527,113;0,000
2021-03-21;4;4462,013;0,000
2021-03-21;5;4312,275;0,000
2021-03-21;6;4256,563;0,525
2021-03-21;7;4261,488;63,625
2021-03-21;8;4157,763;294,350
2021-03-21;9;3985,300;470,238
2021-03-21;10;3751,750;637,950
2021-03-21;11;3428,288;998,938
2021-03-21;12;3271,263;1015,000
2021-03-21;13;3210,725;957,188
2021-03-21;14;3208,575;962,350
2021-03-21;15;3038,800;850,375
2021-03-21;16;2819,988;546,838
2021-03-21;17;2595,625;333,275
2021-03-21;18;2241,200;177,500
2021-03-21;19;2096,575;8,725
2021-03-21;20;2045,600;0,000
2021-03-21;21;2006,975;0,000
2021-03-21;22;2026,063;0,000
2021-03-21;23;1840,500;0,000
2021-03-21;24;1753,863;0,000
