Data;Godzina;Generacja Ÿróde³ wiatrowych;Generacja Ÿróde³ fotowoltaicznych
2021-10-10;1;1530,925;0,000
2021-10-10;2;1304,875;0,000
2021-10-10;3;1096,488;0,000
2021-10-10;4;948,500;0,000
2021-10-10;5;819,300;0,000
2021-10-10;6;762,675;0,000
2021-10-10;7;762,525;0,338
2021-10-10;8;789,538;95,075
2021-10-10;9;792,875;586,225
2021-10-10;10;573,075;1261,000
2021-10-10;11;243,200;1738,888
2021-10-10;12;331,275;2231,413
2021-10-10;13;651,975;2457,913
2021-10-10;14;629,188;2376,475
2021-10-10;15;480,525;2061,438
2021-10-10;16;375,788;1599,950
2021-10-10;17;323,425;1088,863
2021-10-10;18;366,588;429,575
2021-10-10;19;651,300;23,750
2021-10-10;20;1028,525;0,000
2021-10-10;21;1463,200;0,000
2021-10-10;22;1822,438;0,000
2021-10-10;23;2095,850;0,000
2021-10-10;24;2229,325;0,000
