Data;Godzina;Generacja Ÿróde³ wiatrowych;Generacja Ÿróde³ fotowoltaicznych
2021-10-25;1;3228,388;0,038
2021-10-25;2;3329,925;0,075
2021-10-25;3;3396,900;0,000
2021-10-25;4;3386,888;0,000
2021-10-25;5;3386,800;0,000
2021-10-25;6;3453,713;0,000
2021-10-25;7;3510,613;0,000
2021-10-25;8;3558,463;36,188
2021-10-25;9;3424,500;326,888
2021-10-25;10;2720,025;1064,925
2021-10-25;11;1944,400;1666,838
2021-10-25;12;1613,200;2120,663
2021-10-25;13;1462,175;2292,775
2021-10-25;14;1532,750;2229,925
2021-10-25;15;1665,425;1975,125
2021-10-25;16;1628,888;1481,700
2021-10-25;17;1639,413;750,613
2021-10-25;18;2094,750;169,600
2021-10-25;19;2629,050;1,063
2021-10-25;20;2969,238;0,000
2021-10-25;21;3355,975;0,000
2021-10-25;22;3460,475;0,000
2021-10-25;23;3326,900;0,000
2021-10-25;24;3133,075;0,000
