Data;Godzina;Generacja Ÿróde³ wiatrowych;Generacja Ÿróde³ fotowoltaicznych
2022-03-12;1;3113,900;0,000
2022-03-12;2;3058,288;0,000
2022-03-12;3;3057,875;0,000
2022-03-12;4;2977,675;0,000
2022-03-12;5;2869,138;0,000
2022-03-12;6;2812,600;0,000
2022-03-12;7;2610,100;96,875
2022-03-12;8;2182,438;673,538
2022-03-12;9;1097,688;1783,425
2022-03-12;10;672,838;2902,513
2022-03-12;11;564,238;3705,188
2022-03-12;12;590,638;4007,263
2022-03-12;13;679,500;4120,488
2022-03-12;14;717,388;3931,638
2022-03-12;15;713,275;3260,050
2022-03-12;16;723,488;2510,513
2022-03-12;17;886,638;1513,988
2022-03-12;18;1220,113;366,313
2022-03-12;19;1754,075;13,513
2022-03-12;20;2012,538;0,000
2022-03-12;21;2168,525;0,000
2022-03-12;22;2280,363;0,000
2022-03-12;23;2254,663;0,000
2022-03-12;24;2154,000;0,000
