Data;Godzina;Generacja Ÿróde³ wiatrowych;Generacja Ÿróde³ fotowoltaicznych
2022-02-15;1;3783,925;0,000
2022-02-15;2;3550,288;0,000
2022-02-15;3;3298,500;0,000
2022-02-15;4;3195,113;0,000
2022-02-15;5;3086,650;0,000
2022-02-15;6;3041,750;0,000
2022-02-15;7;3108,100;0,063
2022-02-15;8;3202,563;83,713
2022-02-15;9;2985,513;429,688
2022-02-15;10;2576,513;936,838
2022-02-15;11;2243,338;1335,613
2022-02-15;12;2036,863;1924,600
2022-02-15;13;1992,188;2127,338
2022-02-15;14;1936,200;1992,613
2022-02-15;15;1834,413;1708,938
2022-02-15;16;1627,988;917,338
2022-02-15;17;1519,000;282,038
2022-02-15;18;1711,625;30,525
2022-02-15;19;2118,800;0,000
2022-02-15;20;2490,638;0,000
2022-02-15;21;2826,713;0,000
2022-02-15;22;3098,338;0,000
2022-02-15;23;3399,050;0,000
2022-02-15;24;3753,450;0,000
