Data;Godzina;Generacja Ÿróde³ wiatrowych;Generacja Ÿróde³ fotowoltaicznych
2022-01-30;1;4194,600;0,000
2022-01-30;2;4350,725;0,000
2022-01-30;3;4435,700;0,000
2022-01-30;4;4274,225;0,000
2022-01-30;5;4175,038;0,000
2022-01-30;6;4443,900;0,000
2022-01-30;7;4570,775;0,000
2022-01-30;8;4553,088;21,838
2022-01-30;9;4563,138;113,725
2022-01-30;10;4723,900;306,800
2022-01-30;11;4859,475;475,538
2022-01-30;12;5068,613;569,688
2022-01-30;13;5345,238;570,913
2022-01-30;14;5496,300;534,613
2022-01-30;15;5579,813;428,325
2022-01-30;16;5658,600;217,650
2022-01-30;17;5611,750;50,438
2022-01-30;18;5581,600;0,000
2022-01-30;19;5701,013;0,000
2022-01-30;20;5791,188;0,000
2022-01-30;21;5816,313;0,000
2022-01-30;22;5852,350;0,000
2022-01-30;23;5712,050;0,000
2022-01-30;24;5544,363;0,000
