Data;Godzina;Generacja Ÿróde³ wiatrowych;Generacja Ÿróde³ fotowoltaicznych
2022-03-16;1;980,138;0,000
2022-03-16;2;973,713;0,000
2022-03-16;3;932,275;0,000
2022-03-16;4;925,525;0,000
2022-03-16;5;873,838;0,000
2022-03-16;6;910,088;0,013
2022-03-16;7;985,100;54,513
2022-03-16;8;945,638;258,038
2022-03-16;9;781,188;678,425
2022-03-16;10;615,525;1219,213
2022-03-16;11;585,325;1841,263
2022-03-16;12;727,000;2506,650
2022-03-16;13;827,900;2700,175
2022-03-16;14;813,238;2581,588
2022-03-16;15;744,363;2440,438
2022-03-16;16;789,475;1874,250
2022-03-16;17;778,113;1085,075
2022-03-16;18;794,325;381,600
2022-03-16;19;984,513;20,475
2022-03-16;20;1299,175;0,038
2022-03-16;21;1487,388;0,000
2022-03-16;22;1442,713;0,000
2022-03-16;23;1477,788;0,000
2022-03-16;24;1526,438;0,000
