Data;Godzina;Generacja Ÿróde³ wiatrowych;Generacja Ÿróde³ fotowoltaicznych
2022-01-15;1;4656,675;0,000
2022-01-15;2;4451,088;0,000
2022-01-15;3;4407,175;0,000
2022-01-15;4;4289,875;0,000
2022-01-15;5;4126,325;0,000
2022-01-15;6;3954,638;0,000
2022-01-15;7;3688,575;0,000
2022-01-15;8;3313,250;8,875
2022-01-15;9;2920,550;108,125
2022-01-15;10;2618,875;601,525
2022-01-15;11;2270,225;1189,613
2022-01-15;12;2117,200;1475,888
2022-01-15;13;2066,738;1486,725
2022-01-15;14;2002,488;1302,675
2022-01-15;15;1714,175;914,475
2022-01-15;16;1601,550;368,425
2022-01-15;17;1622,550;32,325
2022-01-15;18;1599,388;0,000
2022-01-15;19;1365,775;0,000
2022-01-15;20;1165,563;0,000
2022-01-15;21;987,075;0,000
2022-01-15;22;911,975;0,000
2022-01-15;23;925,238;0,000
2022-01-15;24;916,625;0,000
