Data;Godzina;Generacja Ÿróde³ wiatrowych;Generacja Ÿróde³ fotowoltaicznych
2022-01-23;1;1544,625;0,000
2022-01-23;2;1431,963;0,000
2022-01-23;3;1351,013;0,000
2022-01-23;4;1315,750;0,000
2022-01-23;5;1202,875;0,000
2022-01-23;6;1038,788;0,000
2022-01-23;7;834,638;0,000
2022-01-23;8;699,575;8,788
2022-01-23;9;568,488;91,813
2022-01-23;10;441,188;335,750
2022-01-23;11;326,000;701,075
2022-01-23;12;266,238;1025,475
2022-01-23;13;240,163;1050,700
2022-01-23;14;176,713;945,975
2022-01-23;15;148,813;666,600
2022-01-23;16;159,750;323,013
2022-01-23;17;239,225;54,738
2022-01-23;18;254,400;0,000
2022-01-23;19;275,388;0,000
2022-01-23;20;262,538;0,000
2022-01-23;21;208,250;0,000
2022-01-23;22;212,625;0,000
2022-01-23;23;307,263;0,000
2022-01-23;24;496,875;0,000
