Data;Godzina;Generacja Ÿróde³ wiatrowych;Generacja Ÿróde³ fotowoltaicznych
2022-02-22;1;6420,650;0,000
2022-02-22;2;6292,263;0,000
2022-02-22;3;6181,013;0,000
2022-02-22;4;6081,525;0,000
2022-02-22;5;5916,738;0,000
2022-02-22;6;5663,875;0,000
2022-02-22;7;5333,175;1,750
2022-02-22;8;5260,325;92,238
2022-02-22;9;4847,200;390,163
2022-02-22;10;4728,188;872,388
2022-02-22;11;4547,613;1317,025
2022-02-22;12;4322,888;1612,550
2022-02-22;13;4360,813;1705,500
2022-02-22;14;4441,025;1708,825
2022-02-22;15;4379,938;1345,950
2022-02-22;16;3967,375;1004,463
2022-02-22;17;3241,863;423,250
2022-02-22;18;2854,750;52,650
2022-02-22;19;2607,088;0,000
2022-02-22;20;2607,700;0,000
2022-02-22;21;2728,163;0,000
2022-02-22;22;3011,988;0,000
2022-02-22;23;3279,538;0,000
2022-02-22;24;3598,263;0,000
