Data;Godzina;Generacja Ÿróde³ wiatrowych;Generacja Ÿróde³ fotowoltaicznych
2022-02-21;1;6302,913;0,000
2022-02-21;2;6336,063;0,000
2022-02-21;3;6397,475;0,000
2022-02-21;4;6447,675;0,000
2022-02-21;5;6478,500;0,000
2022-02-21;6;6481,938;0,000
2022-02-21;7;6424,100;0,263
2022-02-21;8;6322,538;64,388
2022-02-21;9;6387,138;185,588
2022-02-21;10;6368,213;538,138
2022-02-21;11;6413,013;882,375
2022-02-21;12;6517,700;1175,550
2022-02-21;13;6675,600;1136,125
2022-02-21;14;6616,088;1297,938
2022-02-21;15;6578,913;1162,875
2022-02-21;16;6619,138;1002,288
2022-02-21;17;6505,163;523,250
2022-02-21;18;6280,838;61,350
2022-02-21;19;6142,138;0,000
2022-02-21;20;6013,150;0,000
2022-02-21;21;6131,100;0,000
2022-02-21;22;6165,450;0,000
2022-02-21;23;6276,350;0,000
2022-02-21;24;6440,513;0,000
