Data;Godzina;Generacja Ÿróde³ wiatrowych;Generacja Ÿróde³ fotowoltaicznych
2022-02-11;1;2448,825;0,000
2022-02-11;2;2426,225;0,000
2022-02-11;3;2219,838;0,000
2022-02-11;4;1871,838;0,000
2022-02-11;5;1511,888;0,000
2022-02-11;6;1349,888;0,000
2022-02-11;7;1176,338;0,000
2022-02-11;8;1099,600;40,425
2022-02-11;9;918,000;161,963
2022-02-11;10;752,188;467,938
2022-02-11;11;778,038;751,025
2022-02-11;12;1030,113;689,350
2022-02-11;13;1356,900;895,188
2022-02-11;14;1755,613;697,525
2022-02-11;15;1971,938;586,675
2022-02-11;16;2121,263;326,025
2022-02-11;17;2509,463;132,575
2022-02-11;18;3218,963;9,563
2022-02-11;19;3278,375;0,000
2022-02-11;20;3843,575;0,000
2022-02-11;21;4064,738;0,000
2022-02-11;22;3940,950;0,000
2022-02-11;23;3880,788;0,000
2022-02-11;24;3519,150;0,000
