Data;Godzina;Generacja Ÿróde³ wiatrowych;Generacja Ÿróde³ fotowoltaicznych
2022-01-25;1;2458,838;0,000
2022-01-25;2;2559,050;0,000
2022-01-25;3;2514,613;0,000
2022-01-25;4;2550,588;0,000
2022-01-25;5;2620,900;0,000
2022-01-25;6;2724,788;0,000
2022-01-25;7;2766,550;0,000
2022-01-25;8;2640,700;3,763
2022-01-25;9;2702,038;56,238
2022-01-25;10;2803,450;217,625
2022-01-25;11;2708,663;433,263
2022-01-25;12;2678,938;568,938
2022-01-25;13;2704,825;617,588
2022-01-25;14;2648,675;571,588
2022-01-25;15;2410,213;410,150
2022-01-25;16;2204,650;196,613
2022-01-25;17;2127,600;34,063
2022-01-25;18;2078,338;0,000
2022-01-25;19;2121,238;0,000
2022-01-25;20;2061,200;0,000
2022-01-25;21;1929,388;0,000
2022-01-25;22;1739,475;0,000
2022-01-25;23;1631,113;0,000
2022-01-25;24;1503,050;0,000
