Data;Godzina;Generacja Ÿróde³ wiatrowych;Generacja Ÿróde³ fotowoltaicznych
2022-02-19;1;5251,200;0,000
2022-02-19;2;4833,963;0,000
2022-02-19;3;4787,075;0,000
2022-02-19;4;4742,050;0,000
2022-02-19;5;4455,375;0,000
2022-02-19;6;4218,050;0,000
2022-02-19;7;4047,263;0,725
2022-02-19;8;3772,038;105,425
2022-02-19;9;3433,188;470,388
2022-02-19;10;3172,163;1086,675
2022-02-19;11;3238,538;1362,263
2022-02-19;12;3410,363;1560,725
2022-02-19;13;3550,963;1667,625
2022-02-19;14;3901,313;1459,800
2022-02-19;15;4291,438;1208,525
2022-02-19;16;4763,425;846,188
2022-02-19;17;5183,075;393,775
2022-02-19;18;5394,500;63,938
2022-02-19;19;5421,838;0,000
2022-02-19;20;5313,988;0,000
2022-02-19;21;5328,088;0,000
2022-02-19;22;5009,825;0,000
2022-02-19;23;4933,888;0,000
2022-02-19;24;4821,763;0,000
