Data;Godzina;Generacja Ÿróde³ wiatrowych;Generacja Ÿróde³ fotowoltaicznych
2022-03-05;1;1025,450;0,000
2022-03-05;2;889,100;0,000
2022-03-05;3;775,938;0,000
2022-03-05;4;638,475;0,000
2022-03-05;5;631,000;0,000
2022-03-05;6;559,375;0,013
2022-03-05;7;492,013;2,125
2022-03-05;8;427,938;177,075
2022-03-05;9;285,113;737,825
2022-03-05;10;229,925;1333,338
2022-03-05;11;231,000;1781,700
2022-03-05;12;227,213;2221,038
2022-03-05;13;210,475;1914,663
2022-03-05;14;185,700;1575,113
2022-03-05;15;206,550;1598,050
2022-03-05;16;263,550;1347,588
2022-03-05;17;313,738;557,250
2022-03-05;18;293,063;151,638
2022-03-05;19;340,738;2,563
2022-03-05;20;342,038;0,000
2022-03-05;21;268,113;0,000
2022-03-05;22;161,875;0,000
2022-03-05;23;80,650;0,000
2022-03-05;24;44,575;0,000
