Data;Godzina;Generacja Ÿróde³ wiatrowych;Generacja Ÿróde³ fotowoltaicznych
2022-02-08;1;4980,263;0,000
2022-02-08;2;4479,438;0,000
2022-02-08;3;4252,888;0,000
2022-02-08;4;4267,875;0,000
2022-02-08;5;4192,150;0,000
2022-02-08;6;4095,063;0,000
2022-02-08;7;3861,388;0,000
2022-02-08;8;4024,963;29,938
2022-02-08;9;4318,325;165,238
2022-02-08;10;4724,750;492,000
2022-02-08;11;5043,675;827,538
2022-02-08;12;5196,413;1075,350
2022-02-08;13;5463,475;1074,975
2022-02-08;14;5769,375;784,500
2022-02-08;15;6094,250;530,800
2022-02-08;16;6261,375;240,600
2022-02-08;17;6236,600;77,225
2022-02-08;18;6238,563;2,663
2022-02-08;19;6236,500;0,000
2022-02-08;20;6230,875;0,000
2022-02-08;21;6151,563;0,000
2022-02-08;22;5937,488;0,000
2022-02-08;23;5710,488;0,000
2022-02-08;24;5592,475;0,000
