Data;Godzina;Generacja Ÿróde³ wiatrowych;Generacja Ÿróde³ fotowoltaicznych
2022-02-13;1;3975,713;0,000
2022-02-13;2;3948,175;0,000
2022-02-13;3;4037,588;0,000
2022-02-13;4;4075,463;0,000
2022-02-13;5;4116,550;0,000
2022-02-13;6;4166,263;0,000
2022-02-13;7;4307,913;0,038
2022-02-13;8;4407,850;83,013
2022-02-13;9;4134,100;581,213
2022-02-13;10;3527,788;1438,950
2022-02-13;11;3030,688;2173,075
2022-02-13;12;3082,100;2587,788
2022-02-13;13;3300,050;2751,413
2022-02-13;14;3522,075;2647,625
2022-02-13;15;3445,738;2168,825
2022-02-13;16;3363,625;1425,450
2022-02-13;17;3514,613;503,400
2022-02-13;18;4252,288;43,488
2022-02-13;19;4911,775;0,000
2022-02-13;20;5066,538;0,000
2022-02-13;21;5170,363;0,000
2022-02-13;22;5186,050;0,000
2022-02-13;23;5130,113;0,000
2022-02-13;24;5051,425;0,000
