Data;Godzina;Generacja Ÿróde³ wiatrowych;Generacja Ÿróde³ fotowoltaicznych
2022-01-21;1;6012,763;0,000
2022-01-21;2;6069,175;0,000
2022-01-21;3;6087,413;0,000
2022-01-21;4;6204,113;0,000
2022-01-21;5;6216,200;0,000
2022-01-21;6;6149,675;0,000
2022-01-21;7;6162,675;0,000
2022-01-21;8;6127,813;8,575
2022-01-21;9;5993,625;112,775
2022-01-21;10;5945,125;467,100
2022-01-21;11;5883,163;854,163
2022-01-21;12;5915,988;1090,800
2022-01-21;13;5828,413;1105,838
2022-01-21;14;5746,900;865,738
2022-01-21;15;5616,700;598,425
2022-01-21;16;5404,625;299,950
2022-01-21;17;5063,850;45,238
2022-01-21;18;5033,388;0,000
2022-01-21;19;5206,138;0,000
2022-01-21;20;5042,588;0,000
2022-01-21;21;4581,625;0,000
2022-01-21;22;4174,063;0,000
2022-01-21;23;3963,688;0,000
2022-01-21;24;3773,213;0,000
