Data;Godzina;Generacja Ÿróde³ wiatrowych;Generacja Ÿróde³ fotowoltaicznych
2022-02-18;1;6298,463;0,000
2022-02-18;2;6308,838;0,000
2022-02-18;3;6316,338;0,000
2022-02-18;4;6292,988;0,000
2022-02-18;5;6218,638;0,000
2022-02-18;6;6154,438;0,000
2022-02-18;7;6139,750;0,175
2022-02-18;8;5984,813;87,013
2022-02-18;9;5783,050;421,263
2022-02-18;10;5608,725;1144,388
2022-02-18;11;5426,650;1790,813
2022-02-18;12;5089,725;2168,525
2022-02-18;13;4526,263;2574,650
2022-02-18;14;4119,338;2327,125
2022-02-18;15;3779,188;1839,425
2022-02-18;16;3837,788;1042,963
2022-02-18;17;4257,675;350,825
2022-02-18;18;4978,963;22,938
2022-02-18;19;5781,188;0,000
2022-02-18;20;6408,175;0,000
2022-02-18;21;6540,163;0,000
2022-02-18;22;6476,913;0,000
2022-02-18;23;6338,838;0,000
2022-02-18;24;6006,163;0,000
