Data;Godzina;Generacja Ÿróde³ wiatrowych;Generacja Ÿróde³ fotowoltaicznych
2022-01-11;1;818,713;0,000
2022-01-11;2;752,050;0,000
2022-01-11;3;654,775;0,000
2022-01-11;4;524,788;0,000
2022-01-11;5;468,513;0,000
2022-01-11;6;384,925;0,000
2022-01-11;7;276,763;0,000
2022-01-11;8;184,850;1,513
2022-01-11;9;127,075;78,575
2022-01-11;10;94,950;425,350
2022-01-11;11;87,738;877,275
2022-01-11;12;71,038;1104,550
2022-01-11;13;62,275;1154,338
2022-01-11;14;65,263;1050,850
2022-01-11;15;81,463;680,413
2022-01-11;16;134,925;270,875
2022-01-11;17;237,275;18,963
2022-01-11;18;334,600;0,000
2022-01-11;19;425,863;0,000
2022-01-11;20;603,800;0,000
2022-01-11;21;680,038;0,000
2022-01-11;22;765,138;0,000
2022-01-11;23;910,588;0,000
2022-01-11;24;945,488;0,000
