Data;Godzina;Generacja Ÿróde³ wiatrowych;Generacja Ÿróde³ fotowoltaicznych
2022-01-07;1;2788,575;0,000
2022-01-07;2;2735,850;0,025
2022-01-07;3;2816,600;0,000
2022-01-07;4;2779,513;0,000
2022-01-07;5;2824,763;0,063
2022-01-07;6;2958,638;0,063
2022-01-07;7;3106,600;0,000
2022-01-07;8;3079,700;1,963
2022-01-07;9;3085,188;100,650
2022-01-07;10;2998,800;585,625
2022-01-07;11;2742,513;1092,788
2022-01-07;12;2482,375;1380,950
2022-01-07;13;2411,100;1401,488
2022-01-07;14;2447,263;1277,688
2022-01-07;15;2582,038;732,250
2022-01-07;16;2976,425;242,025
2022-01-07;17;3373,013;13,350
2022-01-07;18;3536,525;0,000
2022-01-07;19;3589,863;0,000
2022-01-07;20;3583,738;0,000
2022-01-07;21;3504,725;0,000
2022-01-07;22;3243,750;0,000
2022-01-07;23;3058,438;0,000
2022-01-07;24;2737,475;0,000
