Data;Godzina;Generacja Ÿróde³ wiatrowych;Generacja Ÿróde³ fotowoltaicznych
2022-01-08;1;2471,975;0,000
2022-01-08;2;2423,350;0,013
2022-01-08;3;2424,825;0,100
2022-01-08;4;2401,838;0,075
2022-01-08;5;2274,650;0,013
2022-01-08;6;2206,050;0,000
2022-01-08;7;2203,650;0,000
2022-01-08;8;2228,400;1,950
2022-01-08;9;2269,588;98,888
2022-01-08;10;2225,538;339,400
2022-01-08;11;2164,950;639,363
2022-01-08;12;2101,613;735,313
2022-01-08;13;1946,450;712,400
2022-01-08;14;1897,575;687,413
2022-01-08;15;1851,013;450,250
2022-01-08;16;1826,650;154,825
2022-01-08;17;1894,813;8,100
2022-01-08;18;1937,425;0,038
2022-01-08;19;1990,075;0,088
2022-01-08;20;1963,550;0,075
2022-01-08;21;1781,075;0,000
2022-01-08;22;1544,638;0,025
2022-01-08;23;1462,263;0,000
2022-01-08;24;1574,738;0,000
