Data;Godzina;Generacja Ÿróde³ wiatrowych;Generacja Ÿróde³ fotowoltaicznych
2022-01-27;1;5280,550;0,000
2022-01-27;2;5243,913;0,000
2022-01-27;3;5171,363;0,000
2022-01-27;4;5235,825;0,000
2022-01-27;5;5230,088;0,000
2022-01-27;6;5250,150;0,000
2022-01-27;7;5417,813;0,000
2022-01-27;8;5600,063;6,963
2022-01-27;9;5734,338;50,588
2022-01-27;10;5920,175;247,550
2022-01-27;11;6080,575;383,375
2022-01-27;12;6100,963;376,688
2022-01-27;13;6115,688;499,050
2022-01-27;14;6163,963;455,975
2022-01-27;15;6212,525;364,813
2022-01-27;16;6296,550;253,075
2022-01-27;17;6367,388;39,625
2022-01-27;18;6342,663;0,000
2022-01-27;19;6434,925;0,000
2022-01-27;20;6521,575;0,000
2022-01-27;21;6548,050;0,000
2022-01-27;22;6512,850;0,000
2022-01-27;23;6426,913;0,000
2022-01-27;24;6412,025;0,000
