Data;Godzina;Generacja Ÿróde³ wiatrowych;Generacja Ÿróde³ fotowoltaicznych
2022-02-03;1;1916,663;0,000
2022-02-03;2;1943,925;0,000
2022-02-03;3;1748,063;0,000
2022-02-03;4;1697,388;0,000
2022-02-03;5;1672,475;0,000
2022-02-03;6;1668,438;0,000
2022-02-03;7;1755,838;0,000
2022-02-03;8;1741,313;25,388
2022-02-03;9;1665,213;145,813
2022-02-03;10;1457,788;572,938
2022-02-03;11;1156,050;1053,175
2022-02-03;12;1027,100;1476,363
2022-02-03;13;976,388;1480,650
2022-02-03;14;939,225;1465,088
2022-02-03;15;913,213;1137,975
2022-02-03;16;1129,100;612,000
2022-02-03;17;1428,238;143,375
2022-02-03;18;1780,575;3,213
2022-02-03;19;2125,588;0,000
2022-02-03;20;2305,850;0,000
2022-02-03;21;2255,875;0,000
2022-02-03;22;2191,713;0,000
2022-02-03;23;2067,450;0,000
2022-02-03;24;2032,063;0,000
