Data;Godzina;Krajowe zapotrzebowanie na moc;Sumaryczna generacja JWCD;Generacja PI;Generacja IRZ;Sumaryczna generacja nJWCD;Krajowe saldo wymiany miêdzysystemowej równoleg³ej;Krajowe saldo wymiany miêdzysystemowej nierównoleg³ej
2020-06-05;1;15733,875;9707,900;-9,800;0,000;5652,700;25,425;367,438
2020-06-05;2;15083,650;9149,613;-10,350;0,000;5556,900;-93,913;485,400
2020-06-05;3;14754,950;9223,988;-187,625;0,000;5362,850;-136,700;497,313
2020-06-05;4;14682,600;9337,950;-211,638;0,000;5268,375;-189,438;481,500
2020-06-05;5;14368,850;9263,750;-211,600;0,000;5039,325;-204,975;488,775
2020-06-05;6;14583,763;9680,738;-211,775;0,000;4981,463;-197,763;334,888
2020-06-05;7;16658,263;11185,250;-83,163;0,000;4830,913;221,175;502,513
2020-06-05;8;18635,513;12679,163;-6,275;0,000;4579,688;709,925;674,975
2020-06-05;9;19751,150;13260,538;-8,013;0,000;4565,138;1078,450;855,700
2020-06-05;10;20283,163;13356,975;272,600;0,000;4618,950;1288,713;1018,075
2020-06-05;11;20553,575;13209,125;395,275;0,000;4739,213;1482,350;1131,150
2020-06-05;12;20967,913;13498,263;406,613;0,000;4789,638;1524,250;1154,738
2020-06-05;13;20871,088;13479,738;258,513;0,000;4791,900;1409,550;1199,600
2020-06-05;14;20747,025;13127,400;236,438;0,000;4798,438;1553,313;1271,700
2020-06-05;15;20400,838;12945,388;264,788;0,000;4749,375;1550,525;1157,700
2020-06-05;16;20156,125;12783,800;304,388;0,000;4596,625;1497,338;1281,450
2020-06-05;17;19854,413;12706,525;84,738;0,000;4382,050;1473,263;1293,550
2020-06-05;18;19520,725;12576,613;171,413;0,000;4316,813;1359,638;1276,400
2020-06-05;19;19287,050;12827,975;451,925;0,000;3900,100;1492,863;1075,950
2020-06-05;20;19374,150;13103,700;574,775;0,000;3708,925;1424,825;1139,275
2020-06-05;21;19207,575;12575,450;423,413;0,000;3937,213;1422,513;1279,900
2020-06-05;22;18778,500;11754,138;312,400;0,000;4253,913;1491,238;1291,500
2020-06-05;23;17704,488;10243,313;122,950;0,000;4754,138;1433,813;1287,300
2020-06-05;24;16419,250;8574,525;-6,488;0,000;5125,350;1564,050;1167,788
