Data;Godzina;Krajowe zapotrzebowanie na moc;Sumaryczna generacja JWCD;Generacja PI;Generacja IRZ;Sumaryczna generacja nJWCD;Krajowe saldo wymiany miêdzysystemowej równoleg³ej;Krajowe saldo wymiany miêdzysystemowej nierównoleg³ej
2020-11-23;1;15944,925;7309,438;-271,375;0,000;9251,388;-604,488;266,425
2020-11-23;2;15577,350;7468,550;-580,663;0,000;9127,625;-685,925;247,688
2020-11-23;3;15273,700;7641,138;-755,963;0,000;8813,525;-666,850;243,963
2020-11-23;4;15417,813;7607,225;-754,225;0,000;8642,200;-317,500;244,838
2020-11-23;5;15914,163;7912,475;-751,950;0,000;8592,975;-79,088;241,475
2020-11-23;6;16973,050;8740,488;-750,763;0,000;8617,600;-179,525;549,863
2020-11-23;7;19877,438;10613,800;-151,863;0,000;8833,600;-56,625;639,138
2020-11-23;8;22081,588;13115,350;26,575;0,000;9220,788;-632,200;383,188
2020-11-23;9;23508,338;14194,863;-7,400;0,000;9469,225;-502,300;353,400
2020-11-23;10;24055,750;13642,000;10,550;0,000;9923,838;-454,075;957,488
2020-11-23;11;24257,400;13536,325;155,400;0,000;10339,488;-527,550;922,088
2020-11-23;12;24598,925;13969,500;284,825;0,000;10466,613;-761,688;937,100
2020-11-23;13;24619,700;13641,188;283,363;0,000;10682,175;-613,275;922,925
2020-11-23;14;24529,900;13834,675;230,088;0,000;10643,000;-749,913;818,413
2020-11-23;15;24091,463;13703,163;-7,400;0,000;10305,813;-707,988;794,225
2020-11-23;16;24025,563;13997,613;10,313;0,000;10031,525;-800,000;802,150
2020-11-23;17;24606,050;14533,925;144,013;0,000;9977,163;-386,925;480,713
2020-11-23;18;24513,638;14294,550;372,200;0,000;10048,300;-516,588;685,500
2020-11-23;19;24075,988;13748,725;486,638;0,000;10010,850;-561,200;886,938
2020-11-23;20;23907,475;13317,525;467,763;0,000;9912,763;-348,575;1028,400
2020-11-23;21;23270,025;12494,850;247,263;0,000;9812,450;-58,150;1026,538
2020-11-23;22;21798,125;11320,500;213,400;0,000;9617,188;-114,250;995,863
2020-11-23;23;20260,325;10137,538;87,363;0,000;9359,550;-344,000;1148,325
2020-11-23;24;19037,563;9607,838;-464,200;0,000;9140,013;-215,038;983,288
