Data;Godzina;Krajowe zapotrzebowanie na moc;Sumaryczna generacja JWCD;Generacja PI;Generacja IRZ;Sumaryczna generacja nJWCD;Krajowe saldo wymiany miêdzysystemowej równoleg³ej;Krajowe saldo wymiany miêdzysystemowej nierównoleg³ej
2020-02-05;1;18134,800;9798,313;-694,300;77,875;8647,088;38,400;349,913
2020-02-05;2;17476,425;9622,775;-975,438;79,725;8536,763;56,325;246,775
2020-02-05;3;17059,713;9234,038;-1095,038;79,250;8748,800;-154,838;337,375
2020-02-05;4;17097,750;9141,600;-1173,113;76,688;8938,138;-119,063;318,800
2020-02-05;5;17476,925;9328,950;-1167,938;78,200;9014,038;-40,713;344,950
2020-02-05;6;18322,713;9877,913;-816,538;78,650;9026,663;276,150;-34,388
2020-02-05;7;20999,888;11330,675;-134,200;79,875;9017,925;372,650;407,975
2020-02-05;8;22639,125;12882,950;-6,213;78,325;8732,250;489,875;535,988
2020-02-05;9;23581,413;14170,450;10,950;78,825;8197,888;532,075;689,575
2020-02-05;10;23800,050;14354,113;13,125;78,263;7993,450;749,775;711,775
2020-02-05;11;23376,538;13874,263;61,275;78,650;8059,063;741,038;713,913
2020-02-05;12;23373,125;14020,963;271,213;78,563;7902,663;733,288;729,050
2020-02-05;13;23332,675;13968,275;295,413;77,725;7852,463;805,300;720,888
2020-02-05;14;23420,763;14079,625;293,413;77,388;7808,275;809,113;728,738
2020-02-05;15;23107,875;13771,100;307,563;77,975;7880,513;763,088;697,125
2020-02-05;16;23003,075;13731,113;312,638;77,675;7703,325;840,163;722,750
2020-02-05;17;23520,388;14250,713;516,113;78,525;7727,688;804,938;722,513
2020-02-05;18;24650,613;14903,813;680,113;80,288;8235,263;771,063;715,588
2020-02-05;19;24441,500;13904,925;650,313;76,962;8683,075;1124,513;718,463
2020-02-05;20;24356,125;13734,175;1029,463;77,088;8915,138;982,513;722,175
2020-02-05;21;23777,400;13074,788;634,813;76,688;9152,613;845,150;714,925
2020-02-05;22;22304,525;11837,413;63,088;78,513;9288,450;477,350;717,463
2020-02-05;23;20833,438;10659,813;4,975;77,988;9384,788;92,938;711,563
2020-02-05;24;19509,813;9805,363;-7,300;78,188;9446,875;-246,488;521,113
