Data;Godzina;Krajowe zapotrzebowanie na moc;Sumaryczna generacja JWCD;Generacja PI;Generacja IRZ;Sumaryczna generacja nJWCD;Krajowe saldo wymiany miêdzysystemowej równoleg³ej;Krajowe saldo wymiany miêdzysystemowej nierównoleg³ej
2020-08-10;1;14417,275;9948,750;-220,225;0,000;3511,125;627,163;555,300
2020-08-10;2;14029,013;10013,338;-345,238;0,000;3377,550;553,575;432,963
2020-08-10;3;13758,550;9806,038;-344,375;0,000;3357,663;493,813;452,013
2020-08-10;4;13707,963;9662,538;-344,138;0,000;3430,163;469,625;494,688
2020-08-10;5;13815,938;9810,938;-392,850;0,000;3413,375;478,488;513,525
2020-08-10;6;14162,638;10023,550;-448,575;0,000;3378,938;420,713;800,900
2020-08-10;7;16774,200;11587,588;-140,963;0,000;3551,413;890,838;893,725
2020-08-10;8;19130,663;12992,875;-7,900;0,000;3850,238;1168,813;1132,163
2020-08-10;9;20782,238;14019,063;-8,200;0,000;3936,350;1581,663;1260,088
2020-08-10;10;21559,163;14409,063;12,288;0,000;4282,688;1615,200;1267,713
2020-08-10;11;21868,263;14556,950;10,013;0,000;4659,963;1395,025;1267,363
2020-08-10;12;22377,350;15502,175;135,950;0,000;4815,225;809,025;1268,400
2020-08-10;13;22655,538;15672,838;185,600;0,000;4930,588;796,175;1267,950
2020-08-10;14;22627,363;15643,738;323,975;0,000;4975,438;751,463;1271,488
2020-08-10;15;22072,713;15344,338;245,675;0,000;4870,100;589,263;1276,700
2020-08-10;16;21763,588;15509,575;270,638;0,000;4874,363;125,913;1263,450
2020-08-10;17;21522,850;14822,250;189,188;0,000;4920,425;791,800;1000,700
2020-08-10;18;20930,375;14299,538;306,325;0,000;4374,463;1285,750;977,025
2020-08-10;19;20547,488;14542,250;266,150;0,000;4006,638;1014,163;990,463
2020-08-10;20;20695,350;14978,588;241,800;0,000;3946,988;527,163;1249,338
2020-08-10;21;21224,850;14810,163;605,163;0,000;4250,475;899,875;1277,513
2020-08-10;22;20761,888;13734,963;390,663;0,000;4604,313;1161,513;1278,575
2020-08-10;23;19005,500;11920,875;-6,588;0,000;4661,513;1167,475;1275,775
2020-08-10;24;17410,825;10601,825;-6,738;0,000;4595,900;975,400;1252,788
