Data;Godzina;Krajowe zapotrzebowanie na moc;Sumaryczna generacja JWCD;Generacja PI;Generacja IRZ;Sumaryczna generacja nJWCD;Krajowe saldo wymiany miêdzysystemowej równoleg³ej;Krajowe saldo wymiany miêdzysystemowej nierównoleg³ej
2020-08-04;1;15471,938;9581,263;-32,025;0,000;3492,450;1277,950;1156,975
2020-08-04;2;14986,013;9630,613;-241,725;0,000;3442,400;1205,513;950,000
2020-08-04;3;14659,775;9809,588;-262,325;0,000;3503,838;881,225;724,838
2020-08-04;4;14609,838;9958,863;-265,813;0,000;3620,725;639,875;660,400
2020-08-04;5;14648,400;9982,425;-265,538;0,000;3755,575;552,425;624,000
2020-08-04;6;14853,338;9754,775;-440,713;0,000;3779,163;800,463;962,138
2020-08-04;7;16936,025;10935,800;-115,025;0,000;3919,200;1104,400;1093,838
2020-08-04;8;18935,550;12269,088;-6,450;0,000;3961,275;1447,188;1258,288
2020-08-04;9;20323,663;13499,413;-4,125;0,000;4061,400;1617,588;1150,825
2020-08-04;10;20973,925;13912,838;-3,975;0,000;4349,338;1543,488;1169,013
2020-08-04;11;21130,225;14196,338;-3,775;0,000;4516,813;1248,613;1173,488
2020-08-04;12;21518,588;14481,875;13,838;0,000;4756,475;1187,738;1098,125
2020-08-04;13;21495,475;14317,988;-1,738;0,000;4907,325;1130,863;1144,463
2020-08-04;14;21408,488;14094,275;-3,800;0,000;5065,513;1118,413;1137,525
2020-08-04;15;20972,888;13501,350;-4,788;0,000;5178,263;1146,325;1158,075
2020-08-04;16;20680,425;13427,975;-2,775;0,000;4978,338;1170,275;1110,913
2020-08-04;17;20266,725;13353,738;27,813;0,000;4661,100;1199,513;1057,150
2020-08-04;18;19869,800;13241,750;292,688;0,000;4300,538;1101,088;1231,675
2020-08-04;19;19672,350;12870,400;260,075;0,000;4051,525;1468,225;1287,413
2020-08-04;20;19807,900;12693,838;254,863;0,000;4030,400;1795,713;1293,625
2020-08-04;21;19934,000;12729,713;234,875;0,000;3968,463;1952,838;1291,388
2020-08-04;22;19563,313;12351,800;223,825;0,000;3940,238;2019,363;1264,163
2020-08-04;23;18017,463;10955,788;56,488;0,000;4028,100;1867,275;1263,150
2020-08-04;24;16670,050;9997,888;-123,300;0,000;3851,888;1714,175;1255,538
