Data;Godzina;Krajowe zapotrzebowanie na moc;Sumaryczna generacja JWCD;Generacja PI;Generacja IRZ;Sumaryczna generacja nJWCD;Krajowe saldo wymiany miêdzysystemowej równoleg³ej;Krajowe saldo wymiany miêdzysystemowej nierównoleg³ej
2020-09-27;1;14679,050;9298,413;-10,325;0,000;4297,675;723,163;376,313
2020-09-27;2;14072,013;9366,238;-10,500;0,000;4319,950;158,750;241,500
2020-09-27;3;13657,238;8963,050;-10,650;0,000;4523,625;-46,500;226,738
2020-09-27;4;13547,613;8743,788;-137,550;0,000;4713,988;0,400;232,013
2020-09-27;5;13569,450;8746,313;-296,700;0,000;4870,738;25,463;229,263
2020-09-27;6;13579,038;8670,500;-345,800;0,000;4998,563;32,888;226,325
2020-09-27;7;13603,050;8555,638;-345,725;0,000;5180,400;-6,563;224,088
2020-09-27;8;14261,250;9060,050;-412,000;0,000;5332,288;43,975;236,575
2020-09-27;9;15400,088;9480,613;-166,650;0,000;5434,713;196,825;453,525
2020-09-27;10;16362,700;9697,475;-7,975;0,000;5555,725;488,275;634,675
2020-09-27;11;16988,113;9778,488;-9,188;0,000;5759,063;825,575;634,988
2020-09-27;12;17268,675;10249,538;146,138;0,000;5810,263;657,813;557,500
2020-09-27;13;17388,400;10060,838;75,975;0,000;5968,388;770,963;597,413
2020-09-27;14;17313,338;9900,063;-9,638;0,000;5979,025;881,113;573,525
2020-09-27;15;16983,113;10078,900;-9,575;0,000;5943,438;367,925;608,925
2020-09-27;16;16609,238;10149,700;188,000;0,000;5596,150;306,713;561,375
2020-09-27;17;16433,275;10132,400;242,538;0,000;5527,100;201,850;584,025
2020-09-27;18;16475,325;9892,413;44,888;0,000;5296,513;597,850;700,275
2020-09-27;19;17359,113;11444,125;107,225;0,000;5080,088;103,088;742,600
2020-09-27;20;18552,738;12234,038;169,388;0,000;5196,800;-105,000;1239,588
2020-09-27;21;18143,288;11009,300;26,525;0,000;5246,938;637,963;1261,750
2020-09-27;22;17192,125;10051,200;-3,700;0,000;5260,038;952,913;938,700
2020-09-27;23;16211,700;9449,600;-6,575;0,000;5101,175;751,450;923,650
2020-09-27;24;15230,038;9194,650;-8,475;0,000;5026,100;452,900;568,538
