Data;Godzina;Krajowe zapotrzebowanie na moc;Sumaryczna generacja JWCD;Generacja PI;Generacja IRZ;Sumaryczna generacja nJWCD;Krajowe saldo wymiany miêdzysystemowej równoleg³ej;Krajowe saldo wymiany miêdzysystemowej nierównoleg³ej
2020-09-10;1;16149,438;9456,713;-225,113;0,000;6845,175;-264,950;343,425
2020-09-10;2;15619,238;9318,938;-674,925;0,000;6865,138;-202,475;320,900
2020-09-10;3;15332,988;9127,600;-672,088;0,000;6694,263;-157,888;346,725
2020-09-10;4;15301,088;9341,813;-670,788;0,000;6362,913;-68,200;344,225
2020-09-10;5;15537,038;9714,825;-668,750;0,000;6314,625;-75,925;263,688
2020-09-10;6;16190,863;10332,175;-576,400;0,000;6351,525;-62,325;160,563
2020-09-10;7;18237,325;11806,375;-32,038;0,000;6286,913;-253,700;436,600
2020-09-10;8;20119,775;13414,625;-7,488;0,000;6297,313;113,350;316,500
2020-09-10;9;20966,850;13885,525;18,663;0,000;6449,700;372,813;279,175
2020-09-10;10;21191,950;13408,638;22,100;0,000;6903,150;241,300;662,713
2020-09-10;11;21038,350;12711,800;13,688;0,000;7151,925;330,350;866,713
2020-09-10;12;21344,188;12372,050;12,338;0,000;7257,963;868,425;858,750
2020-09-10;13;21285,225;12113,800;-5,250;0,000;7156,538;1057,950;975,638
2020-09-10;14;21094,863;11985,625;276,975;0,000;7070,713;1061,175;995,850
2020-09-10;15;20635,400;11453,425;33,075;0,000;6935,638;1120,475;1138,288
2020-09-10;16;20469,425;11726,425;-7,325;0,000;6517,575;1088,713;1148,000
2020-09-10;17;20373,500;12163,763;88,575;0,000;6015,913;1062,050;1143,713
2020-09-10;18;20273,125;13023,363;207,425;0,000;5346,038;888,488;1021,725
2020-09-10;19;20430,075;14324,738;207,688;0,000;4746,688;328,850;1040,150
2020-09-10;20;21802,213;15714,238;60,275;0,000;4566,063;614,000;919,725
2020-09-10;21;22065,575;15807,838;141,725;0,000;4421,238;720,900;1130,688
2020-09-10;22;20405,400;14375,538;-0,863;0,000;4263,575;635,238;1154,763
2020-09-10;23;18679,613;12007,238;-8,075;0,000;4118,813;1425,888;1154,513
2020-09-10;24;17250,700;10791,550;-10,350;0,000;3842,988;1491,325;1153,513
