Data;Godzina;Krajowe zapotrzebowanie na moc;Sumaryczna generacja JWCD;Generacja PI;Generacja IRZ;Sumaryczna generacja nJWCD;Krajowe saldo wymiany miêdzysystemowej równoleg³ej;Krajowe saldo wymiany miêdzysystemowej nierównoleg³ej
2020-06-14;1;13749,250;8193,950;-16,700;0,000;5216,000;107,088;255,875
2020-06-14;2;13036,275;7904,313;-145,238;0,000;4994,925;-4,938;296,038
2020-06-14;3;12632,138;7809,475;-238,513;0,000;4846,500;-127,950;349,013
2020-06-14;4;12333,525;7840,775;-445,775;0,000;4732,550;-14,213;222,000
2020-06-14;5;11810,100;7515,700;-496,300;0,000;4759,488;-162,275;198,238
2020-06-14;6;11690,188;7320,225;-495,738;0,000;4540,175;171,025;161,350
2020-06-14;7;12164,213;7891,063;-470,688;0,000;4307,500;329,200;109,713
2020-06-14;8;12840,263;8262,238;-172,538;0,000;4373,450;157,388;226,263
2020-06-14;9;13639,338;8418,650;69,400;0,000;4592,538;208,200;438,275
2020-06-14;10;14593,038;8411,125;98,413;0,000;4999,638;645,725;551,925
2020-06-14;11;15064,188;8032,975;75,525;0,000;5288,425;1065,075;693,913
2020-06-14;12;15172,738;7862,125;73,838;0,000;5377,363;1185,800;757,625
2020-06-14;13;15277,638;7589,500;2,925;0,000;5653,163;1193,250;854,200
2020-06-14;14;15304,638;7591,963;77,300;0,000;5708,938;1159,400;858,950
2020-06-14;15;14933,575;7793,238;127,488;0,000;5436,288;994,750;723,525
2020-06-14;16;14598,750;8003,950;127,750;0,000;5148,675;798,750;657,113
2020-06-14;17;14367,025;8253,550;104,825;0,000;4733,988;761,788;629,250
2020-06-14;18;14371,413;8050,175;-6,938;0,000;4427,463;1114,513;789,138
2020-06-14;19;14569,588;8187,963;73,025;0,000;4171,325;1341,575;879,713
2020-06-14;20;14945,050;8375,113;99,550;0,000;3974,450;1597,738;1010,400
2020-06-14;21;15024,300;8759,200;93,513;0,000;3762,925;1462,688;1052,050
2020-06-14;22;15435,750;9085,525;2,463;0,000;3788,013;1427,700;1150,875
2020-06-14;23;15212,575;8774,800;-10,650;0,000;3657,288;1600,238;1201,325
2020-06-14;24;14209,288;7852,850;-26,950;0,000;3669,775;1481,138;1246,288
