Data;Godzina;Krajowe zapotrzebowanie na moc;Sumaryczna generacja JWCD;Generacja PI;Generacja IRZ;Sumaryczna generacja nJWCD;Krajowe saldo wymiany miêdzysystemowej równoleg³ej;Krajowe saldo wymiany miêdzysystemowej nierównoleg³ej
2020-01-16;1;18116,000;9565,788;-1072,500;0,000;9345,888;-269,563;552,038
2020-01-16;2;17626,275;9286,000;-1132,025;0,000;9178,675;-437,863;735,113
2020-01-16;3;17202,025;9262,563;-1127,313;0,000;8913,563;-589,413;742,575
2020-01-16;4;17232,750;9728,313;-1107,088;0,000;8575,625;-644,900;685,463
2020-01-16;5;17461,975;9927,575;-856,538;0,000;8244,288;-487,950;641,700
2020-01-16;6;18314,900;9902,813;-450,913;0,000;8162,638;-33,013;741,725
2020-01-16;7;21103,613;11926,313;-93,300;0,000;8274,700;-147,213;1139,275
2020-01-16;8;23051,200;13664,688;-3,825;0,000;8370,763;-273,250;1283,250
2020-01-16;9;23732,813;14328,713;-3,863;0,000;8180,725;-115,388;1347,263
2020-01-16;10;23793,750;14719,175;158,325;0,000;7741,125;0,688;1354,525
2020-01-16;11;23545,338;14798,050;212,838;0,000;7309,413;105,013;1357,475
2020-01-16;12;23618,825;15096,950;239,138;0,000;7025,238;146,688;1357,013
2020-01-16;13;23503,063;14941,288;26,538;0,000;6849,475;356,775;1357,338
2020-01-16;14;23563,088;15169,800;-4,450;0,000;6634,788;412,400;1356,800
2020-01-16;15;23323,350;15126,750;-4,300;0,000;6474,813;359,313;1356,088
2020-01-16;16;23304,425;15143,825;-3,988;0,000;6440,863;355,800;1356,988
2020-01-16;17;24330,563;15790,488;118,288;0,000;6619,613;558,188;1357,663
2020-01-16;18;24764,463;15913,900;367,288;0,000;6993,025;510,975;1356,950
2020-01-16;19;24406,938;15556,888;456,288;0,000;7201,350;297,338;1358,575
2020-01-16;20;24242,325;15192,288;525,475;0,000;7345,550;350,338;1358,863
2020-01-16;21;23537,588;14262,450;256,750;0,000;7432,313;491,850;1356,838
2020-01-16;22;22084,613;12757,725;227,513;0,000;7505,288;477,300;1357,025
2020-01-16;23;20555,988;10926,575;77,025;0,000;7490,975;779,788;1365,713
2020-01-16;24;19223,000;9929,363;-7,963;0,000;7312,875;659,838;1343,588
