Data;Godzina;Krajowe zapotrzebowanie na moc;Sumaryczna generacja JWCD;Generacja PI;Generacja IRZ;Sumaryczna generacja nJWCD;Krajowe saldo wymiany miêdzysystemowej równoleg³ej;Krajowe saldo wymiany miêdzysystemowej nierównoleg³ej
2020-11-19;1;18011,113;8786,038;-352,888;0,000;9345,538;-7,913;246,013
2020-11-19;2;17285,388;8463,013;-798,888;0,000;9489,013;-54,388;197,775
2020-11-19;3;16973,663;8108,288;-940,000;0,000;9664,750;-53,050;205,050
2020-11-19;4;17017,713;8134,000;-936,175;0,000;9842,938;-207,788;192,600
2020-11-19;5;17353,338;8206,525;-932,763;0,000;9975,188;-93,213;202,713
2020-11-19;6;18013,050;8640,013;-913,613;0,000;10087,313;-24,925;226,863
2020-11-19;7;20259,100;9797,050;-202,088;0,000;10219,175;-2,450;451,400
2020-11-19;8;22000,775;11212,338;-33,763;0,000;10468,875;-71,050;430,900
2020-11-19;9;23134,413;11895,900;108,925;0,000;10593,863;219,788;430,875
2020-11-19;10;23210,625;11767,550;184,925;0,000;10545,963;254,200;648,538
2020-11-19;11;23083,313;11812,913;179,888;0,000;10405,425;266,375;606,813
2020-11-19;12;23241,750;12230,400;289,213;0,000;10233,200;190,238;597,638
2020-11-19;13;23247,000;12884,363;300,538;0,000;10119,688;-101,638;359,725
2020-11-19;14;23360,325;13069,538;277,900;0,000;10116,088;-102,513;286,650
2020-11-19;15;23247,538;12345,825;131,863;0,000;10039,325;277,063;588,575
2020-11-19;16;23343,188;12640,913;148,975;0,000;9924,138;33,563;753,675
2020-11-19;17;24248,738;13407,525;299,625;0,000;10162,963;141,875;546,088
2020-11-19;18;24189,963;13186,350;421,063;0,000;10358,038;393,650;249,975
2020-11-19;19;23613,288;12815,100;505,800;0,000;10378,013;112,050;317,113
2020-11-19;20;23413,825;12131,350;429,700;0,000;10441,400;120,800;730,588
2020-11-19;21;22734,088;11364,738;49,463;0,000;10368,575;225,525;781,038
2020-11-19;22;21347,763;10208,813;-4,313;0,000;10188,288;242,363;728,138
2020-11-19;23;20006,613;9904,825;91,638;0,000;9857,563;-415,300;674,288
2020-11-19;24;18770,813;9124,075;-66,500;0,000;9490,225;-242,800;482,688
