Data;Godzina;Krajowe zapotrzebowanie na moc;Sumaryczna generacja JWCD;Generacja PI;Generacja IRZ;Sumaryczna generacja nJWCD;Krajowe saldo wymiany miêdzysystemowej równoleg³ej;Krajowe saldo wymiany miêdzysystemowej nierównoleg³ej
2020-11-16;1;15526,963;7817,063;-794,125;0,000;8118,000;48,438;342,175
2020-11-16;2;15146,375;7890,138;-1137,313;0,000;8187,425;-313,400;524,938
2020-11-16;3;14957,775;7950,475;-1131,525;0,000;8064,538;-513,138;586,413
2020-11-16;4;14862,013;7893,700;-1128,363;0,000;7936,063;-418,913;585,700
2020-11-16;5;15333,188;8531,138;-1123,313;0,000;7847,650;-510,925;590,413
2020-11-16;6;16491,425;9282,150;-842,475;0,000;7882,150;-435,188;610,313
2020-11-16;7;19123,550;10475,725;-60,838;0,000;7807,313;-11,925;913,150
2020-11-16;8;21225,725;12348,750;-3,950;0,000;7831,088;242,950;798,300
2020-11-16;9;22717,375;13532,800;-3,188;0,000;7875,575;451,800;865,788
2020-11-16;10;23058,175;13761,288;15,138;0,000;7685,900;496,063;1126,588
2020-11-16;11;23089,163;14041,600;17,300;0,000;7503,613;370,375;1186,225
2020-11-16;12;23381,775;14703,325;183,188;0,000;7191,075;186,863;1311,150
2020-11-16;13;23504,013;14944,163;40,613;0,000;7002,625;269,588;1300,575
2020-11-16;14;23576,775;15137,950;202,988;0,000;6810,938;354,813;1282,325
2020-11-16;15;23298,838;14998,350;321,788;0,000;6575,375;549,588;1171,225
2020-11-16;16;23238,863;15154,263;51,975;0,000;6388,263;491,075;1208,388
2020-11-16;17;23941,038;15758,413;110,075;0,000;6519,838;518,363;1143,050
2020-11-16;18;23882,600;15557,588;455,400;0,000;6743,638;619,913;964,025
2020-11-16;19;23562,313;15208,600;429,775;0,000;6944,350;737,850;684,225
2020-11-16;20;23306,325;14494,413;525,375;0,000;7050,163;771,075;1009,563
2020-11-16;21;22634,413;13808,600;509,838;0,000;6884,238;869,488;1083,438
2020-11-16;22;21255,813;12586,138;177,813;0,000;6801,175;787,400;1092,225
2020-11-16;23;19690,363;11121,300;-5,388;0,000;6712,713;792,688;1074,425
2020-11-16;24;18508,388;10438,675;-183,825;0,000;6592,113;700,550;965,638
