Data;Godzina;Krajowe zapotrzebowanie na moc;Sumaryczna generacja JWCD;Generacja PI;Generacja IRZ;Sumaryczna generacja nJWCD;Krajowe saldo wymiany miêdzysystemowej równoleg³ej;Krajowe saldo wymiany miêdzysystemowej nierównoleg³ej
2020-05-31;1;13769,325;7157,050;-11,500;0,000;6172,313;-379,313;834,413
2020-05-31;2;13047,300;6622,288;-42,000;0,000;6189,588;-578,375;860,925
2020-05-31;3;12689,100;6535,788;-453,438;0,000;6228,375;-467,450;847,913
2020-05-31;4;12474,613;6618,000;-854,913;0,000;6292,625;-423,550;843,875
2020-05-31;5;11984,663;6300,863;-870,075;0,000;6374,038;-501,700;680,400
2020-05-31;6;11754,925;6110,125;-869,375;0,000;6308,075;-417,925;627,075
2020-05-31;7;12124,750;6249,738;-791,963;0,000;6371,550;-272,688;571,513
2020-05-31;8;12799,550;6426,775;-263,725;0,000;6443,500;-322,325;515,225
2020-05-31;9;13727,150;6804,063;-14,688;0,000;6655,350;-43,300;328,425
2020-05-31;10;14623,650;7235,588;-11,525;0,000;6843,263;197,363;365,388
2020-05-31;11;15136,100;7207,050;-12,638;0,000;7138,075;454,675;357,313
2020-05-31;12;15480,363;6990,738;5,688;0,000;7557,150;557,375;413,838
2020-05-31;13;15642,988;7161,363;-9,938;0,000;7682,813;514,913;309,363
2020-05-31;14;15630,775;7224,988;-12,113;0,000;7788,313;309,700;334,600
2020-05-31;15;15116,575;6791,150;-12,900;0,000;7946,113;62,950;340,738
2020-05-31;16;14752,950;6385,375;-12,038;0,000;7841,188;167,613;373,575
2020-05-31;17;14438,975;6319,850;78,513;0,000;7542,575;259,763;332,600
2020-05-31;18;14392,925;6653,038;128,138;0,000;7203,663;321,750;228,688
2020-05-31;19;14652,163;6827,550;13,700;0,000;6842,500;456,050;534,863
2020-05-31;20;14902,925;6962,425;14,225;0,000;6328,538;648,075;975,975
2020-05-31;21;15072,800;7083,425;89,738;0,000;5922,425;1007,788;1065,675
2020-05-31;22;15508,413;6992,750;7,888;0,000;5802,575;1490,750;1227,838
2020-05-31;23;15265,900;6766,688;-5,775;0,000;5820,475;1677,063;1010,125
2020-05-31;24;14296,763;6629,638;-5,675;0,000;5756,525;843,800;1079,038
