Data;Godzina;Krajowe zapotrzebowanie na moc;Sumaryczna generacja JWCD;Generacja PI;Generacja IRZ;Sumaryczna generacja nJWCD;Krajowe saldo wymiany miêdzysystemowej równoleg³ej;Krajowe saldo wymiany miêdzysystemowej nierównoleg³ej
2020-10-13;1;17294,413;10256,175;-192,150;0,000;5131,038;1437,325;667,838
2020-10-13;2;16669,113;10529,463;-351,338;0,000;5120,775;873,900;507,638
2020-10-13;3;16465,288;10591,900;-351,188;0,000;5163,063;673,125;399,800
2020-10-13;4;16477,763;10620,550;-350,163;0,000;5167,150;642,250;403,550
2020-10-13;5;16714,325;10553,838;-349,675;0,000;5245,825;754,963;515,413
2020-10-13;6;17526,038;10743,213;-360,725;0,000;5347,413;1140,800;670,538
2020-10-13;7;20130,438;12711,550;-27,925;0,000;5398,313;1342,563;711,488
2020-10-13;8;22060,513;14849,388;85,775;0,000;5535,138;1482,563;200,138
2020-10-13;9;23337,000;16232,725;293,725;0,000;5726,238;1314,875;74,363
2020-10-13;10;23909,175;16378,375;230,513;0,000;5898,063;1551,225;93,250
2020-10-13;11;23939,138;16061,950;218,450;0,000;5986,688;1729,738;171,838
2020-10-13;12;24249,075;15947,675;219,688;0,000;6243,275;1750,025;320,400
2020-10-13;13;24338,250;15667,438;223,175;0,000;6493,288;1704,425;490,050
2020-10-13;14;24296,025;15209,488;227,700;0,000;6750,500;1692,300;655,088
2020-10-13;15;23732,325;14348,150;232,588;0,000;7084,988;1691,075;617,075
2020-10-13;16;23260,138;13770,363;259,075;0,000;7352,300;1552,550;601,113
2020-10-13;17;22946,563;13187,438;251,813;0,000;7787,888;1178,413;802,813
2020-10-13;18;22865,588;13243,063;274,050;0,000;8089,263;760,363;781,225
2020-10-13;19;23534,813;13344,188;330,088;0,000;8578,550;854,350;758,263
2020-10-13;20;23625,788;13152,225;364,325;0,000;9140,488;694,513;643,063
2020-10-13;21;22927,688;11585,675;311,925;0,000;9579,725;989,050;793,413
2020-10-13;22;21314,938;10386,700;48,600;0,000;9636,100;808,300;508,450
2020-10-13;23;19672,275;9392,375;-9,963;0,000;9711,225;348,950;240,550
2020-10-13;24;18355,125;8419,700;-10,100;0,000;9676,000;58,413;224,388
