Data;Godzina;Krajowe zapotrzebowanie na moc;Sumaryczna generacja JWCD;Generacja PI;Generacja IRZ;Sumaryczna generacja nJWCD;Krajowe saldo wymiany miêdzysystemowej równoleg³ej;Krajowe saldo wymiany miêdzysystemowej nierównoleg³ej
2020-03-25;1;17076,388;8888,188;-9,850;0,000;7252,550;361,475;593,375
2020-03-25;2;16553,813;8898,500;-236,688;0,000;7348,675;-73,263;619,900
2020-03-25;3;16220,900;8849,575;-346,625;0,000;7341,138;-264,363;643,813
2020-03-25;4;16216,750;8981,963;-345,875;0,000;7081,300;-142,025;644,050
2020-03-25;5;16390,488;9017,688;-345,600;0,000;6953,925;126,925;641,500
2020-03-25;6;16371,275;8624,150;-398,113;0,000;7095,500;396,813;653,475
2020-03-25;7;18034,525;9321,038;-119,825;0,000;7205,563;723,425;905,538
2020-03-25;8;19764,775;10807,513;-7,475;0,000;6761,788;1093,675;1105,788
2020-03-25;9;20440,188;11389,313;-6,200;0,000;6506,113;1244,413;1306,625
2020-03-25;10;20404,988;10662,925;37,025;0,000;7053,988;1404,013;1332,263
2020-03-25;11;20290,638;10591,050;284,650;0,000;6879,275;1491,225;1333,388
2020-03-25;12;20345,488;11042,413;570,925;0,000;6586,513;1384,113;1335,088
2020-03-25;13;20311,975;11029,325;441,688;0,000;6568,350;1391,500;1334,600
2020-03-25;14;20347,963;10973,950;357,063;0,000;6652,888;1390,738;1336,563
2020-03-25;15;19952,600;10449,988;186,113;0,000;6756,825;1428,538;1320,863
2020-03-25;16;19845,938;10207,338;-2,813;0,000;6846,675;1478,675;1313,838
2020-03-25;17;19931,925;10208,150;73,875;0,000;6911,488;1498,150;1316,725
2020-03-25;18;20226,238;10561,225;103,425;0,000;6972,975;1402,375;1297,338
2020-03-25;19;21399,538;11383,300;123,613;0,000;7491,625;1401,038;1113,463
2020-03-25;20;22000,925;11333,188;28,088;0,000;8095,225;1340,038;1234,113
2020-03-25;21;21508,863;10856,400;14,375;0,000;8519,300;998,750;1148,263
2020-03-25;22;20189,400;10067,750;-3,125;0,000;8582,850;584,525;968,975
2020-03-25;23;18941,175;9387,963;-8,613;0,000;8488,550;295,238;785,513
2020-03-25;24;17830,600;8852,150;-9,413;0,000;8355,025;13,413;630,188
