Data;Godzina;Krajowe zapotrzebowanie na moc;Sumaryczna generacja JWCD;Generacja PI;Generacja IRZ;Sumaryczna generacja nJWCD;Krajowe saldo wymiany miêdzysystemowej równoleg³ej;Krajowe saldo wymiany miêdzysystemowej nierównoleg³ej
2020-06-03;1;15481,763;9420,263;-9,375;0,000;4006,763;1173,588;895,388
2020-06-03;2;14948,350;9424,100;-10,825;0,000;3976,113;586,938;975,550
2020-06-03;3;14662,750;9619,013;-61,638;0,000;3876,063;250,525;977,950
2020-06-03;4;14614,650;10006,250;-345,238;0,000;3729,838;220,750;1006,263
2020-06-03;5;14328,363;10117,250;-397,663;0,000;3590,188;175,513;844,575
2020-06-03;6;14648,300;10135,825;-373,575;0,000;3528,625;457,488;908,188
2020-06-03;7;17048,488;11667,350;-49,475;0,000;3543,900;1084,625;800,775
2020-06-03;8;19044,663;13472,650;35,250;0,000;3571,463;1515,450;489,463
2020-06-03;9;20186,900;14253,000;406,575;0,000;3801,350;1567,400;568,200
2020-06-03;10;20674,100;14299,163;162,875;0,000;4158,788;1610,463;609,500
2020-06-03;11;20730,763;13910,163;79,363;0,000;4481,063;1597,238;749,388
2020-06-03;12;21142,475;14065,313;77,850;0,000;4584,075;1769,313;730,138
2020-06-03;13;21046,650;13947,075;6,838;0,000;4600,950;1716,025;795,525
2020-06-03;14;20670,438;13750,275;-3,475;0,000;4554,213;1578,750;796,000
2020-06-03;15;20246,475;13234,938;-3,250;0,000;4534,175;1638,300;840,038
2020-06-03;16;19825,638;12607,950;-2,850;0,000;4346,763;1667,463;1213,613
2020-06-03;17;19394,050;12425,913;-2,663;0,000;4141,413;1556,663;1271,713
2020-06-03;18;19111,413;12475,088;-2,488;0,000;3987,713;1558,538;1093,225
2020-06-03;19;18928,200;12695,475;155,038;0,000;3811,663;1613,275;811,463
2020-06-03;20;19213,188;12905,475;387,825;0,000;3604,325;1596,588;1109,463
2020-06-03;21;19361,938;12693,538;350,550;0,000;3721,163;1663,263;1282,125
2020-06-03;22;19316,350;12732,450;300,388;0,000;3760,763;1548,038;1288,000
2020-06-03;23;18157,913;11407,938;36,700;0,000;3961,438;1515,063;1287,013
2020-06-03;24;16743,875;10039,988;-9,213;0,000;3859,913;1580,388;1286,925
