Data;Godzina;Krajowe zapotrzebowanie na moc;Sumaryczna generacja JWCD;Generacja PI;Generacja IRZ;Sumaryczna generacja nJWCD;Krajowe saldo wymiany miêdzysystemowej równoleg³ej;Krajowe saldo wymiany miêdzysystemowej nierównoleg³ej
2020-01-15;1;18468,163;9530,788;-280,063;0,000;9736,138;-834,300;311,050
2020-01-15;2;17712,350;9429,525;-810,863;0,000;9800,225;-967,613;264,763
2020-01-15;3;17361,650;9355,075;-1025,438;0,000;9852,925;-1076,288;264,238
2020-01-15;4;17374,763;9506,588;-1067,388;0,000;9751,100;-1075,138;264,825
2020-01-15;5;17737,075;9974,300;-1179,375;0,000;9722,775;-1048,975;264,700
2020-01-15;6;18468,250;10303,025;-864,775;0,000;9682,425;-933,413;285,800
2020-01-15;7;21291,688;11130,088;-115,975;0,000;9828,900;-184,675;633,050
2020-01-15;8;23171,600;12890,700;-10,425;0,000;9911,538;-411,675;786,775
2020-01-15;9;23642,200;13172,363;28,638;0,000;9653,213;-495,913;1314,750
2020-01-15;10;23826,450;13245,163;265,288;0,000;9522,188;-290,600;1358,750
2020-01-15;11;23345,550;13087,638;287,200;0,000;9170,700;-262,638;1358,075
2020-01-15;12;23413,550;13119,213;380,625;0,000;8918,138;28,600;1358,275
2020-01-15;13;23468,525;13304,200;369,963;0,000;8653,250;167,025;1358,175
2020-01-15;14;23486,838;13643,338;452,738;0,000;8442,425;47,588;1356,963
2020-01-15;15;23284,338;13381,525;335,913;0,000;8430,425;108,188;1359,913
2020-01-15;16;23359,125;13521,500;246,950;0,000;8711,825;-234,025;1358,688
2020-01-15;17;24390,563;13726,013;355,075;0,000;9454,225;-150,213;1357,800
2020-01-15;18;24786,350;13681,425;372,425;0,000;9992,175;-249,350;1358,188
2020-01-15;19;24392,213;13045,338;341,225;0,000;10185,500;-193,650;1358,288
2020-01-15;20;24195,775;12781,513;332,338;0,000;10145,663;-83,813;1357,600
2020-01-15;21;23494,475;12105,038;266,513;0,000;10027,125;16,338;1357,913
2020-01-15;22;22056,025;10744,813;87,888;0,000;10057,375;-64,875;1335,000
2020-01-15;23;20460,313;9928,488;-6,675;0,000;9836,750;-233,900;940,275
2020-01-15;24;19144,700;9622,063;-88,313;0,000;9502,450;-303,738;417,100
