Data;Godzina;Krajowe zapotrzebowanie na moc;Sumaryczna generacja JWCD;Generacja PI;Generacja IRZ;Sumaryczna generacja nJWCD;Krajowe saldo wymiany miêdzysystemowej równoleg³ej;Krajowe saldo wymiany miêdzysystemowej nierównoleg³ej
2020-08-11;1;16229,588;10178,425;-206,275;0,000;4258,738;972,713;1032,375
2020-08-11;2;15588,963;10487,238;-587,000;0,000;4132,463;765,888;796,425
2020-08-11;3;15321,975;10533,188;-659,388;0,000;4167,525;606,875;674,713
2020-08-11;4;15155,388;10530,150;-656,688;0,000;4077,825;325,988;877,813
2020-08-11;5;15243,688;10573,975;-655,425;0,000;4034,750;593,738;703,988
2020-08-11;6;15421,288;10360,525;-628,075;0,000;3994,663;916,613;783,538
2020-08-11;7;17543,575;11461,763;-159,625;0,000;4115,600;1110,425;1016,750
2020-08-11;8;19743,463;13041,700;-7,288;0,000;4058,213;1388,000;1259,163
2020-08-11;9;21155,838;14530,350;102,525;0,000;4161,538;1221,388;1246,525
2020-08-11;10;21890,700;15191,263;256,000;0,000;4459,813;968,125;1273,900
2020-08-11;11;21938,313;15128,288;233,425;0,000;4835,713;710,550;1278,075
2020-08-11;12;22441,800;15254,463;96,113;0,000;5293,775;615,200;1278,000
2020-08-11;13;22568,238;15183,638;29,838;0,000;5414,375;707,313;1277,088
2020-08-11;14;22477,688;15132,863;95,813;0,000;5348,213;725,125;1276,463
2020-08-11;15;21917,150;14660,288;-2,838;0,000;5243,538;744,963;1277,850
2020-08-11;16;21531,163;14507,088;-6,575;0,000;5023,725;730,950;1277,113
2020-08-11;17;20978,888;14066,425;-6,713;0,000;4920,225;726,875;1278,125
2020-08-11;18;20646,350;13878,275;-6,850;0,000;4702,138;799,413;1275,388
2020-08-11;19;20391,000;13562,788;-7,025;0,000;4530,588;1031,675;1274,400
2020-08-11;20;20451,213;13577,075;10,725;0,000;4440,888;1168,175;1276,938
2020-08-11;21;21006,038;14146,450;13,438;0,000;4722,313;865,800;1273,075
2020-08-11;22;20520,775;13080,988;-4,263;0,000;5119,938;1049,550;1277,863
2020-08-11;23;18762,225;11126,813;-6,750;0,000;5213,450;1154,500;1276,425
2020-08-11;24;17150,275;10123,750;-7,688;0,000;5054,475;761,250;1225,550
