Data;Godzina;Krajowe zapotrzebowanie na moc;Sumaryczna generacja JWCD;Generacja PI;Generacja IRZ;Sumaryczna generacja nJWCD;Krajowe saldo wymiany miêdzysystemowej równoleg³ej;Krajowe saldo wymiany miêdzysystemowej nierównoleg³ej
2020-01-24;1;18494,700;10390,413;-191,525;0,000;8088,138;-194,063;408,013
2020-01-24;2;17995,150;10478,900;-651,163;0,000;8002,875;-241,038;394,763
2020-01-24;3;17562,013;10124,400;-828,250;0,000;8117,325;-244,525;394,988
2020-01-24;4;17665,963;10122,313;-764,275;0,000;8101,250;-169,050;379,575
2020-01-24;5;17915,763;10472,250;-747,675;0,000;8060,263;-276,725;416,200
2020-01-24;6;18807,575;10502,113;-606,513;0,000;8240,325;112,838;573,025
2020-01-24;7;21568,238;12112,300;-60,713;0,000;8413,488;95,713;1015,463
2020-01-24;8;23358,375;14608,513;-5,663;0,000;8536,188;-921,963;1140,100
2020-01-24;9;24144,525;15718,225;77,125;0,000;8536,863;-1012,025;899,900
2020-01-24;10;24358,400;15495,763;106,113;0,000;8424,738;-711,638;1161,575
2020-01-24;11;23908,075;14819,700;90,475;0,000;8196,350;-427,938;1329,763
2020-01-24;12;23949,300;14355,263;7,888;0,000;8043,238;217,263;1342,275
2020-01-24;13;23932,063;14130,588;-3,450;0,000;7873,625;599,663;1343,875
2020-01-24;14;23917,300;14148,663;-2,988;0,000;7739,388;696,150;1343,475
2020-01-24;15;23561,838;13962,150;-2,625;0,000;7636,250;630,350;1340,963
2020-01-24;16;23543,663;14216,663;75,563;0,000;7716,300;271,988;1341,150
2020-01-24;17;24340,375;14373,363;361,075;0,000;8199,188;436,438;1340,088
2020-01-24;18;24978,138;15291,438;418,688;0,000;8691,250;-339,200;1341,250
2020-01-24;19;24654,075;15337,875;523,413;0,000;8752,350;-779,888;1342,113
2020-01-24;20;24388,100;14877,838;476,800;0,000;8755,838;-582,438;1339,038
2020-01-24;21;23614,838;13560,688;42,463;0,000;8739,175;-10,188;1340,763
2020-01-24;22;22235,725;12204,400;-6,613;0,000;8735,250;-10,450;1324,625
2020-01-24;23;20636,525;10165,863;-6,425;0,000;8632,713;666,975;1188,650
2020-01-24;24;19447,888;10067,350;85,813;0,000;8491,563;-30,050;934,825
