Data;Godzina;Krajowe zapotrzebowanie na moc;Sumaryczna generacja JWCD;Generacja PI;Generacja IRZ;Sumaryczna generacja nJWCD;Krajowe saldo wymiany miêdzysystemowej równoleg³ej;Krajowe saldo wymiany miêdzysystemowej nierównoleg³ej
2020-06-22;1;13876,800;8566,225;70,100;120,813;3936,950;612,400;830,825
2020-06-22;2;13413,663;8703,638;181,650;120,938;3878,738;168,325;704,913
2020-06-22;3;13272,775;9155,713;-331,675;127,425;3724,038;-239,988;1025,063
2020-06-22;4;13304,025;9718,313;-681,475;191,588;3673,913;-465,788;1130,038
2020-06-22;5;13117,013;9793,488;-860,000;148,438;3734,288;-566,575;1135,438
2020-06-22;6;13772,038;9684,325;-597,300;130,375;3805,825;34,250;973,188
2020-06-22;7;16564,488;11233,638;6,313;188,025;3910,313;848,500;725,438
2020-06-22;8;18850,488;12310,175;197,050;228,387;3916,550;1602,850;1019,963
2020-06-22;9;20276,375;13120,050;459,100;259,925;4067,675;1903,988;1191,413
2020-06-22;10;21081,913;13375,675;356,075;324,500;4455,450;1964,963;1284,775
2020-06-22;11;21306,738;13328,900;224,625;250,763;4690,713;2002,425;1288,713
2020-06-22;12;21680,138;13902,225;217,325;230,463;4788,813;1856,375;1132,063
2020-06-22;13;21595,013;13660,588;319,913;230,025;4883,575;1783,513;1277,775
2020-06-22;14;21408,150;13523,013;295,938;229,975;5163,488;1483,363;1245,538
2020-06-22;15;21028,763;13117,925;312,513;230,175;5634,663;1155,163;1123,463
2020-06-22;16;20797,788;12582,838;313,325;229,900;5818,163;1127,250;1269,625
2020-06-22;17;20462,963;12460,850;297,775;229,875;5769,513;949,300;1289,063
2020-06-22;18;20111,538;11875,500;209,588;230,150;5766,750;1184,063;1288,900
2020-06-22;19;19778,713;11503,350;504,163;230,112;5555,738;1425,350;1289,450
2020-06-22;20;19964,513;11923,500;795,375;229,638;5198,175;1553,588;1290,613
2020-06-22;21;19835,663;12108,350;850,063;137,325;4882,188;1558,025;1288,850
2020-06-22;22;19485,050;11918,100;579,625;120,388;4809,900;1480,275;1287,350
2020-06-22;23;18562,163;10981,325;166,850;120,288;4865,325;1453,438;1275,963
2020-06-22;24;17250,975;10508,750;120,225;120,300;4921,650;767,538;1069,650
