Data;Godzina;Krajowe zapotrzebowanie na moc;Sumaryczna generacja JWCD;Generacja PI;Generacja IRZ;Sumaryczna generacja nJWCD;Krajowe saldo wymiany miêdzysystemowej równoleg³ej;Krajowe saldo wymiany miêdzysystemowej nierównoleg³ej
2020-10-23;1;17328,100;9272,113;-82,600;0,000;7718,313;-672,813;1101,863
2020-10-23;2;16808,863;9259,063;-504,113;0,000;7729,963;-776,800;1111,213
2020-10-23;3;16619,925;9210,463;-678,138;0,000;7764,500;-782,875;1114,800
2020-10-23;4;16580,963;9287,438;-676,025;0,000;7695,075;-747,813;1031,238
2020-10-23;5;16805,000;9610,213;-657,863;0,000;7535,988;-424,013;747,663
2020-10-23;6;17519,513;9996,000;-350,850;0,000;7463,638;37,888;378,475
2020-10-23;7;20028,488;11578,588;-26,200;0,000;7369,313;498,725;614,038
2020-10-23;8;21726,838;12627,525;18,550;0,000;7416,313;815,763;868,425
2020-10-23;9;22792,025;13043,300;50,188;0,000;7499,725;1108,088;1143,638
2020-10-23;10;23294,863;13518,938;460,238;0,000;7382,338;1313,100;1086,300
2020-10-23;11;23097,338;13206,175;442,100;0,000;7157,850;1577,688;1165,675
2020-10-23;12;23259,313;13322,988;166,738;0,000;6933,463;1894,900;1126,138
2020-10-23;13;23135,450;13564,600;33,213;0,000;6702,888;1749,513;1132,475
2020-10-23;14;22885,125;13469,500;15,263;0,000;6490,750;1707,075;1230,313
2020-10-23;15;22453,988;13241,013;-1,388;0,000;6118,088;1846,238;1264,950
2020-10-23;16;22221,613;13327,450;-6,225;0,000;5745,663;1830,663;1329,663
2020-10-23;17;22030,500;13601,763;-6,825;0,000;5463,238;1636,488;1345,163
2020-10-23;18;22499,038;13984,338;-6,300;0,000;5414,700;1767,388;1338,563
2020-10-23;19;23461,788;14812,513;208,000;0,000;5528,025;1791,050;1340,700
2020-10-23;20;23382,600;14651,363;238,488;0,000;5643,950;1753,550;1351,963
2020-10-23;21;22600,463;13962,438;163,663;0,000;5750,088;1551,950;1358,375
2020-10-23;22;21029,838;12252,900;13,250;0,000;5711,213;1748,488;1336,588
2020-10-23;23;19488,550;10696,600;-5,838;0,000;5577,988;1913,375;1321,163
2020-10-23;24;18221,750;9872,163;-10,638;0,000;5438,175;1618,463;1320,413
