Data;Godzina;Krajowe zapotrzebowanie na moc;Sumaryczna generacja JWCD;Generacja PI;Generacja IRZ;Sumaryczna generacja nJWCD;Krajowe saldo wymiany miêdzysystemowej równoleg³ej;Krajowe saldo wymiany miêdzysystemowej nierównoleg³ej
2020-05-15;1;15651,563;9281,500;-35,700;330,813;4661,625;894,038;858,375
2020-05-15;2;15006,663;9276,775;-194,175;330,800;4642,738;599,000;689,525
2020-05-15;3;14720,950;9284,975;-211,563;329,738;4652,388;384,363;613,775
2020-05-15;4;14710,563;9356,325;-329,638;330,938;4628,150;434,913;620,150
2020-05-15;5;14573,913;9205,400;-329,413;330,325;4548,938;429,613;724,313
2020-05-15;6;14642,013;9055,150;-312,038;330,700;4430,200;696,038;780,513
2020-05-15;7;16629,075;10379,100;-32,400;329,900;4398,063;1140,650;751,200
2020-05-15;8;18608,075;12251,750;-7,650;331,812;4326,000;1459,638;576,238
2020-05-15;9;19594,963;12908,538;-9,100;331,263;4642,125;1485,188;575,488
2020-05-15;10;19993,750;12729,975;69,763;330,900;5099,013;1445,400;739,513
2020-05-15;11;19858,988;12348,975;212,788;330,375;5284,825;1439,775;799,975
2020-05-15;12;20139,450;12956,875;276,475;332,487;5427,100;812,025;953,800
2020-05-15;13;20170,850;12836,063;169,113;367,488;5535,438;819,288;993,275
2020-05-15;14;19997,963;12442,750;162,038;371,400;5578,388;988,813;993,963
2020-05-15;15;19508,963;11904,775;173,925;369,438;5525,500;1092,000;993,675
2020-05-15;16;19181,225;11534,788;172,513;369,750;5434,450;1228,625;994,513
2020-05-15;17;18770,850;11192,088;170,813;370,550;5357,838;1234,450;996,163
2020-05-15;18;18274,388;10678,788;169,063;372,612;5356,825;1242,400;1010,075
2020-05-15;19;18161,700;10246,063;268,650;425,588;5247,588;1402,213;1271,338
2020-05-15;20;18490,938;10583,613;825,338;431,075;5133,575;1476,463;1298,538
2020-05-15;21;18840,613;11399,363;1048,200;431,550;5231,975;931,188;1284,450
2020-05-15;22;18795,025;11494,338;748,088;430,925;5507,138;893,950;910,950
2020-05-15;23;17612,850;10760,763;189,450;430,287;5608,975;464,675;800,325
2020-05-15;24;16338,175;9998,888;-8,888;430,825;5777,788;27,813;551,650
