Data;Godzina;Krajowe zapotrzebowanie na moc;Sumaryczna generacja JWCD;Generacja PI;Generacja IRZ;Sumaryczna generacja nJWCD;Krajowe saldo wymiany miêdzysystemowej równoleg³ej;Krajowe saldo wymiany miêdzysystemowej nierównoleg³ej
2020-11-13;1;17548,888;10664,075;-425,238;0,000;5858,263;731,650;730,575
2020-11-13;2;16975,663;11127,938;-916,513;0,000;5825,638;384,263;566,050
2020-11-13;3;16673,100;11153,950;-928,875;0,000;5866,300;-131,900;721,375
2020-11-13;4;16704,663;11082,788;-927,538;0,000;5914,850;2,013;642,775
2020-11-13;5;16966,613;10929,100;-924,913;0,000;5963,938;336,175;666,488
2020-11-13;6;17683,438;11054,825;-865,125;0,000;6048,563;629,688;820,388
2020-11-13;7;19839,450;12288,588;-99,950;0,000;6023,613;900,538;727,338
2020-11-13;8;21600,625;14024,163;-5,888;0,000;6204,188;1165,200;217,100
2020-11-13;9;22998,738;14953,375;12,200;0,000;6481,238;1335,450;247,200
2020-11-13;10;23523,063;15245,288;14,338;0,000;6546,638;1146,188;603,963
2020-11-13;11;23655,563;15545,825;14,513;0,000;6547,063;933,688;652,900
2020-11-13;12;23920,288;15955,550;44,575;0,000;6529,888;564,463;888,713
2020-11-13;13;23743,925;15829,775;174,575;0,000;6447,888;454,000;1037,250
2020-11-13;14;23576,913;15688,738;312,700;0,000;6311,913;581,638;1014,713
2020-11-13;15;23104,088;15471,175;159,688;0,000;6145,263;737,913;770,888
2020-11-13;16;23045,588;15675,488;-5,638;0,000;5971,913;746,750;664,963
2020-11-13;17;23839,475;16217,750;83,650;0,000;6060,250;987,238;586,225
2020-11-13;18;23806,275;16117,900;333,375;0,000;6292,738;985,975;421,163
2020-11-13;19;23454,175;15263,175;431,300;0,000;6488,900;1246,888;467,538
2020-11-13;20;23163,325;14573,063;200,700;0,000;6579,175;1263,200;754,938
2020-11-13;21;22446,875;13460,725;118,375;0,000;6738,025;1498,250;765,663
2020-11-13;22;20968,100;11694,650;125,888;0,000;6771,888;1448,025;1067,075
2020-11-13;23;19570,938;10319,338;37,925;0,000;6641,400;1333,700;1294,063
2020-11-13;24;18393,275;9421,575;-6,488;0,000;6380,975;1314,375;1296,338
