Data;Godzina;Krajowe zapotrzebowanie na moc;Sumaryczna generacja JWCD;Generacja PI;Generacja IRZ;Sumaryczna generacja nJWCD;Krajowe saldo wymiany miêdzysystemowej równoleg³ej;Krajowe saldo wymiany miêdzysystemowej nierównoleg³ej
2020-11-09;1;15515,963;9640,200;-12,200;0,000;4830,713;193,363;866,975
2020-11-09;2;15110,188;9614,138;-229,300;0,000;4886,238;221,013;627,113
2020-11-09;3;14995,700;9832,350;-637,275;0,000;4892,875;221,338;688,663
2020-11-09;4;15076,963;10298,963;-719,238;0,000;4940,263;-60,213;616,225
2020-11-09;5;15437,688;10743,638;-716,775;0,000;5054,563;-42,213;396,638
2020-11-09;6;16445,488;11104,413;-674,213;0,000;5120,875;41,350;853,138
2020-11-09;7;19147,163;12673,513;-53,738;0,000;5236,563;493,100;800,313
2020-11-09;8;21305,900;13825,163;-5,875;0,000;5418,000;1173,188;891,725
2020-11-09;9;22631,463;14394,963;12,175;0,000;5559,988;1564,425;1120,525
2020-11-09;10;23174,975;14608,138;14,650;0,000;5708,663;1541,500;1327,613
2020-11-09;11;23250,375;14603,763;14,400;0,000;5915,463;1413,475;1328,938
2020-11-09;12;23612,488;14877,913;14,438;0,000;5961,513;1446,288;1341,538
2020-11-09;13;23629,263;15038,638;14,200;0,000;5914,875;1371,450;1320,388
2020-11-09;14;23535,163;15019,063;87,638;0,000;5798,525;1406,088;1328,513
2020-11-09;15;23216,188;14912,250;27,250;0,000;5552,788;1586,075;1177,225
2020-11-09;16;23180,500;15081,513;316,975;0,000;5382,475;1622,213;1095,788
2020-11-09;17;23834,525;15784,750;390,850;0,000;5375,238;1588,200;1085,750
2020-11-09;18;23971,588;16203,988;776,163;0,000;5508,113;1324,788;927,513
2020-11-09;19;23600,363;15425,475;921,925;0,000;5593,375;1453,575;1124,963
2020-11-09;20;23332,638;14904,013;1073,013;0,000;5630,138;1508,525;1297,363
2020-11-09;21;22526,588;14037,088;909,825;0,000;5612,013;1559,613;1328,925
2020-11-09;22;21056,538;12687,050;231,600;0,000;5558,850;1501,775;1327,425
2020-11-09;23;19640,088;11241,700;-10,775;0,000;5448,038;1643,863;1322,300
2020-11-09;24;18362,050;10554,838;-318,538;0,000;5301,488;1510,988;1319,813
