Data;Godzina;Krajowe zapotrzebowanie na moc;Sumaryczna generacja JWCD;Generacja PI;Generacja IRZ;Sumaryczna generacja nJWCD;Krajowe saldo wymiany miêdzysystemowej równoleg³ej;Krajowe saldo wymiany miêdzysystemowej nierównoleg³ej
2020-02-24;1;15431,825;6177,675;-503,725;0,000;9596,350;-93,700;263,025
2020-02-24;2;15073,575;6201,200;-1066,425;0,000;9769,438;-91,050;262,138
2020-02-24;3;14970,638;6251,275;-1243,375;0,000;9761,650;-63,450;268,275
2020-02-24;4;15032,338;6397,013;-1407,100;0,000;9841,413;-308,600;510,988
2020-02-24;5;15501,438;7241,713;-1401,738;0,000;9786,200;-674,925;557,463
2020-02-24;6;16612,700;8142,475;-1260,463;0,000;9775,738;-536,038;494,300
2020-02-24;7;19399,150;9271,388;-249,450;0,000;9797,100;-142,738;730,838
2020-02-24;8;21586,388;10957,213;-32,150;0,000;9687,613;147,475;825,275
2020-02-24;9;22783,063;11592,150;11,425;0,000;9650,625;517,588;1034,613
2020-02-24;10;23133,363;12114,300;14,025;0,000;9619,663;587,713;822,650
2020-02-24;11;22896,713;11812,263;13,925;0,000;9518,563;706,625;872,575
2020-02-24;12;23086,538;11687,188;63,713;0,000;9395,038;798,638;1214,650
2020-02-24;13;23061,313;11898,475;275,413;0,000;9049,238;896,338;1235,000
2020-02-24;14;23079,000;12245,600;303,588;0,000;8734,588;783,425;1319,513
2020-02-24;15;22744,125;12262,950;111,938;0,000;8330,388;811,563;1340,225
2020-02-24;16;22579,263;12603,650;67,275;0,000;7830,725;808,325;1339,388
2020-02-24;17;22688,050;13223,763;321,025;0,000;7355,988;859,138;1249,988
2020-02-24;18;23557,925;14390,800;662,388;0,000;7024,813;901,050;1237,963
2020-02-24;19;23939,150;14700,963;777,825;0,000;7069,013;850,350;1317,725
2020-02-24;20;23836,888;14251,875;686,850;0,000;7237,638;1023,988;1326,363
2020-02-24;21;23145,713;13575,213;753,650;0,000;7451,063;863,400;1264,588
2020-02-24;22;21570,388;11973,950;379,550;0,000;7463,738;844,125;1301,463
2020-02-24;23;20163,638;10469,325;44,375;0,000;7510,825;873,838;1327,100
2020-02-24;24;18800,175;9697,913;-17,538;0,000;7355,013;648,550;1135,375
