Data;Godzina;Krajowe zapotrzebowanie na moc;Sumaryczna generacja JWCD;Generacja PI;Generacja IRZ;Sumaryczna generacja nJWCD;Krajowe saldo wymiany miêdzysystemowej równoleg³ej;Krajowe saldo wymiany miêdzysystemowej nierównoleg³ej
2020-01-22;1;18370,775;8913,938;-421,875;0,000;9821,713;-517,475;577,338
2020-01-22;2;17734,375;9036,463;-959,625;0,000;10054,200;-1114,938;724,763
2020-01-22;3;17416,538;8815,213;-1062,338;0,000;10124,350;-1193,225;738,400
2020-01-22;4;17590,163;9175,563;-1057,313;0,000;10126,288;-963,425;313,763
2020-01-22;5;17852,963;9470,300;-883,538;0,000;10115,650;-1147,238;309,588
2020-01-22;6;18695,375;9406,550;-815,150;0,000;10214,400;-629,338;528,888
2020-01-22;7;21329,538;11136,900;-349,163;0,000;10273,075;-599,638;877,475
2020-01-22;8;23322,475;13306,125;-27,225;0,000;10198,388;-1384,500;1238,700
2020-01-22;9;24169,350;13975,925;30,850;0,000;10064,138;-1164,263;1293,825
2020-01-22;10;24443,550;14119,988;268,863;0,000;9950,050;-951,450;1337,200
2020-01-22;11;24358,163;13905,825;108,375;0,000;9879,475;-749,175;1340,863
2020-01-22;12;24684,625;14123,713;90,475;0,000;9951,488;-715,313;1338,938
2020-01-22;13;24532,988;13921,388;8,400;0,000;9837,963;-544,625;1338,925
2020-01-22;14;24708,238;14340,800;-2,613;0,000;9697,138;-662,625;1338,413
2020-01-22;15;24255,925;14211,025;12,000;0,000;9322,863;-596,738;1321,588
2020-01-22;16;24050,050;14726,825;60,688;0,000;8891,138;-765,488;1204,388
2020-01-22;17;24594,100;14685,700;67,963;0,000;8938,088;-309,225;1279,013
2020-01-22;18;25084,363;15434,250;359,550;0,000;9045,013;-580,675;1191,475
2020-01-22;19;24769,900;15524,138;524,925;0,000;8931,338;-1013,075;1336,050
2020-01-22;20;24491,613;15128,350;335,388;0,000;8706,763;-666,738;1338,250
2020-01-22;21;23833,900;14734,388;173,463;0,000;8278,863;-505,675;1336,963
2020-01-22;22;22383,688;12748,513;-4,013;0,000;8102,550;200,238;1340,350
2020-01-22;23;20624,288;10747,150;-6,713;0,000;7840,088;713,663;1337,038
2020-01-22;24;19347,413;9907,850;-118,413;0,000;7590,075;677,863;1296,000
