Data;Godzina;Krajowe zapotrzebowanie na moc;Sumaryczna generacja JWCD;Generacja PI;Generacja IRZ;Sumaryczna generacja nJWCD;Krajowe saldo wymiany miêdzysystemowej równoleg³ej;Krajowe saldo wymiany miêdzysystemowej nierównoleg³ej
2020-06-16;1;15582,188;9872,250;-36,800;0,000;3058,263;1431,038;1260,763
2020-06-16;2;15023,013;9830,800;-381,763;0,000;2969,450;1360,713;1246,563
2020-06-16;3;14748,450;9916,438;-481,738;0,000;2995,663;1196,350;1121,850
2020-06-16;4;14621,150;9806,663;-480,788;0,000;3083,313;1096,563;1119,350
2020-06-16;5;14317,263;9759,988;-479,313;0,000;3170,613;563,738;1301,725
2020-06-16;6;14681,625;9801,175;-619,088;0,000;3266,250;921,675;1313,963
2020-06-16;7;17060,325;11112,875;-187,288;0,000;3429,738;1404,463;1299,975
2020-06-16;8;19184,313;13359,063;-7,100;0,000;3521,063;1268,213;1038,025
2020-06-16;9;20361,788;14520,925;72,813;0,000;3805,775;1160,700;882,538
2020-06-16;10;20890,050;14829,850;101,925;0,000;3991,038;1210,500;865,688
2020-06-16;11;20975,838;14869,413;81,200;0,000;4138,075;1366,250;614,275
2020-06-16;12;21434,113;15183,325;77,425;0,000;4105,025;1354,513;799,775
2020-06-16;13;21628,025;15341,588;6,775;0,000;4107,113;1350,688;834,038
2020-06-16;14;21375,950;15048,025;-3,375;0,000;4099,125;1311,838;932,613
2020-06-16;15;20837,338;14500,588;-3,025;0,000;4064,438;1331,225;955,650
2020-06-16;16;20639,963;14163,063;17,713;0,000;3908,175;1276,800;1298,175
2020-06-16;17;20275,613;14051,500;251,525;0,000;3658,375;1251,325;1317,238
2020-06-16;18;19981,788;13830,938;428,913;0,000;3386,600;1450,263;1314,763
2020-06-16;19;19774,225;13814,150;790,550;0,000;3178,863;1471,438;1314,150
2020-06-16;20;20008,425;14090,125;797,963;0,000;3124,038;1481,600;1314,163
2020-06-16;21;20066,363;14076,338;726,175;0,000;3129,013;1547,800;1317,163
2020-06-16;22;19808,500;13860,250;466,663;0,000;3170,375;1463,738;1316,338
2020-06-16;23;18698,050;12798,338;169,763;0,000;3130,588;1466,525;1314,650
2020-06-16;24;17295,463;11413,188;-8,300;0,000;3113,188;1465,613;1315,100
