Data;Godzina;Krajowe zapotrzebowanie na moc;Sumaryczna generacja JWCD;Generacja PI;Generacja IRZ;Sumaryczna generacja nJWCD;Krajowe saldo wymiany miêdzysystemowej równoleg³ej;Krajowe saldo wymiany miêdzysystemowej nierównoleg³ej
2020-05-02;1;12953,250;7896,550;-57,450;139,563;4620,363;208,188;290,163
2020-05-02;2;12438,575;7674,900;-58,288;130,100;4611,350;-99,525;305,900
2020-05-02;3;12177,200;7449,300;-9,675;130,750;4719,663;-125,825;147,663
2020-05-02;4;12067,450;7408,175;-9,650;131,075;4644,313;85,250;-59,775
2020-05-02;5;12034,963;7389,638;-33,388;130,750;4636,763;169,713;-127,738
2020-05-02;6;11725,900;7209,588;-204,025;130,650;4713,675;10,538;-4,375
2020-05-02;7;12363,013;7705,200;-179,813;130,725;4645,375;239,550;-49,225
2020-05-02;8;13346,863;8410,600;-9,100;131,663;4588,850;235,438;119,088
2020-05-02;9;14281,850;8469,400;-6,938;130,550;4680,075;920,450;218,838
2020-05-02;10;14871,838;8420,275;-5,638;130,363;4750,825;1202,738;503,625
2020-05-02;11;15243,213;8216,588;11,938;130,850;4967,938;1338,050;735,213
2020-05-02;12;15485,400;8120,038;15,350;130,525;5103,075;1397,113;871,225
2020-05-02;13;15534,600;8026,913;-3,050;131,163;5176,800;1433,738;903,125
2020-05-02;14;15449,275;7971,938;-5,738;130,813;5232,400;1341,025;902,963
2020-05-02;15;15208,250;7740,575;-5,688;135,563;5199,750;1374,800;892,513
2020-05-02;16;14896,200;7556,738;-5,788;227,138;5301,163;1203,613;836,100
2020-05-02;17;14642,900;7538,788;1,200;257,650;5113,750;1243,700;748,613
2020-05-02;18;14558,925;7548,700;117,188;260,500;4749,713;1458,550;805,438
2020-05-02;19;14785,350;7903,375;426,413;258,863;4453,375;1562,038;863,925
2020-05-02;20;15065,038;8631,200;706,050;259,287;4208,488;1313,338;908,125
2020-05-02;21;15721,725;9194,363;775,450;258,713;4190,063;1414,850;917,600
2020-05-02;22;15655,475;8755,113;690,363;258,912;4318,088;1509,713;1069,563
2020-05-02;23;14770,800;8123,588;664,650;258,900;4314,313;1426,825;913,125
2020-05-02;24;13678,925;7605,000;358,375;258,800;4394,413;960,400;722,025
