Data;Godzina;Krajowe zapotrzebowanie na moc;Sumaryczna generacja JWCD;Generacja PI;Generacja IRZ;Sumaryczna generacja nJWCD;Krajowe saldo wymiany miêdzysystemowej równoleg³ej;Krajowe saldo wymiany miêdzysystemowej nierównoleg³ej
2020-06-23;1;16046,838;10022,338;-216,838;120,475;4972,150;537,975;867,550
2020-06-23;2;15384,188;10177,800;-441,575;120,138;4845,300;117,988;825,313
2020-06-23;3;15051,475;10392,625;-606,050;120,613;4855,063;-147,363;692,750
2020-06-23;4;14943,300;10226,063;-604,288;120,300;4849,525;-137,225;747,450
2020-06-23;5;14635,800;10119,975;-602,388;120,825;4867,050;-182,863;571,838
2020-06-23;6;15041,325;10063,450;-542,850;120,550;4710,350;23,288;926,663
2020-06-23;7;17306,300;11516,875;7,425;121,088;4444,788;758,875;714,550
2020-06-23;8;19424,488;13160,650;124,700;120,575;4328,900;1217,700;728,800
2020-06-23;9;20637,838;14112,375;142,475;120,825;4521,100;1481,763;532,563
2020-06-23;10;21151,075;13735,550;105,525;120,863;5049,563;1691,825;685,625
2020-06-23;11;21262,263;13165,950;157,300;120,850;5596,275;1699,138;812,700
2020-06-23;12;21500,813;13154,188;116,575;85,750;5610,663;1817,188;930,938
2020-06-23;13;21597,550;13252,038;165,275;0,000;5613,363;1757,300;997,200
2020-06-23;14;21316,188;13071,350;232,125;0,000;5698,725;1465,888;1091,888
2020-06-23;15;20886,638;12643,300;58,400;0,000;5584,113;1559,513;1111,625
2020-06-23;16;20552,600;12425,150;84,850;0,000;5422,438;1436,525;1277,800
2020-06-23;17;20149,025;12270,338;152,000;0,000;5307,638;1298,438;1288,525
2020-06-23;18;19737,338;12165,000;155,663;0,000;4891,313;1463,700;1229,138
2020-06-23;19;19523,713;12551,538;310,350;0,000;4489,213;1502,838;985,325
2020-06-23;20;19574,863;12887,013;429,400;0,000;4009,200;1516,413;1170,425
2020-06-23;21;19756,913;13077,025;458,688;0,000;3862,863;1556,700;1271,913
2020-06-23;22;19447,088;13027,775;283,238;0,000;3856,213;1291,075;1291,013
2020-06-23;23;18607,563;11815,375;89,813;0,000;3872,663;1652,363;1294,088
2020-06-23;24;17152,888;10456,675;86,900;0,000;3798,738;1634,825;1284,875
