Data;Godzina;Krajowe zapotrzebowanie na moc;Sumaryczna generacja JWCD;Generacja PI;Generacja IRZ;Sumaryczna generacja nJWCD;Krajowe saldo wymiany miêdzysystemowej równoleg³ej;Krajowe saldo wymiany miêdzysystemowej nierównoleg³ej
2020-10-04;1;14776,000;7545,013;-170,138;0,000;6968,513;258,588;192,625
2020-10-04;2;14065,125;7835,163;-748,038;0,000;6720,450;80,638;185,250
2020-10-04;3;13715,600;7667,288;-797,263;0,000;6586,650;148,200;115,763
2020-10-04;4;13636,563;7531,325;-794,575;0,000;6592,325;308,150;-0,838
2020-10-04;5;13628,188;7690,525;-793,063;0,000;6358,800;381,000;-9,763
2020-10-04;6;13809,463;7940,638;-791,938;0,000;6212,350;447,588;6,775
2020-10-04;7;14004,000;7996,000;-679,763;0,000;6201,650;400,725;84,313
2020-10-04;8;14514,938;8141,013;-418,438;0,000;6203,250;394,525;196,963
2020-10-04;9;15485,575;8626,738;-234,700;0,000;6253,200;639,538;201,663
2020-10-04;10;16470,363;9368,850;-31,888;0,000;6164,175;635,575;341,963
2020-10-04;11;17025,875;9878,063;-6,150;0,000;6095,125;679,638;391,475
2020-10-04;12;17260,050;10180,438;273,900;0,000;6131,563;563,913;393,713
2020-10-04;13;17266,050;9864,363;114,800;0,000;6373,988;633,388;406,938
2020-10-04;14;17045,275;9271,825;-5,700;0,000;6510,725;836,813;461,125
2020-10-04;15;16530,888;8872,325;-6,238;0,000;6279,113;974,900;425,750
2020-10-04;16;15946,713;8170,625;-5,963;0,000;5992,750;1162,650;628,325
2020-10-04;17;15764,500;7902,575;-5,975;0,000;5760,238;1360,988;745,900
2020-10-04;18;15992,375;8441,275;-6,225;0,000;5395,950;1358,500;799,213
2020-10-04;19;17341,700;9281,700;-6,825;0,000;5482,225;1789,088;792,463
2020-10-04;20;18522,850;9993,800;72,225;0,000;6035,550;1700,000;801,813
2020-10-04;21;18153,713;9585,763;122,375;0,000;5908,563;1877,575;796,813
2020-10-04;22;16997,550;8913,013;371,550;0,000;5494,013;1801,025;797,975
2020-10-04;23;16213,450;8620,838;-6,300;0,000;5168,500;1632,050;796,675
2020-10-04;24;15232,525;8062,500;-5,863;0,000;4985,613;1433,450;763,250
