Data;Godzina;Krajowe zapotrzebowanie na moc;Sumaryczna generacja JWCD;Generacja PI;Generacja IRZ;Sumaryczna generacja nJWCD;Krajowe saldo wymiany miêdzysystemowej równoleg³ej;Krajowe saldo wymiany miêdzysystemowej nierównoleg³ej
2020-02-17;1;15360,675;6531,563;-775,975;0,000;9618,213;-174,500;167,625
2020-02-17;2;15016,238;6779,663;-1156,375;0,000;9651,050;-427,788;171,800
2020-02-17;3;14785,400;6592,150;-1198,350;0,000;9646,050;-418,963;165,725
2020-02-17;4;14846,838;6744,213;-1205,763;0,000;9573,900;-469,650;207,063
2020-02-17;5;15317,075;7233,813;-1320,725;0,000;9583,488;-526,063;359,688
2020-02-17;6;16541,350;8614,750;-1373,775;0,000;9464,925;-792,725;637,588
2020-02-17;7;19490,138;9782,100;-95,950;0,000;9500,638;-224,075;664,725
2020-02-17;8;21345,725;10890,650;157,863;0,000;9601,000;-93,525;952,450
2020-02-17;9;22311,750;10806,775;68,013;0,000;9738,563;654,588;1121,425
2020-02-17;10;22478,813;10812,788;70,000;0,000;9690,975;804,513;1190,575
2020-02-17;11;22187,150;10484,738;211,500;0,000;9725,625;736,463;1255,538
2020-02-17;12;22320,913;10745,575;469,100;0,000;9529,338;713,375;1337,488
2020-02-17;13;22597,063;10911,875;644,963;0,000;9443,525;888,500;1352,675
2020-02-17;14;22806,875;11726,688;627,388;0,000;8922,650;820,388;1344,538
2020-02-17;15;22550,250;11996,000;598,250;0,000;8440,500;771,350;1347,050
2020-02-17;16;22467,500;12086,538;550,575;0,000;8274,475;763,163;1351,438
2020-02-17;17;22522,838;12058,475;463,088;0,000;8325,550;787,700;1357,813
2020-02-17;18;23397,750;12793,838;357,925;0,000;8431,388;821,150;1358,963
2020-02-17;19;23637,713;12907,675;346,700;0,000;8621,463;743,163;1361,150
2020-02-17;20;23474,838;12609,500;410,013;0,000;8780,063;728,275;1358,150
2020-02-17;21;22798,488;11895,688;294,500;0,000;8816,975;745,088;1345,738
2020-02-17;22;21341,663;10390,950;159,525;0,000;8908,838;696,375;1351,888
2020-02-17;23;19782,650;9089,513;52,000;0,000;8746,438;615,900;1345,650
2020-02-17;24;18554,338;8282,575;-301,363;0,000;8736,963;555,500;1293,863
