Data;Godzina;Krajowe zapotrzebowanie na moc;Sumaryczna generacja JWCD;Generacja PI;Generacja IRZ;Sumaryczna generacja nJWCD;Krajowe saldo wymiany miêdzysystemowej równoleg³ej;Krajowe saldo wymiany miêdzysystemowej nierównoleg³ej
2020-10-08;1;16853,063;10392,175;-65,238;0,000;5366,075;639,713;526,325
2020-10-08;2;16304,813;10420,588;-6,350;0,000;5340,513;45,850;505,450
2020-10-08;3;16044,638;10178,375;-6,500;0,000;5280,275;82,913;510,550
2020-10-08;4;16065,300;10260,988;-6,350;0,000;5202,700;114,500;501,575
2020-10-08;5;16424,375;10601,813;-6,575;0,000;5243,588;83,963;510,838
2020-10-08;6;17139,663;10853,113;-6,575;0,000;5271,275;398,388;624,900
2020-10-08;7;19636,075;12787,900;-7,663;0,000;5281,875;774,263;798,688
2020-10-08;8;21486,950;13940,950;-7,500;0,000;5364,400;1385,463;806,000
2020-10-08;9;22554,675;14711,000;42,900;0,000;5553,725;1487,575;803,875
2020-10-08;10;22879,413;14980,063;244,238;0,000;5674,975;1430,250;814,275
2020-10-08;11;22693,738;14850,963;221,663;0,000;5734,875;1317,275;806,875
2020-10-08;12;22883,763;14983,700;207,975;0,000;5853,863;1252,938;810,513
2020-10-08;13;22856,025;14904,800;208,050;0,000;6061,475;1108,125;803,963
2020-10-08;14;22591,763;14485,763;247,225;0,000;6266,663;1048,175;805,500
2020-10-08;15;22108,175;14208,963;288,800;0,000;6144,638;955,725;801,463
2020-10-08;16;21915,525;14360,988;237,313;0,000;5961,425;798,550;799,763
2020-10-08;17;21716,450;14580,475;302,463;0,000;5576,263;771,550;798,038
2020-10-08;18;21650,313;14426,163;447,838;0,000;5519,300;905,388;804,225
2020-10-08;19;22803,963;14947,438;590,475;0,000;6097,300;955,963;807,125
2020-10-08;20;23518,400;15148,963;750,913;0,000;6683,875;889,800;803,063
2020-10-08;21;22826,038;13930,150;585,038;0,000;6979,300;1141,738;776,300
2020-10-08;22;21149,250;12555,400;375,263;0,000;7252,075;754,463;596,138
2020-10-08;23;19587,400;11501,663;86,200;0,000;7232,900;502,963;361,075
2020-10-08;24;18269,125;10910,525;-60,263;0,000;7184,238;38,013;203,475
