Data;Godzina;Krajowe zapotrzebowanie na moc;Sumaryczna generacja JWCD;Generacja PI;Generacja IRZ;Sumaryczna generacja nJWCD;Krajowe saldo wymiany miêdzysystemowej równoleg³ej;Krajowe saldo wymiany miêdzysystemowej nierównoleg³ej
2020-08-27;1;16072,563;9575,625;-377,138;0,000;6501,913;-50,388;429,700
2020-08-27;2;15557,713;9699,275;-982,963;0,000;6473,113;-68,113;440,013
2020-08-27;3;15203,713;9503,725;-1007,400;0,000;6449,013;-177,263;440,963
2020-08-27;4;15259,200;9663,850;-1120,775;0,000;6434,325;-382,263;666,913
2020-08-27;5;15442,838;9926,238;-1133,338;0,000;6378,838;-166,200;439,350
2020-08-27;6;15883,350;10317,763;-1175,013;0,000;6444,363;5,650;301,188
2020-08-27;7;17761,663;10851,713;-130,525;0,000;6527,400;209,063;311,250
2020-08-27;8;19782,700;12609,313;-3,900;0,000;6652,300;241,975;287,325
2020-08-27;9;21098,675;13892,813;-5,013;0,000;6836,000;665,875;-293,013
2020-08-27;10;21509,613;13810,038;-3,875;0,000;7087,400;793,900;-174,713
2020-08-27;11;21459,575;13600,650;30,175;0,000;7242,200;775,213;-147,988
2020-08-27;12;21903,100;14188,613;315,625;0,000;7303,375;781,838;-359,075
2020-08-27;13;21922,013;14024,250;338,488;0,000;7579,975;758,088;-430,900
2020-08-27;14;21690,288;13420,888;270,850;0,000;7783,900;804,163;-304,663
2020-08-27;15;21247,475;12671,800;19,450;0,000;7962,250;651,738;-30,663
2020-08-27;16;21028,663;11983,913;-4,275;0,000;7848,663;828,763;371,888
2020-08-27;17;20624,188;12312,388;-7,088;0,000;7273,663;568,638;475,888
2020-08-27;18;20429,063;14438,988;240,413;0,000;6489,800;-422,725;-62,700
2020-08-27;19;20331,313;15658,575;52,675;0,000;5907,038;-611,763;-615,350
2020-08-27;20;21043,838;16676,275;18,788;0,000;5753,450;-775,313;-606,300
2020-08-27;21;21680,238;16790,988;41,500;0,000;5528,163;-636,425;5,675
2020-08-27;22;20319,138;14780,600;-0,838;0,000;5188,775;-165,588;528,288
2020-08-27;23;18487,688;12076,775;-7,375;0,000;4918,825;685,863;823,063
2020-08-27;24;17117,463;10555,313;-7,400;0,000;4551,763;813,688;1217,700
