Data;Godzina;Krajowe zapotrzebowanie na moc;Sumaryczna generacja JWCD;Generacja PI;Generacja IRZ;Sumaryczna generacja nJWCD;Krajowe saldo wymiany miêdzysystemowej równoleg³ej;Krajowe saldo wymiany miêdzysystemowej nierównoleg³ej
2020-03-20;1;16824,738;9450,613;-41,475;0,000;5245,463;1183,300;990,950
2020-03-20;2;16182,113;9570,763;-195,025;0,000;5180,600;850,313;775,650
2020-03-20;3;16065,363;10139,525;-461,200;0,000;5209,250;389,588;789,475
2020-03-20;4;16031,175;10209,863;-854,388;0,000;5183,413;724,263;774,975
2020-03-20;5;16298,550;9779,950;-773,675;0,000;5204,725;1205,863;887,688
2020-03-20;6;16504,400;9697,200;-555,050;0,000;5181,138;1426,038;760,500
2020-03-20;7;18180,225;10803,400;-28,613;0,000;5262,350;1454,425;691,188
2020-03-20;8;20160,463;12841,338;-5,975;0,000;5262,725;1518,738;551,575
2020-03-20;9;21115,550;13572,788;211,263;0,000;5256,150;1531,588;762,275
2020-03-20;10;21261,300;13271,400;372,463;0,000;5330,738;1579,850;1092,113
2020-03-20;11;21008,150;12989,450;446,600;0,000;5349,825;1352,975;1321,375
2020-03-20;12;21296,525;13079,063;332,413;0,000;5436,113;1448,300;1333,850
2020-03-20;13;21345,475;13042,963;301,313;0,000;5474,838;1516,688;1320,700
2020-03-20;14;21476,888;13241,588;421,363;0,000;5494,088;1418,000;1333,025
2020-03-20;15;21171,125;12759,888;245,213;0,000;5586,963;1497,788;1334,975
2020-03-20;16;20851,188;12214,550;51,213;0,000;5809,088;1500,863;1334,588
2020-03-20;17;20675,000;11945,613;-6,063;0,000;5935,050;1480,075;1325,463
2020-03-20;18;20797,050;12283,913;12,188;0,000;6014,725;1335,225;1167,675
2020-03-20;19;21892,325;12979,088;112,413;0,000;6532,575;1396,700;987,138
2020-03-20;20;21959,175;12645,063;322,288;0,000;6515,825;1494,100;1314,175
2020-03-20;21;21070,550;11859,638;420,600;0,000;6446,888;1438,613;1336,063
2020-03-20;22;19694,575;10363,025;242,100;0,000;6605,388;1441,913;1294,825
2020-03-20;23;18515,500;8968,638;1,000;0,000;6804,250;1425,900;1330,350
2020-03-20;24;17458,050;8919,988;-10,088;0,000;6729,138;789,913;1036,550
