Data;Godzina;Krajowe zapotrzebowanie na moc;Sumaryczna generacja JWCD;Generacja PI;Generacja IRZ;Sumaryczna generacja nJWCD;Krajowe saldo wymiany miêdzysystemowej równoleg³ej;Krajowe saldo wymiany miêdzysystemowej nierównoleg³ej
2020-06-01;1;13411,025;7115,525;-97,900;0,000;5507,913;474,163;413,838
2020-06-01;2;12963,525;7366,313;-330,488;0,000;5283,750;139,575;512,463
2020-06-01;3;12694,550;7358,850;-547,238;0,000;5277,438;325,125;283,900
2020-06-01;4;12604,538;7628,138;-686,525;0,000;5328,300;81,025;254,738
2020-06-01;5;12552,263;7637,013;-723,850;0,000;5301,150;209,000;129,263
2020-06-01;6;13211,300;8103,913;-703,113;0,000;5102,013;391,600;323,638
2020-06-01;7;15907,775;10052,450;55,950;0,000;4606,363;844,550;461,863
2020-06-01;8;18189,075;11833,450;247,338;0,000;4343,338;1208,263;804,363
2020-06-01;9;19455,375;12601,213;161,200;0,000;4565,025;1306,275;987,438
2020-06-01;10;20012,838;12160,350;53,725;0,000;5364,550;1462,388;1038,188
2020-06-01;11;19897,563;11210,050;71,263;0,000;6235,450;1366,463;1094,063
2020-06-01;12;20241,538;10905,075;21,425;0,000;6722,288;1443,025;1179,388
2020-06-01;13;20199,563;10659,625;-3,088;0,000;6896,750;1475,088;1183,113
2020-06-01;14;19863,025;10359,800;-5,663;0,000;6846,225;1458,700;1207,050
2020-06-01;15;19427,663;10004,500;-6,675;0,000;6813,525;1434,075;1179,888
2020-06-01;16;19130,338;9847,700;-4,938;0,000;6571,513;1463,788;1250,563
2020-06-01;17;18898,088;9863,775;-2,600;0,000;6330,275;1443,725;1257,588
2020-06-01;18;18563,425;10035,063;-2,650;0,000;5861,225;1411,925;1252,413
2020-06-01;19;18420,250;10532,850;75,813;0,000;5319,500;1306,725;1261,200
2020-06-01;20;18886,175;11353,413;104,300;0,000;4770,638;1501,550;1264,375
2020-06-01;21;19099,650;11834,250;97,575;0,000;4365,463;1634,613;1266,500
2020-06-01;22;19137,075;11726,725;60,400;0,000;4435,125;1718,188;1264,363
2020-06-01;23;17999,188;10566,613;-0,050;0,000;4500,163;1680,025;1264,088
2020-06-01;24;16628,500;9307,738;-8,813;0,000;4446,475;1655,125;1231,500
