Data;Godzina;Krajowe zapotrzebowanie na moc;Sumaryczna generacja JWCD;Generacja PI;Generacja IRZ;Sumaryczna generacja nJWCD;Krajowe saldo wymiany miêdzysystemowej równoleg³ej;Krajowe saldo wymiany miêdzysystemowej nierównoleg³ej
2020-08-16;1;13550,838;8406,100;-12,450;0,000;4126,275;535,650;506,350
2020-08-16;2;12976,425;8339,525;-139,850;0,000;4018,888;285,950;479,288
2020-08-16;3;12700,275;8702,400;-265,238;0,000;3941,350;109,388;217,588
2020-08-16;4;12530,763;8716,088;-347,188;0,000;3847,263;123,100;195,450
2020-08-16;5;12461,288;8848,038;-346,413;0,000;3758,825;8,325;195,550
2020-08-16;6;12085,150;8542,175;-346,038;0,000;3737,700;-52,775;208,838
2020-08-16;7;12371,275;8453,125;-329,163;0,000;3830,588;72,175;353,438
2020-08-16;8;13233,575;8318,488;-137,613;0,000;4032,663;454,388;570,538
2020-08-16;9;14163,700;8585,825;-10,325;0,000;4089,650;733,475;771,063
2020-08-16;10;15034,738;8748,125;-8,213;0,000;4414,538;919,288;969,325
2020-08-16;11;15444,150;8481,150;-7,125;0,000;4960,275;959,713;1065,300
2020-08-16;12;15611,825;8395,425;11,025;0,000;5223,038;930,563;1075,113
2020-08-16;13;15683,063;8253,988;-4,300;0,000;5455,938;905,788;1074,863
2020-08-16;14;15719,200;8269,075;54,950;0,000;5522,275;944,475;997,475
2020-08-16;15;15416,575;8253,613;157,013;0,000;5339,813;979,975;859,863
2020-08-16;16;15206,888;8430,400;155,925;0,000;5013,088;919,488;858,625
2020-08-16;17;15130,263;8680,175;13,313;0,000;4640,088;833,363;990,550
2020-08-16;18;15199,913;8885,475;-6,988;0,000;4289,738;1162,438;878,600
2020-08-16;19;15611,175;9409,613;103,463;0,000;3980,175;1371,638;861,063
2020-08-16;20;15968,788;9843,500;125,963;0,000;3892,625;1368,663;873,650
2020-08-16;21;16761,913;10187,663;71,700;0,000;4224,513;1489,250;875,388
2020-08-16;22;16637,413;9677,238;2,975;0,000;4435,788;1651,488;889,288
2020-08-16;23;15753,300;8959,475;-6,963;0,000;4377,638;1382,400;1049,063
2020-08-16;24;14699,663;8652,813;-7,800;0,000;4303,450;875,438;885,475
