Data;Godzina;Krajowe zapotrzebowanie na moc;Sumaryczna generacja JWCD;Generacja PI;Generacja IRZ;Sumaryczna generacja nJWCD;Krajowe saldo wymiany miêdzysystemowej równoleg³ej;Krajowe saldo wymiany miêdzysystemowej nierównoleg³ej
2020-09-15;1;16438,963;11832,200;-427,488;0,000;3993,550;497,325;553,225
2020-09-15;2;15912,100;11958,775;-661,000;0,000;3990,063;306,038;324,138
2020-09-15;3;15634,613;11680,388;-658,700;0,000;3980,488;366,963;268,888
2020-09-15;4;15624,388;11813,688;-657,038;0,000;4011,413;291,525;171,775
2020-09-15;5;15874,013;11929,275;-654,763;2,525;4098,213;320,125;188,288
2020-09-15;6;16517,088;12080,813;-580,850;34,088;4143,125;506,638;369,400
2020-09-15;7;18606,675;13314,488;-48,450;90,075;4363,563;451,188;522,288
2020-09-15;8;20709,350;16213,550;-6,900;121,475;4749,263;-328,475;77,375
2020-09-15;9;21621,675;16721,613;-6,713;121,313;5197,088;-372,363;89,188
2020-09-15;10;22007,275;16250,450;-6,525;121,238;5223,788;429,538;114,438
2020-09-15;11;21969,250;16048,525;28,850;120,975;5112,525;724,550;98,863
2020-09-15;12;22083,763;15720,350;156,538;121,125;5162,663;1132,450;75,013
2020-09-15;13;22229,913;15974,988;256,513;120,775;5171,688;965,863;120,450
2020-09-15;14;22103,738;15481,988;303,350;138,363;5149,288;930,288;548,588
2020-09-15;15;21706,338;14779,850;358,850;219,450;5039,100;956,150;928,600
2020-09-15;16;21704,063;15528,513;437,188;230,088;4868,200;374,213;926,300
2020-09-15;17;21720,600;16631,788;264,800;230,412;4622,838;90,113;375,325
2020-09-15;18;21511,213;17293,200;208,538;229,812;4360,350;-281,225;144,163
2020-09-15;19;21497,725;17583,538;205,950;235,675;4512,900;-640,338;44,675
2020-09-15;20;22961,388;18198,275;273,488;291,475;5141,288;-549,138;164,825
2020-09-15;21;22781,238;17055,263;73,038;236,475;5930,575;-600,500;410,550
2020-09-15;22;20860,963;14820,763;-59,725;124,238;6314,275;-510,388;313,675
2020-09-15;23;19026,163;12667,750;-76,863;109,338;6359,363;-351,538;438,038
2020-09-15;24;17597,713;11039,275;-77,263;108,838;6435,838;-140,525;350,088
