Data;Godzina;Krajowe zapotrzebowanie na moc;Sumaryczna generacja JWCD;Generacja PI;Generacja IRZ;Sumaryczna generacja nJWCD;Krajowe saldo wymiany miêdzysystemowej równoleg³ej;Krajowe saldo wymiany miêdzysystemowej nierównoleg³ej
2020-09-16;1;16571,175;10447,938;-188,000;12,375;6404,788;-515,063;430,000
2020-09-16;2;15898,275;10447,100;-488,650;0,000;6136,050;-661,700;471,525
2020-09-16;3;15725,875;10536,350;-659,113;0,000;5822,400;-436,638;471,188
2020-09-16;4;15698,263;10789,288;-741,988;0,000;5530,838;-345,938;472,488
2020-09-16;5;15999,563;11261,425;-739,775;0,000;5251,388;-252,788;483,875
2020-09-16;6;16676,625;11681,763;-695,638;0,000;5106,425;-6,638;599,475
2020-09-16;7;18704,050;12846,488;-193,238;0,000;5125,725;281,238;649,075
2020-09-16;8;20761,475;15273,263;-70,500;0,000;5359,913;-203,813;405,875
2020-09-16;9;21795,475;15559,400;-70,525;0,000;5411,088;409,600;488,838
2020-09-16;10;22255,400;15159,650;-45,088;0,000;5241,925;895,813;1030,663
2020-09-16;11;22148,875;14549,275;-49,525;0,000;5355,713;1258,238;1062,750
2020-09-16;12;22538,150;14507,125;91,513;0,000;5647,588;1340,075;1064,175
2020-09-16;13;22710,825;14643,675;132,675;0,000;5836,275;1174,063;1062,225
2020-09-16;14;22508,363;14087,800;152,700;0,000;5974,613;1392,925;1055,725
2020-09-16;15;22190,600;13836,788;190,288;0,000;5880,238;1421,438;1052,400
2020-09-16;16;22152,825;14279,838;323,663;0,000;5575,425;1253,888;1048,550
2020-09-16;17;21825,338;14308,713;395,775;0,000;5126,525;1336,813;1060,213
2020-09-16;18;21449,913;14416,950;635,150;0,000;4747,538;1226,138;1061,563
2020-09-16;19;21514,725;14614,588;628,200;0,000;4803,613;1045,975;1063,475
2020-09-16;20;22945,763;15511,638;700,088;0,000;5305,688;1075,263;1060,763
2020-09-16;21;22690,238;14504,625;695,688;0,000;5815,625;1317,250;1062,688
2020-09-16;22;20790,788;13310,063;872,950;0,000;5867,450;568,488;1060,513
2020-09-16;23;19081,463;11903,775;368,263;0,000;5947,650;189,500;1056,375
2020-09-16;24;17747,325;10988,788;33,900;0,000;6106,413;-263,475;930,888
