Data;Godzina;Krajowe zapotrzebowanie na moc;Sumaryczna generacja JWCD;Generacja PI;Generacja IRZ;Sumaryczna generacja nJWCD;Krajowe saldo wymiany miêdzysystemowej równoleg³ej;Krajowe saldo wymiany miêdzysystemowej nierównoleg³ej
2020-02-19;1;17814,863;9315,988;-954,588;0,000;9148,388;-105,338;412,338
2020-02-19;2;17197,750;9090,550;-1110,238;0,000;8981,513;-149,050;391,013
2020-02-19;3;16887,675;8769,313;-1106,725;0,000;9014,338;-228,575;443,738
2020-02-19;4;16994,413;8827,188;-1053,288;0,000;8980,113;-157,663;404,400
2020-02-19;5;17318,200;8806,250;-762,400;0,000;9018,575;-121,150;386,875
2020-02-19;6;18144,375;9054,175;-377,613;0,000;9074,850;33,275;364,775
2020-02-19;7;20502,075;10470,413;59,938;0,000;9286,563;161,050;596,425
2020-02-19;8;22210,813;11685,150;-3,475;0,000;9224,025;431,850;876,313
2020-02-19;9;22990,975;12148,438;14,463;0,000;9094,163;559,963;1190,075
2020-02-19;10;23072,250;12208,200;16,563;0,000;8774,363;823,538;1275,363
2020-02-19;11;22726,663;12229,638;16,775;0,000;8535,613;782,513;1189,638
2020-02-19;12;22793,825;12496,713;16,650;0,000;8234,500;706,200;1364,313
2020-02-19;13;22885,713;12708,825;-0,950;0,000;8019,938;790,200;1374,388
2020-02-19;14;23074,313;12984,663;-3,500;0,000;7984,825;764,875;1345,050
2020-02-19;15;22845,675;12585,600;-3,300;0,000;8149,063;830,113;1278,350
2020-02-19;16;22769,250;12387,275;-3,225;0,000;8233,625;781,750;1361,238
2020-02-19;17;22800,563;12719,750;48,800;0,000;8091,550;782,900;1199,325
2020-02-19;18;23835,825;13274,938;370,488;0,000;8412,050;938,700;1208,075
2020-02-19;19;23846,513;13020,163;380,475;0,000;8376,475;1166,775;1287,600
2020-02-19;20;23839,063;13074,325;379,238;0,000;8253,838;1156,063;1355,163
2020-02-19;21;23231,450;12708,413;111,825;0,000;8301,350;861,938;1366,913
2020-02-19;22;21658,863;11593,525;-3,500;0,000;7952,200;770,663;1356,900
2020-02-19;23;20150,700;10072,413;-7,063;0,000;7814,588;909,413;1372,763
2020-02-19;24;18870,850;9244,750;-31,663;0,000;7633,225;708,325;1333,550
