Data;Godzina;Krajowe zapotrzebowanie na moc;Sumaryczna generacja JWCD;Generacja PI;Generacja IRZ;Sumaryczna generacja nJWCD;Krajowe saldo wymiany miêdzysystemowej równoleg³ej;Krajowe saldo wymiany miêdzysystemowej nierównoleg³ej
2020-08-18;1;16184,963;10294,050;-858,875;0,000;4181,175;1427,125;1152,713
2020-08-18;2;15686,538;10458,388;-999,688;0,000;4131,300;1175,550;926,350
2020-08-18;3;15366,363;10568,875;-996,488;0,000;4152,538;862,488;782,963
2020-08-18;4;15267,188;10461,788;-1009,575;0,000;4084,475;897,088;838,738
2020-08-18;5;15434,075;10319,850;-1121,713;0,000;3980,925;1255,463;1000,113
2020-08-18;6;15524,013;10227,288;-918,650;0,000;3966,213;1236,738;1016,838
2020-08-18;7;17548,475;11215,425;-145,825;0,000;4009,875;1666,813;803,188
2020-08-18;8;19735,813;13849,875;-6,700;0,000;4001,500;1768,675;122,413
2020-08-18;9;21145,388;15517,750;145,838;0,000;3948,700;1636,038;55,400
2020-08-18;10;21804,838;16194,150;165,263;0,000;4060,125;1456,650;105,563
2020-08-18;11;21929,088;16315,375;167,713;0,000;4299,888;1132,363;190,650
2020-08-18;12;22360,850;16733,263;274,313;0,000;4577,525;852,638;198,500
2020-08-18;13;22623,413;16880,450;347,438;0,000;4722,000;833,750;198,163
2020-08-18;14;22521,850;16834,938;556,025;0,000;4760,113;740,263;197,263
2020-08-18;15;22009,763;16370,738;276,025;0,000;4706,775;737,913;197,425
2020-08-18;16;21708,288;16157,488;200,250;0,000;4577,700;762,650;217,588
2020-08-18;17;21323,400;15706,850;156,513;0,000;4480,438;773,213;370,050
2020-08-18;18;21057,563;15773,538;131,425;0,000;4265,063;872,063;155,888
2020-08-18;19;20777,013;15120,963;-10,113;0,000;4086,900;1205,038;366,250
2020-08-18;20;21147,150;15253,550;6,438;0,000;3842,375;1443,588;607,125
2020-08-18;21;21661,913;15356,525;122,075;0,000;3890,788;1381,788;1044,175
2020-08-18;22;20605,438;14239,025;85,188;0,000;3927,763;1365,875;1081,588
2020-08-18;23;18950,938;12361,775;-4,313;0,000;3881,500;1544,825;1173,700
2020-08-18;24;17453,300;10997,463;-5,338;0,000;3844,813;1466,588;1160,375
