Data;Godzina;Krajowe zapotrzebowanie na moc;Sumaryczna generacja JWCD;Generacja PI;Generacja IRZ;Sumaryczna generacja nJWCD;Krajowe saldo wymiany miêdzysystemowej równoleg³ej;Krajowe saldo wymiany miêdzysystemowej nierównoleg³ej
2020-06-29;1;14455,875;9861,775;-147,513;0,000;3247,838;881,600;624,525
2020-06-29;2;13918,225;9987,975;-355,213;0,000;3198,050;595,575;500,475
2020-06-29;3;13593,050;10021,363;-499,238;0,000;3092,888;484,713;499,925
2020-06-29;4;13548,475;9987,913;-675,625;0,000;3199,025;542,538;501,025
2020-06-29;5;13307,538;9733,775;-683,438;0,000;3288,263;481,563;496,225
2020-06-29;6;14113,225;10183,113;-693,800;0,000;3326,138;729,475;574,075
2020-06-29;7;16869,750;11929,438;-110,000;0,000;3325,350;784,013;963,675
2020-06-29;8;19252,025;13848,413;129,425;0,000;3456,763;850,038;1110,113
2020-06-29;9;20702,175;14691,625;28,238;0,000;3629,125;1114,025;1280,375
2020-06-29;10;21561,588;15465,675;186,600;0,000;3787,875;1030,125;1288,788
2020-06-29;11;21828,125;16013,700;345,988;0,000;3859,350;676,663;1288,963
2020-06-29;12;22256,750;16434,388;207,550;0,000;3745,775;803,838;1289,250
2020-06-29;13;22344,775;16754,363;338,763;0,000;3700,488;631,013;1285,063
2020-06-29;14;22181,600;16772,950;643,700;0,000;3670,325;457,088;1289,913
2020-06-29;15;21637,988;15880,638;31,175;0,000;3740,025;741,213;1288,375
2020-06-29;16;21431,775;15401,688;-7,363;47,337;3739,450;1014,950;1287,050
2020-06-29;17;20980,213;14925,888;-7,488;107,913;3735,275;1056,313;1286,588
2020-06-29;18;20364,463;14270,700;63,600;120,925;3698,000;1126,163;1287,125
2020-06-29;19;19998,538;13661,525;90,938;120,838;3687,088;1373,975;1287,650
2020-06-29;20;20040,388;13675,175;93,800;120,838;3657,488;1440,325;1286,625
2020-06-29;21;19808,188;13513,788;76,025;121,088;3675,088;1343,788;1285,613
2020-06-29;22;19432,463;13120,700;2,213;121,225;3710,913;1329,175;1286,875
2020-06-29;23;18384,900;11988,663;-10,075;120,913;3747,625;1384,800;1287,088
2020-06-29;24;16970,588;10430,638;-10,125;120,788;3832,788;1478,263;1262,863
