Data;Godzina;Krajowe zapotrzebowanie na moc;Sumaryczna generacja JWCD;Generacja PI;Generacja IRZ;Sumaryczna generacja nJWCD;Krajowe saldo wymiany miêdzysystemowej równoleg³ej;Krajowe saldo wymiany miêdzysystemowej nierównoleg³ej
2020-08-24;1;14149,113;9085,675;-26,963;0,000;4508,513;340,225;248,475
2020-08-24;2;13643,238;9123,538;-372,075;0,000;4510,163;189,413;195,625
2020-08-24;3;13372,863;9138,988;-641,863;0,000;4419,738;268,225;195,050
2020-08-24;4;13357,863;9282,875;-662,488;0,000;4427,775;115,425;194,838
2020-08-24;5;13767,888;9603,513;-716,388;0,000;4628,250;56,525;197,538
2020-08-24;6;14299,188;10049,050;-648,900;0,000;4604,875;99,025;198,325
2020-08-24;7;16626,163;11399,350;-168,750;0,000;4638,763;388,513;373,338
2020-08-24;8;19143,613;13794,263;-7,550;0,000;4715,675;805,563;-161,100
2020-08-24;9;20537,663;15030,663;-7,938;0,000;4877,900;847,875;-209,650
2020-08-24;10;21174,375;14776,313;-5,675;0,000;5267,250;1289,325;-141,463
2020-08-24;11;21193,100;14806,100;13,713;0,000;5630,813;920,200;-146,900
2020-08-24;12;21654,900;14610,613;42,488;0,000;5950,375;980,175;123,775
2020-08-24;13;21626,175;14521,750;63,175;0,000;5966,875;803,763;337,825
2020-08-24;14;21575,088;14384,275;271,175;0,000;5933,488;806,625;457,763
2020-08-24;15;21153,850;13981,438;391,213;0,000;5622,988;784,725;772,838
2020-08-24;16;20935,625;14022,325;306,000;0,000;5199,738;762,288;960,363
2020-08-24;17;20610,825;13891,850;-4,138;0,000;4817,988;797,363;1114,200
2020-08-24;18;20374,900;14365,625;56,938;0,000;4318,125;804,013;894,550
2020-08-24;19;20132,950;14461,938;297,825;0,000;4012,700;1032,863;624,175
2020-08-24;20;20599,913;14894,825;312,838;0,000;3890,063;1070,175;744,975
2020-08-24;21;21470,400;15419,700;303,075;0,000;3887,538;1251,163;914,113
2020-08-24;22;20169,713;14114,038;238,900;0,000;3846,825;1365,663;840,638
2020-08-24;23;18359,163;11415,688;-6,600;0,000;4042,163;1687,688;1231,575
2020-08-24;24;16961,263;10188,288;-8,413;0,000;4269,675;1407,438;1115,388
