Data;Godzina;Krajowe zapotrzebowanie na moc;Sumaryczna generacja JWCD;Generacja PI;Generacja IRZ;Sumaryczna generacja nJWCD;Krajowe saldo wymiany miêdzysystemowej równoleg³ej;Krajowe saldo wymiany miêdzysystemowej nierównoleg³ej
2020-04-23;1;15403,875;8778,250;-100,438;0,000;4781,013;1045,100;900,113
2020-04-23;2;14924,513;8974,150;-271,225;0,000;4658,225;777,313;792,588
2020-04-23;3;14637,588;8974,825;-281,588;0,000;4549,750;700,250;698,025
2020-04-23;4;14622,738;9003,125;-280,238;0,000;4510,388;594,963;796,713
2020-04-23;5;14765,938;8990,813;-446,838;0,000;4420,138;880,463;929,375
2020-04-23;6;14709,850;8746,463;-584,963;0,000;4406,375;1105,550;1040,638
2020-04-23;7;16663,963;10349,638;-227,725;0,000;4532,125;1311,400;706,388
2020-04-23;8;18636,463;12158,388;11,338;0,000;4761,338;1130,425;592,513
2020-04-23;9;19703,463;12284,775;31,388;0,000;5015,425;1500,050;914,375
2020-04-23;10;19976,513;11791,713;-5,550;0,000;5336,900;1721,175;1143,088
2020-04-23;11;19928,725;11740,400;12,288;0,000;5549,488;1498,163;1152,863
2020-04-23;12;20106,288;11540,663;14,550;0,000;5775,313;1529,725;1261,975
2020-04-23;13;19934,738;11334,263;-2,463;0,000;5898,613;1414,213;1298,263
2020-04-23;14;19618,625;11067,100;190,900;0,000;5781,525;1585,088;1197,263
2020-04-23;15;19080,100;10805,113;217,300;0,000;5611,038;1379,200;1293,075
2020-04-23;16;18773,250;10760,238;208,013;0,000;5334,550;1380,125;1303,638
2020-04-23;17;18321,700;10832,213;207,713;0,000;4980,663;1247,738;1266,238
2020-04-23;18;18137,250;10754,600;207,788;0,000;4686,600;1397,050;1303,675
2020-04-23;19;18236,850;11644,875;245,850;0,000;4447,263;850,563;1299,275
2020-04-23;20;18886,563;13674,150;314,238;0,000;4428,538;-477,213;1272,225
2020-04-23;21;19988,900;14084,150;217,975;0,000;4611,638;-3,538;1302,200
2020-04-23;22;19030,525;12544,338;16,800;0,000;4527,288;665,563;1303,963
2020-04-23;23;17590,450;10583,200;-8,925;0,000;4428,363;1293,625;1306,988
2020-04-23;24;16488,725;9526,100;-9,675;0,000;4412,588;1287,838;1279,425
