Data;Godzina;Krajowe zapotrzebowanie na moc;Sumaryczna generacja JWCD;Generacja PI;Generacja IRZ;Sumaryczna generacja nJWCD;Krajowe saldo wymiany miêdzysystemowej równoleg³ej;Krajowe saldo wymiany miêdzysystemowej nierównoleg³ej
2020-10-14;1;17403,263;7610,825;-152,563;0,000;9695,900;36,413;219,750
2020-10-14;2;16936,650;7908,788;-886,250;0,000;9728,450;-22,663;218,188
2020-10-14;3;16607,475;8095,263;-1131,150;0,000;9669,288;-237,450;218,900
2020-10-14;4;16630,175;8141,150;-1127,713;0,000;9525,413;-116,513;218,688
2020-10-14;5;16879,200;8368,100;-1122,963;0,000;9501,825;-80,788;220,300
2020-10-14;6;17637,813;8975,350;-1085,988;0,000;9547,600;-16,150;228,225
2020-10-14;7;19888,050;9877,650;-292,138;0,000;9589,188;383,025;329,075
2020-10-14;8;21608,738;10997,763;-4,100;0,000;9634,063;588,213;387,488
2020-10-14;9;22905,800;11871,438;-4,650;0,000;9569,775;988,238;477,363
2020-10-14;10;23568,575;12241,300;-4,025;0,000;9526,175;1292,775;512,563
2020-10-14;11;23869,075;12818,525;36,738;0,000;9382,763;1156,638;517,713
2020-10-14;12;24213,750;13405,100;134,463;0,000;9216,163;1089,288;514,113
2020-10-14;13;24253,425;13313,750;-3,850;0,000;9081,950;1365,800;514,388
2020-10-14;14;24144,725;13667,700;78,525;0,000;8739,963;1241,525;511,400
2020-10-14;15;23520,950;13351,400;-3,700;0,000;8344,900;1320,663;513,225
2020-10-14;16;23154,425;13324,738;-3,750;0,000;7902,300;1411,263;519,963
2020-10-14;17;22802,625;13575,925;140,638;0,000;7473,913;1160,838;607,163
2020-10-14;18;22748,113;13724,488;416,725;0,000;7243,200;1163,500;621,863
2020-10-14;19;23652,400;14435,713;761,225;0,000;7126,125;1370,513;714,725
2020-10-14;20;23799,525;14699,600;789,650;0,000;7004,850;1388,063;714,863
2020-10-14;21;23131,763;14014,188;710,700;0,000;6942,363;1467,363;712,300
2020-10-14;22;21539,625;12594,100;436,588;0,000;6723,900;1510,475;725,063
2020-10-14;23;19892,125;11103,988;91,163;0,000;6517,800;1471,475;815,400
2020-10-14;24;18552,813;10024,238;-6,400;0,000;6305,975;1425,038;817,850
