Data;Godzina;Krajowe zapotrzebowanie na moc;Sumaryczna generacja JWCD;Generacja PI;Generacja IRZ;Sumaryczna generacja nJWCD;Krajowe saldo wymiany miêdzysystemowej równoleg³ej;Krajowe saldo wymiany miêdzysystemowej nierównoleg³ej
2020-03-19;1;16993,363;9615,788;-83,313;0,000;6595,425;-269,813;1143,113
2020-03-19;2;16415,125;9851,850;-410,838;0,000;6484,813;-637,513;1132,363
2020-03-19;3;15998,938;9697,750;-474,125;0,000;6330,138;-682,963;1134,413
2020-03-19;4;16026,375;9805,475;-472,713;0,000;6165,138;-603,325;1136,763
2020-03-19;5;16139,125;9639,438;-538,513;0,000;6045,913;-144,475;1139,850
2020-03-19;6;16485,138;9470,963;-600,325;0,000;6016,338;516,963;1085,638
2020-03-19;7;17965,663;10076,425;-294,350;0,000;6155,225;993,513;1037,575
2020-03-19;8;19827,363;11587,250;-17,050;0,000;5993,225;1159,750;1116,863
2020-03-19;9;20734,263;12760,825;97,738;0,000;5678,963;1093,275;1205,775
2020-03-19;10;20984,163;13119,238;180,725;0,000;5600,725;955,913;1319,625
2020-03-19;11;20863,938;12867,963;313,275;0,000;5555,613;1116,513;1332,725
2020-03-19;12;21182,863;12929,775;624,675;0,000;5650,100;1271,463;1333,700
2020-03-19;13;21315,713;12848,688;671,025;0,000;5674,663;1468,800;1332,475
2020-03-19;14;21329,463;12850,975;493,938;0,000;5742,850;1407,113;1332,325
2020-03-19;15;20936,388;12491,600;147,338;0,000;5735,688;1371,013;1335,563
2020-03-19;16;20658,000;12501,425;113,500;0,000;5733,163;1088,950;1336,125
2020-03-19;17;20433,038;12190,900;-7,175;0,000;5599,425;1313,088;1333,813
2020-03-19;18;20595,513;12437,250;37,925;0,000;5448,500;1383,625;1335,275
2020-03-19;19;21822,163;13259,875;97,313;0,000;5704,313;1534,338;1334,088
2020-03-19;20;22190,813;13561,113;123,513;0,000;5840,900;1465,063;1334,438
2020-03-19;21;21460,688;12812,413;107,788;0,000;5792,513;1536,825;1334,413
2020-03-19;22;20106,613;11646,513;6,888;0,000;5555,888;1584,625;1334,913
2020-03-19;23;18723,888;10238,063;31,700;0,000;5542,900;1615,913;1333,063
2020-03-19;24;17741,038;9533,238;95,238;0,000;5392,525;1499,663;1334,463
