Data;Godzina;Krajowe zapotrzebowanie na moc;Sumaryczna generacja JWCD;Generacja PI;Generacja IRZ;Sumaryczna generacja nJWCD;Krajowe saldo wymiany miêdzysystemowej równoleg³ej;Krajowe saldo wymiany miêdzysystemowej nierównoleg³ej
2020-07-31;1;15755,900;9919,863;-8,825;0,000;4113,063;996,738;750,150
2020-07-31;2;15063,613;9950,613;-8,500;0,000;4065,700;533,763;529,363
2020-07-31;3;14830,625;10110,175;-35,900;0,000;4136,363;103,150;518,850
2020-07-31;4;14719,775;10285,713;-203,588;0,000;4151,700;-46,188;540,038
2020-07-31;5;14630,800;10132,238;-203,525;0,000;4297,613;-107,663;520,575
2020-07-31;6;14748,625;9758,225;-203,725;0,000;4473,313;81,625;650,375
2020-07-31;7;16752,813;10582,313;-82,088;0,000;4822,075;741,038;699,863
2020-07-31;8;18645,325;11934,413;-7,288;0,000;4811,100;1075,225;835,563
2020-07-31;9;19694,400;11918,763;-6,963;0,000;5241,838;1375,100;1178,063
2020-07-31;10;20290,025;11907,688;46,488;0,000;5709,175;1458,313;1226,413
2020-07-31;11;20354,263;12122,200;54,063;0,000;5997,238;996,900;1255,725
2020-07-31;12;20566,525;12163,763;67,525;0,000;6193,663;946,113;1275,625
2020-07-31;13;20739,275;12186,725;56,000;0,000;6384,975;929,800;1254,688
2020-07-31;14;20698,988;12110,850;1,113;0,000;6377,300;992,000;1234,688
2020-07-31;15;20223,213;11790,725;-6,600;0,000;6239,875;948,150;1259,938
2020-07-31;16;20021,000;11934,888;-6,675;0,000;5869,438;955,775;1274,875
2020-07-31;17;19852,650;12022,963;-6,550;0,000;5585,550;979,238;1276,563
2020-07-31;18;19519,488;12067,925;-6,525;0,000;5087,763;1103,988;1275,938
2020-07-31;19;19417,538;12615,188;97,763;0,000;4668,538;862,988;1275,525
2020-07-31;20;19611,925;13872,775;185,700;0,000;4291,863;174,250;1276,013
2020-07-31;21;19641,313;13707,300;228,313;0,000;4219,250;444,225;1276,050
2020-07-31;22;19541,475;12885,938;166,638;0,000;4296,950;1107,338;1275,488
2020-07-31;23;18289,000;11302,700;95,063;0,000;4351,388;1386,563;1275,763
2020-07-31;24;16887,375;9913,313;-6,513;0,000;4154,988;1592,425;1244,950
