Data;Godzina;Krajowe zapotrzebowanie na moc;Sumaryczna generacja JWCD;Generacja PI;Generacja IRZ;Sumaryczna generacja nJWCD;Krajowe saldo wymiany miêdzysystemowej równoleg³ej;Krajowe saldo wymiany miêdzysystemowej nierównoleg³ej
2020-09-30;1;16858,750;11208,025;-82,300;121,425;4462,088;693,338;583,788
2020-09-30;2;16181,563;11160,738;-267,788;121,038;4442,238;267,625;583,050
2020-09-30;3;15842,550;11157,113;-394,625;120,938;4522,888;-16,275;582,188
2020-09-30;4;15882,688;11165,388;-386,063;121,150;4533,038;-6,713;579,600
2020-09-30;5;16160,275;11061,125;-411,650;120,950;4617,350;326,588;569,288
2020-09-30;6;16894,300;11550,088;-442,388;121,150;4738,225;454,800;598,525
2020-09-30;7;19319,975;13268,663;-143,063;120,038;5040,113;386,825;774,138
2020-09-30;8;21331,875;15393,938;-7,713;120,475;5240,125;-65,788;770,200
2020-09-30;9;22408,050;16672,225;-7,013;120,850;5371,863;-59,700;434,688
2020-09-30;10;22583,950;15996,738;-6,713;121,063;5273,550;586,450;743,238
2020-09-30;11;22411,200;15309,625;17,050;116,388;5453,200;877,488;784,938
2020-09-30;12;22574,500;15051,863;29,238;120,525;5585,500;1154,538;789,063
2020-09-30;13;22505,975;15125,913;154,813;121,013;5526,525;1074,913;789,313
2020-09-30;14;22373,313;14774,538;103,950;120,750;5599,288;1229,263;783,613
2020-09-30;15;21929,088;14298,063;-5,675;120,163;5722,413;1132,488;783,275
2020-09-30;16;21794,913;14072,188;-5,825;120,500;5842,988;1107,113;784,488
2020-09-30;17;21653,075;13862,413;-5,500;120,213;5875,525;1131,088;785,175
2020-09-30;18;21689,275;14080,975;180,350;121,338;5765,750;1065,038;779,825
2020-09-30;19;22305,063;14959,738;349,050;120,600;5777,450;889,838;674,400
2020-09-30;20;23201,600;16138,025;542,750;120,800;5911,050;596,088;559,375
2020-09-30;21;22467,263;14813,075;448,825;110,088;5952,788;955,088;766,250
2020-09-30;22;20788,888;13125,625;208,375;4,662;5681,613;1227,100;771,900
2020-09-30;23;19040,563;11462,075;13,525;0,000;5324,588;1483,413;786,313
2020-09-30;24;17697,313;10637,225;-6,563;0,000;5015,650;1277,463;782,550
