Data;Godzina;Krajowe zapotrzebowanie na moc;Sumaryczna generacja JWCD;Generacja PI;Generacja IRZ;Sumaryczna generacja nJWCD;Krajowe saldo wymiany miêdzysystemowej równoleg³ej;Krajowe saldo wymiany miêdzysystemowej nierównoleg³ej
2020-10-20;1;17276,738;9554,350;-87,775;0,000;6149,125;992,200;671,838
2020-10-20;2;16791,050;9911,275;-338,925;0,000;6015,963;682,850;524,550
2020-10-20;3;16501,938;9983,938;-457,700;0,000;5855,925;641,438;486,263
2020-10-20;4;16544,250;9930,463;-456,150;0,000;5707,188;826,338;537,400
2020-10-20;5;16766,500;9776,550;-336,963;0,000;5556,425;1116,388;657,625
2020-10-20;6;17563,188;10181,613;-252,288;0,000;5544,050;1289,188;806,788
2020-10-20;7;20134,525;12274,088;-31,438;0,000;5620,538;1421,750;850,575
2020-10-20;8;22145,350;13807,763;-7,625;0,000;6098,413;1372,525;868,200
2020-10-20;9;23108,150;14269,450;107,088;0,000;6572,838;1399,175;876,463
2020-10-20;10;23409,563;14272,950;406,775;0,000;6868,850;1385,488;879,225
2020-10-20;11;23022,038;13887,850;166,500;0,000;6890,550;1372,163;876,275
2020-10-20;12;22902,175;13612,500;307,563;0,000;7022,788;1404,013;870,638
2020-10-20;13;22657,038;13346,750;434,050;0,000;7115,125;1328,175;879,063
2020-10-20;14;22378,275;13021,275;392,763;0,000;7169,663;1323,025;873,425
2020-10-20;15;22055,913;12500,300;8,613;0,000;7322,875;1364,400;871,200
2020-10-20;16;22094,700;12342,125;94,338;0,000;7287,838;1591,925;877,338
2020-10-20;17;22015,488;12527,725;281,938;0,000;7330,225;1295,675;862,800
2020-10-20;18;22353,038;12376,788;380,538;0,000;7549,038;1554,950;876,350
2020-10-20;19;23473,750;13146,063;740,763;0,000;8014,550;1449,763;850,250
2020-10-20;20;23597,250;12963,800;818,113;0,000;8332,575;1446,513;854,163
2020-10-20;21;22824,438;12280,538;606,100;0,000;8189,388;1535,125;829,838
2020-10-20;22;21215,313;10893,725;158,763;0,000;8179,788;1425,663;723,063
2020-10-20;23;19693,150;10067,075;-6,263;0,000;7872,413;1234,000;536,700
2020-10-20;24;18383,288;10010,488;-10,025;0,000;7619,488;235,050;539,325
