Data;Godzina;Krajowe zapotrzebowanie na moc;Sumaryczna generacja JWCD;Generacja PI;Generacja IRZ;Sumaryczna generacja nJWCD;Krajowe saldo wymiany miêdzysystemowej równoleg³ej;Krajowe saldo wymiany miêdzysystemowej nierównoleg³ej
2020-06-07;1;13687,263;7756,538;-14,000;0,000;4210,663;965,275;773,825
2020-06-07;2;13083,350;7725,925;-13,125;0,000;4059,588;700,188;613,388
2020-06-07;3;12669,050;7794,938;-13,775;0,000;3864,813;451,050;573,150
2020-06-07;4;12409,850;7911,825;-12,288;0,000;3681,325;283,900;547,475
2020-06-07;5;11976,263;8005,913;-139,700;0,000;3491,525;70,713;549,325
2020-06-07;6;11841,838;8229,875;-296,625;0,000;3431,088;22,913;458,125
2020-06-07;7;12370,588;8362,188;-345,650;0,000;3409,750;432,013;511,050
2020-06-07;8;13189,425;8553,163;-187,300;0,000;3357,725;819,888;648,075
2020-06-07;9;13991,100;8836,388;-10,400;0,000;3339,288;925,200;905,975
2020-06-07;10;14720,263;9053,150;69,863;0,000;3462,163;1107,050;1109,488
2020-06-07;11;15155,063;9299,800;81,688;0,000;3651,800;1186,350;1022,525
2020-06-07;12;15399,188;9430,450;102,325;0,000;3884,313;1159,013;937,625
2020-06-07;13;15639,388;9779,350;51,700;0,000;3910,775;1086,025;868,788
2020-06-07;14;15516,613;9378,838;-0,213;0,000;3800,550;1434,125;917,838
2020-06-07;15;15279,213;9146,288;4,425;0,000;3721,038;1607,913;815,475
2020-06-07;16;14973,500;9117,175;122,700;0,000;3609,175;1449,350;806,738
2020-06-07;17;14762,538;9102,600;128,425;0,000;3535,375;1336,238;798,400
2020-06-07;18;14823,688;9488,238;128,025;0,000;3393,875;1274,313;677,888
2020-06-07;19;15187,250;9450,950;90,400;0,000;3426,113;1666,575;653,513
2020-06-07;20;15647,250;9858,688;163,825;0,000;3445,188;1664,425;694,088
2020-06-07;21;15814,338;9746,663;227,138;0,000;3769,150;1507,550;797,875
2020-06-07;22;15964,413;9802,400;6,988;0,000;3922,775;1425,963;817,275
2020-06-07;23;15399,638;9060,625;-8,913;0,000;3919,200;1486,200;943,775
2020-06-07;24;14348,338;8302,588;-10,900;0,000;3705,838;1419,600;939,325
