Data;Godzina;Krajowe zapotrzebowanie na moc;Sumaryczna generacja JWCD;Generacja PI;Generacja IRZ;Sumaryczna generacja nJWCD;Krajowe saldo wymiany miêdzysystemowej równoleg³ej;Krajowe saldo wymiany miêdzysystemowej nierównoleg³ej
2020-03-24;1;17173,675;9146,863;-151,113;0,000;6941,850;464,725;776,988
2020-03-24;2;16631,200;9439,738;-327,738;0,000;6797,238;172,525;548,950
2020-03-24;3;16279,388;9421,625;-352,988;0,000;6763,700;-98,150;544,213
2020-03-24;4;16314,850;9712,225;-630,250;0,000;6562,025;127,475;540,063
2020-03-24;5;16515,550;9696,563;-669,088;0,000;6473,550;460,975;557,963
2020-03-24;6;16627,775;9357,538;-514,988;0,000;6464,763;537,350;785,588
2020-03-24;7;18258,888;9917,638;-100,638;0,000;6383,100;1071,575;986,988
2020-03-24;8;19957,600;11418,738;-7,588;0,000;6237,575;1261,100;1045,200
2020-03-24;9;20670,488;12127,750;-7,500;0,000;6017,413;1424,575;1100,938
2020-03-24;10;20764,813;12016,675;90,450;0,000;6160,900;1439,038;1165,913
2020-03-24;11;20565,175;11698,675;104,000;0,000;6147,375;1453,100;1281,763
2020-03-24;12;20770,900;12134,500;239,900;0,000;6048,850;1419,375;1173,300
2020-03-24;13;20792,125;12149,000;222,925;0,000;5993,700;1497,275;1157,988
2020-03-24;14;20781,200;12207,763;209,625;0,000;5919,075;1462,950;1198,000
2020-03-24;15;20330,775;11744,350;20,400;0,000;5878,613;1469,813;1234,038
2020-03-24;16;20170,775;11479,463;-7,175;0,000;5861,100;1507,875;1324,488
2020-03-24;17;20109,988;11491,150;73,050;0,000;5935,975;1423,200;1270,563
2020-03-24;18;20441,225;12103,113;102,013;0,000;6076,388;1039,013;1217,025
2020-03-24;19;21754,738;13047,150;331,200;0,000;6395,788;1272,400;1036,063
2020-03-24;20;22276,588;12933,263;451,263;0,000;6823,313;1218,200;1305,613
2020-03-24;21;21691,788;11685,263;93,163;0,000;7107,875;1574,225;1331,988
2020-03-24;22;20374,900;10233,550;-4,663;0,000;7319,375;1574,238;1266,213
2020-03-24;23;18974,188;9453,963;-6,950;0,000;7210,513;1197,513;1126,800
2020-03-24;24;17936,813;8822,313;-7,300;0,000;7191,063;975,200;955,450
