Data;Godzina;Krajowe zapotrzebowanie na moc;Sumaryczna generacja JWCD;Generacja PI;Generacja IRZ;Sumaryczna generacja nJWCD;Krajowe saldo wymiany miêdzysystemowej równoleg³ej;Krajowe saldo wymiany miêdzysystemowej nierównoleg³ej
2020-07-05;1;14066,738;7738,213;-8,350;0,000;4902,138;743,263;697,300
2020-07-05;2;13481,775;7736,338;-8,575;0,000;5000,375;516,100;246,125
2020-07-05;3;13060,025;7822,988;-32,338;0,000;4810,400;381,250;82,713
2020-07-05;4;12789,125;7889,988;-73,300;0,000;4624,263;173,275;176,650
2020-07-05;5;12324,850;7712,763;-232,388;0,000;4467,575;161,925;220,188
2020-07-05;6;12132,338;7729,288;-403,100;0,000;4412,013;225,063;175,400
2020-07-05;7;12602,938;7818,888;-402,250;0,000;4506,863;490,625;192,763
2020-07-05;8;13458,463;8027,713;-377,813;0,000;4613,663;620,388;579,738
2020-07-05;9;14206,788;7834,325;-123,125;0,000;4817,363;985,538;691,725
2020-07-05;10;15093,063;7605,213;24,250;0,000;5387,363;1452,213;728,463
2020-07-05;11;15475,575;7507,475;112,063;0,000;6056,038;1443,850;492,188
2020-07-05;12;15604,463;7278,575;96,538;0,000;6626,650;1271,488;441,700
2020-07-05;13;15794,713;7157,825;-8,388;0,000;7080,075;1135,225;433,138
2020-07-05;14;15707,038;7265,775;-8,275;0,000;7053,700;966,550;437,500
2020-07-05;15;15443,238;7297,450;-75,150;0,000;7089,788;652,925;477,575
2020-07-05;16;15159,788;7433,513;-8,675;0,000;6777,975;507,438;451,138
2020-07-05;17;15081,050;7590,788;-8,575;0,000;6509,038;516,813;474,013
2020-07-05;18;15109,688;7605,563;-8,288;0,000;6104,563;859,013;554,475
2020-07-05;19;15491,075;7704,138;105,650;0,000;5842,700;1214,175;734,125
2020-07-05;20;15841,313;8396,275;251,813;0,000;5385,225;1260,575;803,025
2020-07-05;21;15988,688;8632,363;211,488;0,000;4944,563;1225,688;1196,888
2020-07-05;22;16481,038;9046,288;118,450;0,000;5145,775;1028,575;1265,938
2020-07-05;23;16311,488;8590,125;8,088;0,000;5383,788;1082,788;1264,925
2020-07-05;24;15050,738;7816,188;-5,938;0,000;5154,075;942,063;1153,650
