Data;Godzina;Krajowe zapotrzebowanie na moc;Sumaryczna generacja JWCD;Generacja PI;Generacja IRZ;Sumaryczna generacja nJWCD;Krajowe saldo wymiany miêdzysystemowej równoleg³ej;Krajowe saldo wymiany miêdzysystemowej nierównoleg³ej
2020-05-03;1;12756,150;7828,600;158,238;258,438;4363,863;336,350;234,413
2020-05-03;2;12133,838;7651,225;49,825;259,125;4441,488;-215,775;269,188
2020-05-03;3;11777,638;7458,675;-291,450;258,837;4496,750;-218,263;335,350
2020-05-03;4;11649,838;7730,350;-774,650;258,663;4608,125;-52,413;141,300
2020-05-03;5;11591,288;7730,825;-790,200;258,950;4585,475;-29,713;97,950
2020-05-03;6;11159,975;7440,713;-838,350;258,800;4647,113;-61,225;-23,088
2020-05-03;7;11337,775;7516,750;-919,050;259,000;4607,525;168,563;-31,438
2020-05-03;8;12030,400;7801,325;-665,975;258,950;4692,238;204,938;4,338
2020-05-03;9;12952,488;8153,688;-318,675;258,475;4914,713;263,488;-49,863
2020-05-03;10;13882,150;8412,875;-31,263;258,462;5177,988;258,400;69,263
2020-05-03;11;14594,838;8267,200;11,600;258,475;5600,963;636,925;97,238
2020-05-03;12;14864,125;8326,725;-3,475;258,713;5861,013;652,138;32,725
2020-05-03;13;14885,425;8603,688;-6,275;258,925;5907,825;227,800;155,800
2020-05-03;14;14816,963;8343,150;-5,463;259,088;6051,888;221,550;209,538
2020-05-03;15;14402,213;8024,125;-5,475;258,888;5933,500;360,863;100,100
2020-05-03;16;14018,775;7730,200;-6,338;258,925;5798,663;478,400;24,263
2020-05-03;17;13612,163;7805,438;-6,500;258,250;5381,750;236,450;195,925
2020-05-03;18;13620,463;8110,775;-5,675;257,575;5037,875;254,125;220,625
2020-05-03;19;13824,250;8169,650;-5,575;259,988;4567,613;690,588;397,325
2020-05-03;20;14373,713;8582,000;11,650;259,062;4272,500;1077,350;443,125
2020-05-03;21;15151,038;8846,000;112,675;258,675;4263,900;1257,275;787,138
2020-05-03;22;15303,988;8640,475;10,275;258,488;4326,600;1265,500;1079,288
2020-05-03;23;14555,575;7776,238;-5,913;258,900;4392,813;1279,350;1112,488
2020-05-03;24;13544,925;7505,375;-128,050;258,950;4405,350;861,388;903,988
