Data;Godzina;Krajowe zapotrzebowanie na moc;Sumaryczna generacja JWCD;Generacja PI;Generacja IRZ;Sumaryczna generacja nJWCD;Krajowe saldo wymiany miêdzysystemowej równoleg³ej;Krajowe saldo wymiany miêdzysystemowej nierównoleg³ej
2020-11-20;1;17835,513;8679,450;-418,688;0,000;9424,663;-255,463;413,288
2020-11-20;2;17236,850;8688,100;-1044,100;0,000;9402,675;-209,763;403,088
2020-11-20;3;16919,988;8541,038;-1082,700;0,000;9417,700;-257,488;307,538
2020-11-20;4;17005,750;8699,013;-1078,425;0,000;9360,400;-277,863;307,163
2020-11-20;5;17365,200;9157,825;-1073,300;0,000;9307,775;-406,975;380,550
2020-11-20;6;18022,888;9621,225;-953,500;0,000;9152,900;-393,350;602,425
2020-11-20;7;20383,125;11178,038;-188,975;0,000;8856,388;156,575;377,325
2020-11-20;8;22281,738;13283,288;-6,263;0,000;8600,275;298,688;97,950
2020-11-20;9;23382,713;14413,863;-6,550;0,000;8573,563;140,263;261,075
2020-11-20;10;23736,050;13796,363;0,513;0,000;8775,350;380,388;791,713
2020-11-20;11;23613,750;13379,313;4,025;0,000;8678,663;356,625;1212,825
2020-11-20;12;23819,788;13684,863;7,213;0,000;8576,513;257,413;1314,375
2020-11-20;13;23873,925;13808,325;-6,363;0,000;8767,963;38,075;1270,375
2020-11-20;14;23752,363;13497,863;11,625;0,000;8680,363;493,575;1096,775
2020-11-20;15;23414,213;13878,400;-3,988;0,000;8296,238;425,088;828,063
2020-11-20;16;23453,188;14068,413;55,863;0,000;8118,238;405,913;866,188
2020-11-20;17;24478,225;14698,100;205,175;0,000;8616,313;548,263;614,250
2020-11-20;18;24450,588;14522,600;219,338;0,000;8879,938;631,900;423,688
2020-11-20;19;23990,688;13544,500;313,238;0,000;9077,625;744,850;632,775
2020-11-20;20;23668,363;13127,163;312,013;0,000;8692,038;947,088;920,413
2020-11-20;21;22962,100;12552,650;170,138;0,000;8447,838;942,788;1036,938
2020-11-20;22;21561,638;11521,325;148,363;0,000;8125,813;1088,750;853,025
2020-11-20;23;20119,550;9963,938;77,675;0,000;8020,025;1105,038;1054,375
2020-11-20;24;18929,525;8734,288;-9,863;0,000;7841,688;1130,388;1247,213
