Data;Godzina;Krajowe zapotrzebowanie na moc;Sumaryczna generacja JWCD;Generacja PI;Generacja IRZ;Sumaryczna generacja nJWCD;Krajowe saldo wymiany miêdzysystemowej równoleg³ej;Krajowe saldo wymiany miêdzysystemowej nierównoleg³ej
2020-08-03;1;13937,775;8710,213;-11,950;0,000;3716,188;693,938;832,275
2020-08-03;2;13571,063;8885,300;-88,513;0,000;3751,938;365,363;658,700
2020-08-03;3;13383,900;9308,288;-325,450;0,000;3767,625;269,500;362,825
2020-08-03;4;13406,388;9476,225;-468,938;0,000;3724,613;329,438;346,238
2020-08-03;5;13443,688;9652,363;-542,663;0,000;3612,950;334,025;390,000
2020-08-03;6;13718,375;10475,525;-464,925;0,000;3546,575;-106,113;271,313
2020-08-03;7;16169,388;12092,063;-48,450;0,000;3662,913;187,463;276,750
2020-08-03;8;18445,475;13828,750;-5,825;0,000;3705,050;495,300;422,750
2020-08-03;9;19790,013;14485,263;75,288;0,000;3711,625;892,938;704,013
2020-08-03;10;20651,175;14744,613;175,375;0,000;3940,288;1011,763;954,875
2020-08-03;11;20951,888;14685,013;14,388;0,000;4105,525;1065,288;1102,975
2020-08-03;12;21358,000;15045,763;16,513;0,000;4189,663;963,300;1165,788
2020-08-03;13;21644,700;15195,375;52,150;0,000;4264,063;1048,763;1136,775
2020-08-03;14;21550,963;15131,575;3,875;0,000;4181,963;1038,400;1199,025
2020-08-03;15;21167,488;14912,488;-3,450;0,000;3973,975;1039,113;1247,350
2020-08-03;16;20924,900;14766,375;-3,375;0,000;3856,238;1034,338;1273,975
2020-08-03;17;20488,600;14523,538;-3,675;0,000;3735,638;956,738;1275,650
2020-08-03;18;20116,150;14208,288;-3,525;0,000;3644,313;996,938;1275,038
2020-08-03;19;19828,800;13795,863;119,563;0,000;3550,800;1244,825;1243,125
2020-08-03;20;19938,550;13904,938;316,125;0,000;3530,325;1318,238;1184,325
2020-08-03;21;20128,200;14234,775;438,550;0,000;3497,113;1221,113;1177,400
2020-08-03;22;19566,375;13648,688;288,875;0,000;3563,488;1194,438;1166,700
2020-08-03;23;18101,388;12013,088;-6,650;0,000;3557,825;1381,475;1162,938
2020-08-03;24;16618,088;10891,588;-8,625;0,000;3530,838;1056,575;1153,238
