Data;Godzina;Krajowe zapotrzebowanie na moc;Sumaryczna generacja JWCD;Generacja PI;Generacja IRZ;Sumaryczna generacja nJWCD;Krajowe saldo wymiany miêdzysystemowej równoleg³ej;Krajowe saldo wymiany miêdzysystemowej nierównoleg³ej
2020-08-06;1;15652,463;9513,675;-141,738;0,000;4842,363;832,813;607,138
2020-08-06;2;15032,313;9708,475;-276,550;0,000;4820,050;382,975;400,550
2020-08-06;3;14680,888;9853,400;-405,988;0,000;4798,688;148,700;289,638
2020-08-06;4;14593,463;9840,363;-481,700;0,000;4703,750;183,863;353,350
2020-08-06;5;14644,925;9660,238;-479,763;0,000;4674,425;346,713;448,400
2020-08-06;6;14583,088;9382,813;-478,425;0,000;4564,963;491,238;627,263
2020-08-06;7;16748,100;10631,688;-100,575;0,000;4566,425;1047,525;605,275
2020-08-06;8;18781,588;12311,088;-6,263;0,000;4340,963;1527,675;611,250
2020-08-06;9;20084,863;13327,663;-6,075;0,000;4142,138;1773,063;850,400
2020-08-06;10;20650,888;13787,688;59,863;0,000;4299,150;1491,250;1082,438
2020-08-06;11;20760,850;13647,275;48,788;0,000;4642,350;1397,375;1090,775
2020-08-06;12;21054,413;13893,800;102,213;0,000;4941,150;1142,875;1090,475
2020-08-06;13;21166,038;13936,050;332,138;0,000;5129,875;1054,375;1057,263
2020-08-06;14;21241,438;13929,613;378,888;0,000;5110,200;1152,175;1056,763
2020-08-06;15;20844,238;13692,263;98,763;0,000;5017,325;1054,575;1087,088
2020-08-06;16;20805,650;13653,375;-3,500;0,000;4845,588;1220,638;1091,575
2020-08-06;17;20554,425;13407,113;45,700;0,000;4645,025;1426,263;1084,500
2020-08-06;18;20142,763;13255,163;233,200;0,000;4378,763;1499,363;1014,213
2020-08-06;19;19990,438;13199,300;383,625;0,000;4126,713;1608,900;1054,375
2020-08-06;20;20110,888;13662,900;513,063;0,000;4064,138;1372,425;1014,438
2020-08-06;21;20412,700;13491,700;451,663;0,000;4374,238;1296,350;1252,113
2020-08-06;22;20127,475;12922,188;461,175;0,000;4818,100;1193,175;1204,038
2020-08-06;23;18528,588;10733,363;390,350;0,000;5126,988;1432,700;1273,913
2020-08-06;24;17096,213;9596,913;-263,313;0,000;5076,988;1461,613;1269,513
