Data;Godzina;Krajowe zapotrzebowanie na moc;Sumaryczna generacja JWCD;Generacja PI;Generacja IRZ;Sumaryczna generacja nJWCD;Krajowe saldo wymiany miêdzysystemowej równoleg³ej;Krajowe saldo wymiany miêdzysystemowej nierównoleg³ej
2020-11-14;1;17403,575;9308,200;-9,813;0,000;6147,650;918,988;1035,088
2020-11-14;2;16786,163;9224,288;-10,713;0,000;6019,863;732,025;823,438
2020-11-14;3;16348,875;9279,300;-190,263;0,000;6078,013;491,713;693,075
2020-11-14;4;16297,238;9260,413;-216,125;0,000;6170,163;374,100;715,175
2020-11-14;5;16328,188;9240,663;-215,863;0,000;6188,350;378,000;738,525
2020-11-14;6;16543,738;9257,588;-215,725;0,000;6143,188;429,500;932,463
2020-11-14;7;17481,925;9656,800;-35,950;0,000;6133,700;603,838;1128,638
2020-11-14;8;18369,700;10214,888;-9,863;0,000;6348,263;508,875;1313,450
2020-11-14;9;19572,188;10971,488;12,200;0,000;6476,875;814,100;1314,025
2020-11-14;10;20502,775;11804,975;14,675;0,000;6450,863;980,450;1276,838
2020-11-14;11;21114,288;12427,175;14,838;0,000;6425,213;951,550;1319,938
2020-11-14;12;21309,513;12733,350;137,613;0,000;6338,513;941,625;1308,950
2020-11-14;13;21120,425;12725,488;252,888;0,000;6203,975;891,600;1307,688
2020-11-14;14;20793,863;12817,150;251,700;0,000;5981,438;718,375;1285,775
2020-11-14;15;20128,938;12329,213;25,450;0,000;5814,188;687,025;1308,238
2020-11-14;16;20003,025;12310,363;-6,675;0,000;5752,288;646,850;1302,775
2020-11-14;17;20923,250;12891,263;12,225;0,000;5938,063;914,800;1179,938
2020-11-14;18;21035,338;13074,938;68,650;0,000;6126,763;957,825;885,425
2020-11-14;19;20785,188;12459,725;22,463;0,000;6270,650;1089,250;975,213
2020-11-14;20;20362,125;11795,050;171,188;0,000;6274,163;1088,463;1209,200
2020-11-14;21;19645,588;11049,013;260,588;0,000;6209,188;1168,238;1231,350
2020-11-14;22;18619,125;10009,488;175,225;0,000;6210,450;1170,350;1239,163
2020-11-14;23;17513,038;9494,075;149,250;0,000;6032,563;941,700;1053,350
2020-11-14;24;16459,163;9200,138;-6,825;0,000;5884,163;669,875;712,063
