Data;Godzina;Krajowe zapotrzebowanie na moc;Sumaryczna generacja JWCD;Generacja PI;Generacja IRZ;Sumaryczna generacja nJWCD;Krajowe saldo wymiany miêdzysystemowej równoleg³ej;Krajowe saldo wymiany miêdzysystemowej nierównoleg³ej
2020-05-29;1;15467,625;9600,225;-9,250;0,000;5084,038;368,700;426,688
2020-05-29;2;14825,375;9461,013;-8,475;0,000;5050,388;81,563;244,913
2020-05-29;3;14514,000;9427,750;-191,225;0,000;5041,950;-15,175;254,150
2020-05-29;4;14432,163;9508,388;-352,413;0,000;5093,000;-146,638;337,900
2020-05-29;5;14219,050;9177,338;-351,975;0,000;5175,413;-220,563;445,888
2020-05-29;6;14459,013;9063,538;-334,525;3,012;5145,675;164,788;427,463
2020-05-29;7;16401,875;10471,650;-85,463;34,688;4855,413;577,650;582,638
2020-05-29;8;18265,763;11689,338;-6,500;100,463;4921,250;905,338;758,575
2020-05-29;9;19271,388;11753,063;19,900;147,700;5408,113;1157,925;960,438
2020-05-29;10;19569,000;11141,375;113,813;151,650;5920,963;1355,988;1162,450
2020-05-29;11;19552,088;10410,338;339,750;151,300;6335,513;1526,638;1294,350
2020-05-29;12;19777,275;10349,250;338,025;150,900;6619,025;1532,388;1287,450
2020-05-29;13;19890,500;10333,388;317,688;152,575;6828,425;1591,063;1143,550
2020-05-29;14;19636,375;9998,950;193,388;158,725;6862,988;1702,575;1085,650
2020-05-29;15;19107,500;9536,038;-6,763;153,638;6788,863;1750,263;1037,838
2020-05-29;16;18887,138;9507,300;-6,725;151,338;6619,675;1745,388;1023,025
2020-05-29;17;18377,863;9286,725;-6,575;152,450;6442,550;1637,000;1020,550
2020-05-29;18;18188,838;9266,988;-6,375;63,237;6302,025;1551,300;1075,013
2020-05-29;19;18105,013;9418,150;-8,975;0,000;5970,900;1626,400;1103,938
2020-05-29;20;18247,388;10027,238;165,250;0,000;5446,825;1658,638;1123,763
2020-05-29;21;18372,188;10604,375;577,025;0,000;5268,588;1205,638;1295,075
2020-05-29;22;18460,850;10841,175;454,138;0,000;5377,038;1175,575;1075,575
2020-05-29;23;17453,438;10151,463;189,888;0,000;5522,713;968,438;822,225
2020-05-29;24;16195,188;9416,163;50,013;0,000;5411,750;629,575;760,175
