Data;Godzina;Krajowe zapotrzebowanie na moc;Sumaryczna generacja JWCD;Generacja PI;Generacja IRZ;Sumaryczna generacja nJWCD;Krajowe saldo wymiany miêdzysystemowej równoleg³ej;Krajowe saldo wymiany miêdzysystemowej nierównoleg³ej
2020-10-07;1;16901,588;10168,013;-187,650;0,000;5830,163;588,125;514,050
2020-10-07;2;16399,663;10350,050;-398,475;0,000;5712,775;237,013;505,488
2020-10-07;3;16043,800;10628,350;-642,913;0,000;5557,413;-3,313;508,800
2020-10-07;4;16111,838;10772,075;-657,575;0,000;5479,400;9,288;509,638
2020-10-07;5;16334,263;10546,925;-497,388;0,000;5410,125;358,775;521,538
2020-10-07;6;17118,013;10966,688;-298,213;0,000;5426,525;245,038;782,988
2020-10-07;7;19718,950;13363,563;-23,750;0,000;5382,050;202,288;796,950
2020-10-07;8;21421,913;14917,963;-7,675;0,000;5521,175;185,450;811,950
2020-10-07;9;22437,688;15505,488;-8,288;0,000;5665,175;467,525;810,263
2020-10-07;10;22635,238;15805,125;183,200;0,000;5705,450;324,413;814,463
2020-10-07;11;22365,113;15577,200;149,700;0,000;5744,963;251,613;806,275
2020-10-07;12;22520,238;15750,050;139,675;0,000;5861,988;123,100;801,813
2020-10-07;13;22549,550;15668,113;-7,000;0,000;5893,300;195,900;808,450
2020-10-07;14;22542,975;15675,475;153,450;0,000;5868,913;199,350;814,563
2020-10-07;15;22051,450;15686,813;-6,525;0,000;5596,063;-29,663;806,588
2020-10-07;16;21920,313;15845,600;-5,888;0,000;5275,713;10,000;799,963
2020-10-07;17;21677,250;15934,575;-5,913;0,000;4991,238;-40,588;796,488
2020-10-07;18;21705,050;15995,000;-5,950;0,000;4856,025;52,838;803,525
2020-10-07;19;22815,888;16526,263;-6,488;0,000;5048,625;429,538;811,525
2020-10-07;20;23618,413;16809,975;72,225;0,000;5353,650;650,838;807,975
2020-10-07;21;22755,175;14826,675;5,663;0,000;5556,900;1580,025;806,850
2020-10-07;22;21077,163;12973,050;-5,513;0,000;5682,725;1641,513;798,950
2020-10-07;23;19354,225;11382,200;-7,563;0,000;5634,088;1543,200;807,775
2020-10-07;24;17893,488;10731,400;-296,875;0,000;5362,563;1317,088;789,463
