Data;Godzina;Krajowe zapotrzebowanie na moc;Sumaryczna generacja JWCD;Generacja PI;Generacja IRZ;Sumaryczna generacja nJWCD;Krajowe saldo wymiany miêdzysystemowej równoleg³ej;Krajowe saldo wymiany miêdzysystemowej nierównoleg³ej
2020-10-28;1;17428,638;10123,425;-515,725;0,000;6790,063;428,838;609,200
2020-10-28;2;16924,150;10591,288;-726,775;0,000;6780,088;-285,450;570,463
2020-10-28;3;16546,550;10434,738;-748,350;0,000;6663,375;-183,525;382,125
2020-10-28;4;16634,575;10537,725;-827,838;0,000;6705,138;-329,400;550,825
2020-10-28;5;16960,750;10562,525;-846,663;0,000;6851,488;-68,988;468,225
2020-10-28;6;17709,013;10699,013;-786,363;0,000;7092,675;262,813;445,050
2020-10-28;7;19671,238;11426,325;-161,138;0,000;7251,563;490,125;664,538
2020-10-28;8;21690,788;12998,988;-3,988;0,000;7546,900;707,238;437,738
2020-10-28;9;22723,263;13472,050;-3,350;0,000;7606,850;1070,363;574,363
2020-10-28;10;22893,475;13140,450;14,125;0,000;7683,438;1280,050;805,400
2020-10-28;11;22612,463;12805,988;67,875;0,000;7802,325;1094,888;919,113
2020-10-28;12;22960,188;13079,738;280,000;0,000;7818,000;1034,863;1035,438
2020-10-28;13;22899,138;13340,338;314,050;0,000;7442,150;1065,375;1060,838
2020-10-28;14;22793,663;13898,025;323,388;0,000;6909,238;854,525;1131,150
2020-10-28;15;22515,613;13901,688;319,425;0,000;6476,150;887,213;1244,825
2020-10-28;16;22421,763;14100,588;135,288;0,000;6170,138;1028,050;1123,000
2020-10-28;17;23019,925;14548,975;106,713;0,000;6248,063;1128,025;1103,025
2020-10-28;18;23900,675;15143,650;413,413;0,000;6554,588;1074,338;1130,538
2020-10-28;19;23595,513;14393,725;564,275;0,000;6827,425;1045,338;1333,150
2020-10-28;20;23281,063;13910,863;672,225;0,000;6777,500;1267,963;1332,075
2020-10-28;21;22679,488;13616,388;763,438;0,000;6717,563;1019,313;1328,625
2020-10-28;22;21095,550;11872,925;449,650;0,000;6630,175;1282,738;1319,838
2020-10-28;23;19486,675;10342,425;11,325;0,000;6436,863;1425,088;1305,763
2020-10-28;24;18317,400;10205,263;-122,950;0,000;6330,500;951,125;968,488
