Data;Godzina;Krajowe zapotrzebowanie na moc;Sumaryczna generacja JWCD;Generacja PI;Generacja IRZ;Sumaryczna generacja nJWCD;Krajowe saldo wymiany miêdzysystemowej równoleg³ej;Krajowe saldo wymiany miêdzysystemowej nierównoleg³ej
2020-09-07;1;13773,775;8730,963;-89,775;0,000;4204,563;-84,488;1019,975
2020-09-07;2;13374,088;8765,000;-363,163;0,000;4108,263;219,063;652,850
2020-09-07;3;13270,088;8903,763;-554,600;0,000;4108,363;224,138;591,500
2020-09-07;4;13324,800;9023,963;-679,650;0,000;4197,338;48,488;735,413
2020-09-07;5;13639,113;9032,950;-677,600;0,000;4161,800;302,763;823,275
2020-09-07;6;14529,550;9447,700;-582,688;0,000;4162,000;773,375;733,025
2020-09-07;7;17139,525;11208,500;-49,338;0,000;4186,675;971,125;819,100
2020-09-07;8;19506,825;13398,188;-7,463;0,000;4332,925;1105,925;672,363
2020-09-07;9;20688,775;14441,575;-7,788;0,000;4486,913;1158,688;614,863
2020-09-07;10;21013,975;13647,888;-8,200;0,000;4570,275;1602,975;1211,350
2020-09-07;11;20970,238;13453,513;-8,413;0,000;4888,838;1588,475;1054,588
2020-09-07;12;21121,650;13347,500;10,038;0,000;5301,413;1481,025;1003,000
2020-09-07;13;21098,200;13284,688;64,663;0,000;5461,038;1300,200;1063,250
2020-09-07;14;20757,338;12825,013;238,650;0,000;5574,588;1263,325;1099,200
2020-09-07;15;20421,300;12046,313;200,438;0,000;5640,388;1483,825;1255,363
2020-09-07;16;20365,800;12094,000;184,813;0,000;5602,613;1413,488;1261,825
2020-09-07;17;20082,088;12180,525;12,338;0,000;5370,038;1374,825;1166,038
2020-09-07;18;19980,013;12522,475;-7,300;0,000;4872,000;1462,950;1137,600
2020-09-07;19;20100,538;13031,288;10,713;0,000;4496,263;1535,463;1042,488
2020-09-07;20;21322,400;14234,800;122,538;0,000;4444,063;1611,063;1039,538
2020-09-07;21;21756,913;14295,000;246,413;0,000;4634,300;1580,913;1252,850
2020-09-07;22;20099,375;12697,575;9,413;0,000;4571,500;1578,275;1264,950
2020-09-07;23;18249,663;11006,788;-5,775;0,000;4606,725;1381,225;1266,963
2020-09-07;24;16802,950;9660,600;-48,300;0,000;4692,200;1286,500;1219,188
