Data;Godzina;Krajowe zapotrzebowanie na moc;Sumaryczna generacja JWCD;Generacja PI;Generacja IRZ;Sumaryczna generacja nJWCD;Krajowe saldo wymiany miêdzysystemowej równoleg³ej;Krajowe saldo wymiany miêdzysystemowej nierównoleg³ej
2020-04-10;1;15095,925;8462,525;-12,675;0,000;5411,338;833,875;403,138
2020-04-10;2;14516,713;8790,050;-12,838;0,000;5170,838;298,838;273,375
2020-04-10;3;14118,513;8975,138;-12,938;0,000;4935,050;-45,188;267,275
2020-04-10;4;14047,700;8787,450;-13,063;0,000;4814,675;199,350;262,550
2020-04-10;5;14141,300;8496,425;-12,850;0,000;4685,750;645,138;330,113
2020-04-10;6;14254,450;8394,850;-13,388;0,000;4627,788;771,400;477,713
2020-04-10;7;15187,525;8868,463;-12,338;0,000;4649,550;1005,550;679,275
2020-04-10;8;16676,275;9901,475;-8,550;0,000;4643,250;1278,938;866,750
2020-04-10;9;17571,888;10379,063;-7,350;0,000;4658,763;1512,700;1030,825
2020-04-10;10;18466,200;10692,025;229,650;0,000;5173,038;1556,250;1055,300
2020-04-10;11;19014,675;10831,713;351,313;0,000;5671,950;1425,325;1101,200
2020-04-10;12;19254,800;10898,350;63,238;0,000;5804,825;1456,625;1104,738
2020-04-10;13;19027,625;10674,850;-7,725;0,000;5848,988;1412,063;1104,188
2020-04-10;14;18928,450;10529,863;-7,625;0,000;5819,350;1492,425;1104,338
2020-04-10;15;18454,100;10261,850;-7,425;0,000;5598,775;1495,113;1105,400
2020-04-10;16;18056,363;10183,663;-7,500;0,000;5279,825;1496,888;1104,338
2020-04-10;17;17859,350;10333,425;-7,563;0,000;5055,613;1376,763;1103,375
2020-04-10;18;17666,038;10414,725;-7,613;0,000;4795,600;1395,063;1071,150
2020-04-10;19;17627,838;10502,400;-7,188;0,000;4640,238;1431,875;1059,638
2020-04-10;20;18379,750;11079,788;63,500;0,000;4708,363;1480,938;1111,338
2020-04-10;21;19277,200;11804,688;91,325;0,000;4908,063;1455,775;1114,825
2020-04-10;22;18095,788;10733,788;5,388;0,000;4818,500;1441,850;1114,063
2020-04-10;23;16823,038;9407,288;-9,425;0,000;4810,925;1506,250;1117,888
2020-04-10;24;15632,363;8325,688;-10,163;0,000;4839,950;1411,388;1076,200
