Data;Godzina;Krajowe zapotrzebowanie na moc;Sumaryczna generacja JWCD;Generacja PI;Generacja IRZ;Sumaryczna generacja nJWCD;Krajowe saldo wymiany miêdzysystemowej równoleg³ej;Krajowe saldo wymiany miêdzysystemowej nierównoleg³ej
2020-01-28;1;18093,225;9593,075;-191,213;0,000;7644,650;414,925;637,750
2020-01-28;2;17573,275;9600,163;-345,525;0,000;7646,875;222,113;456,413
2020-01-28;3;17242,138;9825,688;-421,413;0,000;7676,225;-110,388;276,825
2020-01-28;4;17224,388;9821,650;-420,725;0,000;7697,575;-128,388;259,838
2020-01-28;5;17531,800;9907,138;-420,425;0,000;7875,563;-137,700;322,713
2020-01-28;6;18527,738;10262,038;-411,500;0,000;8043,663;47,475;592,475
2020-01-28;7;21269,288;12094,163;-52,200;0,000;8242,100;316,550;661,850
2020-01-28;8;23144,113;14335,738;-6,525;0,000;8460,163;-182,288;539,575
2020-01-28;9;24074,138;14860,538;46,100;0,000;8708,150;-222,500;736,050
2020-01-28;10;24485,675;15272,663;124,025;0,000;8830,900;-349,788;746,013
2020-01-28;11;24278,300;15237,438;199,475;0,000;8689,825;-385,425;746,925
2020-01-28;12;24409,438;15210,450;319,175;0,000;8733,588;-263,300;739,675
2020-01-28;13;24564,538;15302,238;325,788;0,000;8705,125;-186,525;748,125
2020-01-28;14;24529,700;15480,238;318,088;0,000;8514,538;-204,838;746,438
2020-01-28;15;24150,200;15201,925;302,650;0,000;8326,925;-105,225;732,100
2020-01-28;16;23977,038;15113,125;208,900;0,000;8338,950;-197,963;721,975
2020-01-28;17;24408,775;15145,013;272,100;0,000;8495,975;24,300;745,813
2020-01-28;18;24912,888;15425,838;400,625;0,000;8748,125;-9,550;746,750
2020-01-28;19;24487,100;14633,075;389,125;0,000;8935,000;177,588;747,175
2020-01-28;20;24315,875;14138,125;318,688;0,000;9057,163;383,563;747,775
2020-01-28;21;23589,375;13408,075;298,913;0,000;9112,113;359,688;722,825
2020-01-28;22;21997,038;12010,500;295,563;0,000;9113,800;241,975;636,238
2020-01-28;23;20409,950;10546,175;189,875;0,000;9104,938;60,750;706,000
2020-01-28;24;19241,175;9870,463;-35,750;0,000;9145,613;-427,900;696,738
