Data;Godzina;Krajowe zapotrzebowanie na moc;Sumaryczna generacja JWCD;Generacja PI;Generacja IRZ;Sumaryczna generacja nJWCD;Krajowe saldo wymiany miêdzysystemowej równoleg³ej;Krajowe saldo wymiany miêdzysystemowej nierównoleg³ej
2020-10-02;1;16975,763;10991,038;-9,325;0,000;5095,288;158,125;756,200
2020-10-02;2;16496,938;10980,263;-9,113;0,000;5076,313;-293,563;750,863
2020-10-02;3;16190,225;11233,538;-205,125;0,000;5009,000;-605,675;762,838
2020-10-02;4;16310,925;11359,125;-383,613;0,000;5022,875;-446,750;763,725
2020-10-02;5;16357,988;11416,038;-399,388;0,000;5087,438;-496,888;764,363
2020-10-02;6;17208,975;11677,825;-447,388;0,000;5184,338;40,975;763,500
2020-10-02;7;19568,138;13375,288;-171,425;0,000;5244,825;377,663;756,938
2020-10-02;8;21500,700;14847,725;-6,900;0,000;5433,238;467,125;760,863
2020-10-02;9;22449,825;15071,838;128,875;0,000;5548,563;1080,688;759,450
2020-10-02;10;22940,950;15690,588;245,238;0,000;5774,313;735,350;757,750
2020-10-02;11;22907,513;15828,463;8,238;0,000;5996,188;339,613;768,400
2020-10-02;12;23149,463;16158,363;-6,688;0,000;6069,738;174,575;761,975
2020-10-02;13;23104,125;16148,163;77,888;0,000;6254,638;-36,150;762,038
2020-10-02;14;22708,375;15869,825;44,425;0,000;6249,175;-158,750;764,650
2020-10-02;15;22187,738;15078,350;44,363;0,000;6140,613;222,975;763,675
2020-10-02;16;21982,725;15103,513;45,588;0,000;6032,700;106,275;761,238
2020-10-02;17;21704,963;14860,350;28,500;0,000;5872,925;223,538;762,050
2020-10-02;18;21493,250;14644,300;184,363;0,000;5877,263;226,200;758,625
2020-10-02;19;22227,813;14650,688;295,125;0,000;6228,150;591,625;761,700
2020-10-02;20;23064,750;14706,963;299,075;0,000;6811,088;830,875;740,863
2020-10-02;21;22264,275;13968,963;185,988;0,000;7089,538;625,638;593,938
2020-10-02;22;20677,075;12155,713;50,063;0,000;7123,588;856,788;559,525
2020-10-02;23;18971,088;10993,463;72,825;0,000;6768,450;833,550;397,488
2020-10-02;24;17772,575;10181,563;67,363;0,000;6514,938;645,313;458,825
