Data;Godzina;Krajowe zapotrzebowanie na moc;Sumaryczna generacja JWCD;Generacja PI;Generacja IRZ;Sumaryczna generacja nJWCD;Krajowe saldo wymiany miêdzysystemowej równoleg³ej;Krajowe saldo wymiany miêdzysystemowej nierównoleg³ej
2020-05-24;1;13852,763;8481,863;-13,450;0,000;4665,075;412,563;306,038
2020-05-24;2;13093,613;8302,013;-142,888;0,000;4575,275;135,225;231,063
2020-05-24;3;12800,150;8347,075;-451,338;0,000;4654,388;179,050;74,538
2020-05-24;4;12672,950;8384,050;-877,813;0,000;4811,575;290,688;70,263
2020-05-24;5;12199,575;8192,800;-1125,363;0,000;5007,550;40,263;89,363
2020-05-24;6;11932,238;7727,088;-1144,388;0,000;5137,663;185,963;32,513
2020-05-24;7;12395,325;7897,338;-883,250;0,000;5001,313;284,550;95,450
2020-05-24;8;13007,975;7906,438;-356,238;0,000;4908,588;298,838;254,538
2020-05-24;9;13914,638;7763,550;-7,938;0,000;5316,375;585,663;262,550
2020-05-24;10;14687,613;7875,513;-9,213;0,000;5847,100;650,888;325,200
2020-05-24;11;15333,838;8269,150;44,163;0,000;6195,275;590,963;288,288
2020-05-24;12;15698,863;8487,525;96,613;0,000;6591,600;267,475;364,013
2020-05-24;13;15754,888;8676,125;205,463;0,000;6523,375;261,375;307,288
2020-05-24;14;15512,375;8694,150;325,275;0,000;6125,625;381,750;318,700
2020-05-24;15;15274,575;8764,075;58,513;0,000;6145,563;198,863;183,450
2020-05-24;16;14780,063;8872,688;-13,188;0,000;5634,413;144,900;145,650
2020-05-24;17;14475,425;8816,550;-12,250;0,000;5125,800;284,238;258,575
2020-05-24;18;14637,513;8824,763;-11,738;0,000;4821,000;586,563;420,075
2020-05-24;19;14857,725;8973,250;-12,613;0,000;4280,650;980,025;641,550
2020-05-24;20;15286,788;9063,625;102,925;0,000;4203,550;1035,600;997,475
2020-05-24;21;15519,400;8654,213;212,500;0,000;4188,588;1422,850;1271,038
2020-05-24;22;15972,313;8805,988;190,463;0,000;4432,663;1592,563;1157,813
2020-05-24;23;15439,588;8379,213;30,225;0,000;4629,338;1381,313;1065,175
2020-05-24;24;14401,975;7949,025;-12,875;0,000;4716,388;908,050;851,075
