Data;Godzina;Krajowe zapotrzebowanie na moc;Sumaryczna generacja JWCD;Generacja PI;Generacja IRZ;Sumaryczna generacja nJWCD;Krajowe saldo wymiany miêdzysystemowej równoleg³ej;Krajowe saldo wymiany miêdzysystemowej nierównoleg³ej
2020-11-21;1;17981,813;8536,938;-9,563;0,000;7763,775;985,688;713,663
2020-11-21;2;17252,263;8392,300;-9,713;0,000;7578,175;607,788;689,675
2020-11-21;3;16884,763;8453,988;-9,513;0,000;7522,575;385,200;539,413
2020-11-21;4;16816,225;8667,125;-9,025;0,000;7350,950;167,438;641,625
2020-11-21;5;16817,700;8685,988;-9,200;0,000;7023,463;384,375;739,363
2020-11-21;6;17094,325;8840,913;-9,338;0,000;6949,763;546,625;770,425
2020-11-21;7;18097,900;9799,325;-10,463;0,000;6946,450;699,263;660,050
2020-11-21;8;18910,000;9945,463;-10,125;0,000;7170,913;634,925;1171,138
2020-11-21;9;20210,275;10773,700;82,538;0,000;7501,863;779,838;1164,075
2020-11-21;10;21162,725;11132,125;173,363;0,000;7929,800;991,388;1123,088
2020-11-21;11;21668,938;11284,238;313,763;0,000;8302,325;944,838;1145,275
2020-11-21;12;21972,075;11039,500;383,050;0,000;8847,788;955,375;1134,263
2020-11-21;13;21663,825;10457,700;288,063;0,000;9162,538;1041,238;1014,113
2020-11-21;14;21387,863;10018,150;269,425;0,000;9379,088;985,788;1014,325
2020-11-21;15;20772,225;9516,513;207,413;0,000;9556,650;692,438;1014,288
2020-11-21;16;20763,850;9699,338;209,550;0,000;9679,038;569,863;808,413
2020-11-21;17;21726,525;10413,038;526,275;0,000;9965,388;732,088;614,075
2020-11-21;18;21681,488;10206,625;670,563;0,000;10318,750;547,500;616,688
2020-11-21;19;21278,350;9484,975;670,588;0,000;10462,975;622,413;707,238
2020-11-21;20;20878,388;9137,338;268,400;0,000;10519,025;524,363;709,813
2020-11-21;21;20238,163;9052,513;81,613;0,000;10557,563;54,500;588,275
2020-11-21;22;19243,275;8333,563;53,800;0,000;10638,475;-255,413;541,425
2020-11-21;23;18185,000;7290,275;1,275;0,000;10521,275;-35,025;418,438
2020-11-21;24;17048,963;6569,238;-61,675;0,000;10523,613;-166,138;194,863
