Data;Godzina;Krajowe zapotrzebowanie na moc;Sumaryczna generacja JWCD;Generacja PI;Generacja IRZ;Sumaryczna generacja nJWCD;Krajowe saldo wymiany miêdzysystemowej równoleg³ej;Krajowe saldo wymiany miêdzysystemowej nierównoleg³ej
2020-05-30;1;15025,913;7897,775;-10,150;0,000;5331,013;945,775;867,263
2020-05-30;2;14323,313;7781,563;-96,763;0,000;5245,513;738,413;656,575
2020-05-30;3;13956,225;8201,638;-328,988;0,000;5169,188;465,775;449,950
2020-05-30;4;13797,750;8267,600;-353,700;0,000;5196,025;238,888;452,413
2020-05-30;5;13242,988;8208,913;-353,013;0,000;5283,700;-341,763;448,213
2020-05-30;6;13131,313;8135,200;-352,838;0,000;5171,663;-207,550;386,125
2020-05-30;7;13963,488;8505,050;-334,700;0,000;4971,838;341,913;476,575
2020-05-30;8;15049,213;8791,488;-189,813;0,000;5216,000;628,375;604,463
2020-05-30;9;16208,800;8692,263;-6,588;0,000;5782,438;930,688;809,213
2020-05-30;10;16970,513;8406,350;76,013;0,000;6287,213;1265,863;1018,250
2020-05-30;11;17366,388;8075,688;126,413;0,000;6653,463;1445,588;1201,938
2020-05-30;12;17567,863;8033,125;177,013;0,000;6755,225;1564,675;1228,513
2020-05-30;13;17543,663;8301,200;261,250;0,000;6745,938;1357,788;1142,838
2020-05-30;14;17439,425;8604,088;341,038;0,000;6862,600;1005,725;971,338
2020-05-30;15;17042,288;8447,875;339,713;0,000;6953,313;814,625;831,463
2020-05-30;16;16733,613;8230,688;340,775;0,000;6954,113;674,688;881,025
2020-05-30;17;16463,600;8245,475;356,700;0,000;6830,300;306,988;1085,638
2020-05-30;18;16189,975;7860,088;239,900;0,000;6771,750;408,388;1150,138
2020-05-30;19;16187,350;7645,300;290,600;0,000;6660,113;734,250;1152,925
2020-05-30;20;16340,675;7708,875;423,738;0,000;6443,613;1040,000;1152,138
2020-05-30;21;16495,775;8208,063;545,588;0,000;6368,825;725,663;1189,375
2020-05-30;22;16521,175;8819,050;374,088;0,000;6360,088;152,413;1194,088
2020-05-30;23;15801,513;8463,250;47,825;0,000;6300,763;90,588;967,050
2020-05-30;24;14654,388;7989,550;-10,113;0,000;6219,663;-207,588;673,650
