Data;Godzina;Krajowe zapotrzebowanie na moc;Sumaryczna generacja JWCD;Generacja PI;Generacja IRZ;Sumaryczna generacja nJWCD;Krajowe saldo wymiany miêdzysystemowej równoleg³ej;Krajowe saldo wymiany miêdzysystemowej nierównoleg³ej
2020-02-26;1;17781,488;9200,588;-198,675;0,000;8629,250;-253,025;409,025
2020-02-26;2;17275,050;9399,513;-832,088;0,000;8560,488;-217,400;377,550
2020-02-26;3;16956,025;9162,813;-998,663;0,000;8651,438;-428,588;574,513
2020-02-26;4;17071,613;9298,350;-1011,325;0,000;8581,563;-467,175;675,513
2020-02-26;5;17286,413;9417,238;-854,988;0,000;8280,125;-130,850;578,600
2020-02-26;6;18144,913;9624,563;-553,750;0,000;8287,175;266,913;525,988
2020-02-26;7;20407,800;10774,613;-52,363;0,000;8434,075;555,988;708,863
2020-02-26;8;22141,000;12429,075;-7,213;0,000;8270,450;868,213;584,000
2020-02-26;9;22943,375;13411,300;10,363;0,000;7943,350;859,050;742,738
2020-02-26;10;23112,488;13750,350;30,425;0,000;7791,500;786,088;801,450
2020-02-26;11;23032,975;13827,463;33,200;0,000;7649,813;889,750;683,613
2020-02-26;12;23268,813;13579,238;33,138;0,000;7734,750;740,400;1223,550
2020-02-26;13;23281,488;13421,075;15,300;0,000;7728,825;831,963;1315,300
2020-02-26;14;23471,575;13464,788;-5,088;0,000;7799,000;914,963;1308,375
2020-02-26;15;23075,388;13464,625;-7,300;0,000;7711,125;744,950;1164,663
2020-02-26;16;22951,163;13296,138;10,400;0,000;7660,300;753,600;1246,063
2020-02-26;17;22846,425;13590,600;90,938;0,000;7486,213;796,613;982,338
2020-02-26;18;23447,638;14515,100;427,250;0,000;7426,475;788,513;720,838
2020-02-26;19;23961,563;15235,588;574,638;0,000;7550,988;609,000;578,625
2020-02-26;20;24094,975;14904,000;622,050;0,000;7805,550;644,550;745,375
2020-02-26;21;23379,875;13737,013;504,963;0,000;7882,863;922,713;849,450
2020-02-26;22;21798,600;11728,913;228,700;0,000;7880,238;947,738;1251,325
2020-02-26;23;20197,550;9961,625;170,788;0,000;7840,513;1113,200;1299,150
2020-02-26;24;19007,300;9465,838;-226,538;0,000;7917,350;829,800;1033,525
