Data;Godzina;Krajowe zapotrzebowanie na moc;Sumaryczna generacja JWCD;Generacja PI;Generacja IRZ;Sumaryczna generacja nJWCD;Krajowe saldo wymiany miêdzysystemowej równoleg³ej;Krajowe saldo wymiany miêdzysystemowej nierównoleg³ej
2020-10-16;1;17455,563;10191,938;-297,738;0,000;5305,088;1449,325;816,238
2020-10-16;2;16835,963;10033,225;-339,675;0,000;5231,688;1218,213;702,100
2020-10-16;3;16550,413;10008,288;-338,388;0,000;5169,750;1069,163;646,488
2020-10-16;4;16552,038;10044,738;-338,613;0,000;5085,625;1079,163;687,888
2020-10-16;5;16882,400;10007,563;-337,613;0,000;5077,150;1345,763;800,313
2020-10-16;6;17636,438;10571,475;-336,925;0,000;5196,725;1384,875;828,813
2020-10-16;7;20147,388;12770,438;-47,888;0,000;5373,613;1204,313;851,688
2020-10-16;8;21985,438;14479,613;-6,875;0,000;5533,263;1126,488;855,600
2020-10-16;9;23185,600;15673,513;-6,913;0,000;5793,588;878,150;854,775
2020-10-16;10;23559,275;15638,075;-7,438;0,000;5989,038;1084,338;855,150
2020-10-16;11;23581,413;15485,438;-7,463;0,000;6031,025;1221,663;856,100
2020-10-16;12;24077,013;15677,200;155,888;0,000;6224,713;1320,800;854,288
2020-10-16;13;24145,863;15624,163;274,125;0,000;6188,550;1481,575;861,350
2020-10-16;14;24004,775;15878,013;313,275;0,000;6048,875;1229,700;860,613
2020-10-16;15;23513,813;15448,488;101,513;0,000;5936,588;1281,338;858,900
2020-10-16;16;23123,438;15202,563;-6,463;0,000;5738,038;1341,563;855,275
2020-10-16;17;22798,838;14992,500;7,388;0,000;5622,625;1331,263;856,575
2020-10-16;18;22849,750;14941,225;405,113;0,000;5615,675;1440,850;858,825
2020-10-16;19;23562,113;15276,863;694,338;0,000;5775,838;1645,150;854,163
2020-10-16;20;23505,800;15075,825;784,600;0,000;5915,088;1670,138;853,300
2020-10-16;21;22822,613;14280,600;711,350;0,000;5954,738;1743,575;850,525
2020-10-16;22;21253,975;12683,488;389,625;0,000;5823,213;1909,288;851,025
2020-10-16;23;19719,363;11191,238;-10,138;0,000;5701,688;2006,625;835,563
2020-10-16;24;18370,200;10365,038;-10,488;0,000;5525,713;1659,000;834,838
