Data;Godzina;Krajowe zapotrzebowanie na moc;Sumaryczna generacja JWCD;Generacja PI;Generacja IRZ;Sumaryczna generacja nJWCD;Krajowe saldo wymiany miêdzysystemowej równoleg³ej;Krajowe saldo wymiany miêdzysystemowej nierównoleg³ej
2020-05-18;1;13399,425;6914,663;-292,975;70,025;6734,113;-705,775;751,113
2020-05-18;2;13042,338;6600,788;-782,363;70,013;7056,463;-304,213;473,350
2020-05-18;3;12902,700;6649,600;-1150,638;70,000;7141,975;-317,863;580,338
2020-05-18;4;12802,525;6674,600;-1237,300;69,987;7101,250;-15,975;284,675
2020-05-18;5;12885,763;6747,925;-1360,425;70,062;7172,563;-299,688;630,575
2020-05-18;6;13347,513;7172,288;-1133,988;70,038;6883,250;-77,588;510,513
2020-05-18;7;16020,388;8868,525;-212,313;70,013;6615,850;294,188;462,300
2020-05-18;8;18120,525;10163,700;-7,238;70,050;6372,200;1017,375;582,675
2020-05-18;9;19391,325;11132,663;-7,463;70,000;6405,875;1235,038;636,350
2020-05-18;10;19796,975;11600,113;72,163;70,075;6518,888;1054,663;641,938
2020-05-18;11;19851,313;11791,838;101,800;70,075;6337,113;871,050;866,438
2020-05-18;12;20252,875;12176,850;94,200;70,038;6274,238;865,850;945,825
2020-05-18;13;20462,175;12456,313;278,125;70,062;6103,413;885,463;1029,950
2020-05-18;14;20283,050;12566,538;410,275;70,038;5790,838;813,275;1123,088
2020-05-18;15;19737,938;12341,625;367,250;70,075;5461,875;650,088;1295,863
2020-05-18;16;19543,325;12488,813;179,500;70,075;5003,750;752,325;1306,725
2020-05-18;17;19230,488;12579,950;16,138;70,062;4615,713;742,575;1305,788
2020-05-18;18;18990,675;12300,825;9,738;69,975;4387,725;1009,438;1304,938
2020-05-18;19;18950,525;12323,713;129,675;70,013;4155,088;1185,638;1291,625
2020-05-18;20;19337,988;12839,713;120,313;70,113;4140,413;1214,325;1151,550
2020-05-18;21;19670,025;13102,600;98,388;70,025;4136,025;1143,650;1298,238
2020-05-18;22;19362,175;12652,700;5,913;70,000;4157,750;1274,713;1290,888
2020-05-18;23;17906,613;11138,550;-9,975;70,038;4198,050;1310,425;1278,063
2020-05-18;24;16497,925;9531,300;-10,188;70,088;4515,425;1201,538;1265,113
