Data;Godzina;Krajowe zapotrzebowanie na moc;Sumaryczna generacja JWCD;Generacja PI;Generacja IRZ;Sumaryczna generacja nJWCD;Krajowe saldo wymiany miêdzysystemowej równoleg³ej;Krajowe saldo wymiany miêdzysystemowej nierównoleg³ej
2020-02-10;1;15827,100;6651,775;-957,488;77,150;9901,750;33,125;207,538
2020-02-10;2;15374,413;6513,988;-1207,750;78,125;9866,013;-13,450;223,750
2020-02-10;3;15154,813;6378,038;-1203,638;77,400;9734,475;20,788;228,900
2020-02-10;4;15227,488;6574,550;-1199,100;78,250;9643,950;-14,638;225,913
2020-02-10;5;15618,013;7026,150;-1184,638;79,287;9646,138;-88,850;222,563
2020-02-10;6;16782,238;7861,263;-994,650;78,075;9736,638;-263,763;443,200
2020-02-10;7;19794,838;9406,725;-100,575;78,963;9834,075;212,875;446,088
2020-02-10;8;21770,325;11500,650;-5,925;78,738;9873,263;-293,563;696,500
2020-02-10;9;23209,163;12761,800;-6,000;77,088;9964,513;-231,700;722,950
2020-02-10;10;23510,975;12880,250;188,000;78,650;9930,275;-18,588;726,488
2020-02-10;11;23419,500;12576,588;460,025;78,638;10058,138;71,825;719,788
2020-02-10;12;23622,563;12743,600;718,463;78,012;10136,388;38,700;713,000
2020-02-10;13;23647,875;12702,763;632,488;78,200;10277,613;-21,963;699,963
2020-02-10;14;23719,863;12576,800;597,500;78,750;10334,338;70,388;729,138
2020-02-10;15;23314,763;12391,475;567,763;76,825;10233,200;3,263;685,400
2020-02-10;16;23072,075;12007,013;370,638;77,600;10340,075;20,063;700,113
2020-02-10;17;23168,625;12030,300;164,775;78,775;10438,225;3,188;704,475
2020-02-10;18;23993,238;12673,150;271,188;77,862;10645,225;-31,575;702,413
2020-02-10;19;23886,850;12470,825;294,150;79,375;10722,925;-19,938;715,263
2020-02-10;20;23715,438;12365,600;255,550;78,188;10689,025;-43,825;718,938
2020-02-10;21;23150,438;11802,575;165,950;78,650;10584,788;57,138;716,738
2020-02-10;22;21707,313;10684,225;43,938;78,775;10338,475;-6,238;707,163
2020-02-10;23;20161,263;9408,938;-8,550;77,463;9985,750;53,175;721,400
2020-02-10;24;19044,950;8648,325;-34,175;77,688;9719,250;-1,525;721,700
