Data;Godzina;Krajowe zapotrzebowanie na moc;Sumaryczna generacja JWCD;Generacja PI;Generacja IRZ;Sumaryczna generacja nJWCD;Krajowe saldo wymiany miêdzysystemowej równoleg³ej;Krajowe saldo wymiany miêdzysystemowej nierównoleg³ej
2020-11-12;1;15864,913;9999,775;-254,888;0,000;5287,363;-467,688;1311,825
2020-11-12;2;15339,163;9940,075;-415,250;0,000;5348,713;-840,575;1315,900
2020-11-12;3;15102,313;9949,663;-549,988;0,000;5343,438;-825,400;1191,788
2020-11-12;4;15113,325;9982,263;-548,988;0,000;5416,400;-883,650;1153,300
2020-11-12;5;15575,663;10247,875;-547,200;0,000;5507,875;-866,363;1238,363
2020-11-12;6;16511,613;10532,700;-529,000;0,000;5553,263;184,738;779,575
2020-11-12;7;19314,938;12345,225;-74,088;0,000;5673,063;448,038;929,875
2020-11-12;8;21427,900;13984,788;-7,400;0,000;5891,300;877,888;684,463
2020-11-12;9;22967,013;15405,375;14,950;0,000;6068,550;919,538;584,675
2020-11-12;10;23493,313;15309,550;37,813;0,000;6149,488;767,888;1282,875
2020-11-12;11;23652,588;15254,688;15,800;0,000;6238,038;857,700;1326,675
2020-11-12;12;24071,875;15604,700;57,850;0,000;6290,825;869,538;1325,988
2020-11-12;13;24192,838;15895,300;309,875;0,000;6273,713;717,888;1320,500
2020-11-12;14;24061,125;15848,763;134,100;0,000;6240,625;731,038;1258,675
2020-11-12;15;23636,463;15337,763;-2,738;0,000;6193,838;800,563;1316,613
2020-11-12;16;23346,388;15179,975;-2,950;0,000;6138,650;715,025;1325,313
2020-11-12;17;23845,175;15637,375;133,563;0,000;6211,288;720,413;1279,975
2020-11-12;18;23908,150;15722,788;465,025;0,000;6329,738;896,750;966,338
2020-11-12;19;23538,800;14714,388;599,638;0,000;6339,488;1193,513;1300,725
2020-11-12;20;23261,375;14327,413;732,413;0,000;6330,238;1290,763;1334,788
2020-11-12;21;22588,413;13997,038;721,150;0,000;6221,938;1055,875;1335,650
2020-11-12;22;21256,175;12736,388;412,250;0,000;6150,363;1061,375;1332,850
2020-11-12;23;19731,925;11460,663;283,475;0,000;6069,575;898,963;1326,463
2020-11-12;24;18584,163;10630,063;-74,263;0,000;6020,200;794,300;1245,488
