Data;Godzina;Krajowe zapotrzebowanie na moc;Sumaryczna generacja JWCD;Generacja PI;Generacja IRZ;Sumaryczna generacja nJWCD;Krajowe saldo wymiany miêdzysystemowej równoleg³ej;Krajowe saldo wymiany miêdzysystemowej nierównoleg³ej
2020-12-27;1;14304,113;5596,838;-93,175;0,000;8864,750;-83,113;23,413
2020-12-27;2;13696,438;5580,850;-618,788;0,000;8918,650;-191,763;8,075
2020-12-27;3;13453,013;5725,700;-1222,300;0,000;9138,125;-188,825;-2,375
2020-12-27;4;13216,438;5627,238;-1380,463;0,000;9118,063;-134,263;-8,950
2020-12-27;5;13314,600;5421,563;-1176,475;0,000;9139,163;-68,788;5,225
2020-12-27;6;13527,525;5529,688;-825,438;0,000;9258,313;-426,250;-2,713
2020-12-27;7;14117,450;5683,238;-487,063;0,000;9521,750;-368,013;-233,250
2020-12-27;8;14501,100;5614,538;-483,588;0,000;9866,488;-444,375;-46,413
2020-12-27;9;15120,188;5365,225;-356,213;0,000;10508,363;-410,250;10,675
2020-12-27;10;15963,763;5496,800;-14,188;0,000;10903,425;-442,750;14,638
2020-12-27;11;16363,875;5584,725;11,838;0,000;11218,088;-459,650;24,338
2020-12-27;12;16502,213;5741,525;37,988;0,000;11307,525;-592,550;43,738
2020-12-27;13;16523,088;5853,450;204,450;0,000;11116,475;-567,513;120,838
2020-12-27;14;16773,175;5988,075;339,288;0,000;10845,175;-190,250;130,600
2020-12-27;15;16815,950;6070,388;363,175;0,000;10564,075;107,413;72,638
2020-12-27;16;17084,713;6260,413;495,075;0,000;10532,963;424,913;-131,113
2020-12-27;17;18164,663;6865,213;906,525;0,000;10757,575;675,438;-136,150
2020-12-27;18;18303,638;6716,425;945,288;0,000;10862,400;769,050;-41,875
2020-12-27;19;18420,500;6677,875;1023,738;0,000;10900,625;846,900;2,925
2020-12-27;20;18447,775;6719,363;680,675;0,000;10832,750;990,650;-86,700
2020-12-27;21;18135,713;6819,075;178,200;0,000;10831,825;447,275;47,888
2020-12-27;22;17463,375;6466,725;-6,500;0,000;10724,338;7,363;279,900
2020-12-27;23;16779,650;5949,850;-6,875;0,000;10590,963;-27,988;278,913
2020-12-27;24;15785,150;5934,788;-233,163;0,000;10309,313;-382,375;163,175
