Data;Godzina;Krajowe zapotrzebowanie na moc;Sumaryczna generacja JWCD;Generacja PI;Generacja IRZ;Sumaryczna generacja nJWCD;Krajowe saldo wymiany miêdzysystemowej równoleg³ej;Krajowe saldo wymiany miêdzysystemowej nierównoleg³ej
2020-04-09;1;15425,250;8509,363;-27,875;0,000;5994,013;690,888;262,338
2020-04-09;2;14877,738;8433,763;-147,513;0,000;6241,863;320,175;25,875
2020-04-09;3;14474,488;8353,413;-325,138;0,000;6219,113;210,888;12,713
2020-04-09;4;14449,263;8417,050;-351,675;0,000;6149,163;220,800;12,825
2020-04-09;5;14499,125;8526,400;-351,363;0,000;6203,125;85,913;32,800
2020-04-09;6;14772,538;8525,650;-611,850;0,000;6152,863;468,838;237,813
2020-04-09;7;15916,163;9134,225;-441,900;0,000;6060,725;565,763;598,300
2020-04-09;8;17463,875;10006,750;-219,938;0,000;6038,625;877,513;756,488
2020-04-09;9;18353,025;10699,113;9,438;0,000;5527,313;1253,725;884,225
2020-04-09;10;18518,463;10936,213;55,975;0,000;5106,450;1393,225;1093,550
2020-04-09;11;18513,188;10614,513;13,750;0,000;5314,363;1478,913;1110,000
2020-04-09;12;18674,838;10435,538;12,513;0,000;5633,225;1501,150;1109,988
2020-04-09;13;18489,238;9958,150;10,113;0,000;5919,125;1502,063;1113,700
2020-04-09;14;18276,113;9562,963;-7,588;0,000;6101,000;1500,088;1113,525
2020-04-09;15;17959,950;8819,850;-7,138;0,000;6566,475;1488,388;1089,050
2020-04-09;16;17877,725;8420,363;-7,538;0,000;6941,388;1413,150;1106,513
2020-04-09;17;17828,175;8489,063;-7,500;0,000;7099,950;1225,275;1021,788
2020-04-09;18;17967,475;8636,838;-7,513;0,000;7079,425;1149,525;1102,725
2020-04-09;19;18021,825;8837,100;55,525;0,000;6718,738;1353,888;1113,900
2020-04-09;20;18777,213;9921,063;202,025;0,000;6459,875;1282,463;1114,113
2020-04-09;21;19600,088;11139,413;174,088;0,000;6320,450;1037,575;1114,275
2020-04-09;22;18519,875;10446,788;2,700;0,000;6015,863;949,588;1114,313
2020-04-09;23;17324,288;8899,213;-9,013;0,000;5897,400;1427,288;1109,100
2020-04-09;24;16209,613;8694,350;-10,350;0,000;5614,950;961,713;953,425
