Data;Godzina;Krajowe zapotrzebowanie na moc;Sumaryczna generacja JWCD;Generacja PI;Generacja IRZ;Sumaryczna generacja nJWCD;Krajowe saldo wymiany miêdzysystemowej równoleg³ej;Krajowe saldo wymiany miêdzysystemowej nierównoleg³ej
2020-07-21;1;15934,550;10165,800;-9,013;0,000;4183,063;559,763;1034,588
2020-07-21;2;15363,000;10171,900;-137,188;0,000;4190,825;341,213;799,000
2020-07-21;3;14915,438;10296,925;-291,625;0,000;4056,550;152,763;700,563
2020-07-21;4;14875,463;10173,525;-417,513;0,000;4054,750;341,438;724,438
2020-07-21;5;14694,925;10267,500;-416,825;0,000;4006,950;141,438;699,825
2020-07-21;6;14826,025;10171,375;-415,613;0,000;3928,950;595,463;549,663
2020-07-21;7;17059,075;11533,700;-109,163;0,000;3997,238;581,988;1057,000
2020-07-21;8;19096,313;13015,925;-7,513;0,000;4177,588;687,700;1222,275
2020-07-21;9;20218,175;13864,563;73,063;0,000;4642,188;439,050;1276,350
2020-07-21;10;20755,913;14255,963;84,900;0,000;5316,163;-84,725;1277,150
2020-07-21;11;20797,075;13814,200;103,000;0,000;5791,863;-78,913;1276,050
2020-07-21;12;21182,100;13790,850;25,688;0,000;6158,350;-38,125;1276,400
2020-07-21;13;21199,138;13629,338;171,300;0,000;6285,375;23,975;1275,700
2020-07-21;14;21077,900;13377,788;259,313;0,000;6486,325;-57,888;1276,363
2020-07-21;15;20663,275;13110,650;111,125;0,000;6489,125;-203,475;1278,450
2020-07-21;16;20431,513;12752,675;124,238;0,000;6355,438;56,413;1278,150
2020-07-21;17;20101,313;12455,075;144,725;0,000;6219,713;154,563;1276,750
2020-07-21;18;19819,313;12729,788;341,275;0,000;5895,588;-70,788;1276,375
2020-07-21;19;19680,663;12875,088;186,013;0,000;5500,488;28,713;1276,288
2020-07-21;20;19714,338;12214,988;85,700;0,000;4866,525;1362,400;1277,425
2020-07-21;21;19782,863;12457,663;21,788;0,000;4465,225;1594,213;1275,075
2020-07-21;22;19701,950;12495,613;166,200;0,000;4454,588;1488,563;1277,500
2020-07-21;23;18415,075;11180,925;17,850;0,000;4487,713;1494,075;1273,050
2020-07-21;24;16962,338;10054,813;-8,688;0,000;4446,938;1275,525;1211,563
