Data;Godzina;Krajowe zapotrzebowanie na moc;Sumaryczna generacja JWCD;Generacja PI;Generacja IRZ;Sumaryczna generacja nJWCD;Krajowe saldo wymiany miêdzysystemowej równoleg³ej;Krajowe saldo wymiany miêdzysystemowej nierównoleg³ej
2020-04-11;1;14516,675;8482,750;-12,763;0,000;4783,488;773,588;496,025
2020-04-11;2;13812,838;8566,200;-12,588;0,000;4690,800;187,675;382,513
2020-04-11;3;13442,225;8647,113;-12,988;0,000;4668,900;-229,613;372,963
2020-04-11;4;13203,363;8539,013;-12,875;0,000;4599,000;-280,713;362,888
2020-04-11;5;13187,038;8466,688;-12,863;0,000;4598,225;-216,525;355,150
2020-04-11;6;13040,100;8121,963;-12,975;0,000;4670,688;-7,038;270,975
2020-04-11;7;13154,325;8141,250;-12,975;0,000;4785,113;52,913;193,288
2020-04-11;8;14164,913;8636,613;27,263;0,000;4812,925;373,175;358,500
2020-04-11;9;15411,438;9539,413;309,850;0,000;4864,050;652,438;369,563
2020-04-11;10;16438,813;9861,488;308,625;0,000;5197,663;933,325;461,713
2020-04-11;11;17025,150;9942,950;324,325;0,000;5469,638;1242,838;386,525
2020-04-11;12;17169,950;10019,938;217,250;0,000;5675,263;1119,450;366,338
2020-04-11;13;16972,000;9887,550;161,263;0,000;5629,813;1096,025;373,775
2020-04-11;14;16694,425;9925,825;213,338;0,000;5397,188;1025,288;358,725
2020-04-11;15;16141,150;9818,400;214,813;0,000;5158,213;858,200;316,300
2020-04-11;16;15648,125;9695,763;136,938;0,000;4974,650;652,450;334,250
2020-04-11;17;15483,438;9311,288;61,938;0,000;4766,600;851,938;562,550
2020-04-11;18;15361,375;9401,975;237,188;0,000;4485,350;848,450;635,038
2020-04-11;19;15556,150;9766,500;352,600;0,000;4311,175;800,475;682,525
2020-04-11;20;16182,900;10528,450;544,300;0,000;4455,175;466,775;732,775
2020-04-11;21;17040,675;11490,813;591,550;0,000;4833,150;201,225;521,050
2020-04-11;22;16200,850;10887,400;282,925;0,000;5057,563;61,738;201,763
2020-04-11;23;15188,125;9528,975;143,738;0,000;5427,750;-29,900;273,075
2020-04-11;24;13890,925;8084,075;42,788;0,000;5816,425;-32,725;42,538
