Data;Godzina;Krajowe zapotrzebowanie na moc;Sumaryczna generacja JWCD;Generacja PI;Generacja IRZ;Sumaryczna generacja nJWCD;Krajowe saldo wymiany miêdzysystemowej równoleg³ej;Krajowe saldo wymiany miêdzysystemowej nierównoleg³ej
2020-04-02;1;16476,750;8121,463;-10,550;0,000;8360,150;-299,288;310,800
2020-04-02;2;15892,663;7842,750;-120,325;0,000;8176,675;-423,638;416,625
2020-04-02;3;15488,100;7842,413;-466,100;0,000;8133,313;-453,338;432,050
2020-04-02;4;15335,425;7899,625;-539,763;0,000;8125,513;-578,050;431,163
2020-04-02;5;15568,638;8051,100;-621,588;0,000;8051,150;-334,100;424,613
2020-04-02;6;16096,875;8418,013;-449,988;0,000;8040,838;-205,513;295,100
2020-04-02;7;17421,500;8878,200;-115,350;0,000;8047,288;141,025;473,138
2020-04-02;8;18990,188;9918,613;-6,638;0,000;7886,250;492,013;698,825
2020-04-02;9;19932,475;10532,250;103,188;0,000;7693,550;800,500;915,663
2020-04-02;10;20400,575;10944,163;322,550;0,000;7671,388;781,350;1017,963
2020-04-02;11;20340,925;10892,775;285,725;0,000;7687,938;749,763;1025,500
2020-04-02;12;20413,463;10725,425;266,825;0,000;7928,838;738,038;1026,563
2020-04-02;13;20198,100;9649,250;64,850;0,000;8192,900;1069,150;1290,563
2020-04-02;14;20052,025;9575,163;242,788;0,000;8094,025;1067,600;1325,725
2020-04-02;15;19663,588;9174,963;212,175;0,000;8136,050;1044,813;1321,263
2020-04-02;16;19351,775;9142,750;217,025;0,000;8057,413;936,625;1232,463
2020-04-02;17;19109,638;9224,388;303,213;0,000;8031,025;734,813;1127,325
2020-04-02;18;19043,600;9433,625;495,363;0,000;7827,675;744,100;1044,063
2020-04-02;19;19317,813;9504,050;500,388;0,000;7573,563;928,200;1312,988
2020-04-02;20;20352,988;10208,713;426,700;0,000;7783,300;1155,763;1205,300
2020-04-02;21;20863,163;10952,763;351,775;0,000;8085,925;689,950;1142,788
2020-04-02;22;19653,650;9812,463;208,700;0,000;8308,163;652,150;892,325
2020-04-02;23;18503,650;9070,013;51,125;0,000;8476,650;331,313;637,838
2020-04-02;24;17384,038;8323,300;-5,725;0,000;8803,950;-159,450;428,388
