Data;Godzina;Krajowe zapotrzebowanie na moc;Sumaryczna generacja JWCD;Generacja PI;Generacja IRZ;Sumaryczna generacja nJWCD;Krajowe saldo wymiany miêdzysystemowej równoleg³ej;Krajowe saldo wymiany miêdzysystemowej nierównoleg³ej
2020-10-21;1;17336,438;9727,450;-236,400;0,000;7374,650;-176,588;652,425
2020-10-21;2;16869,750;9889,175;-685,113;0,000;7218,575;-188,075;639,813
2020-10-21;3;16526,988;9878,475;-734,938;0,000;7047,100;-265,275;607,013
2020-10-21;4;16537,163;9992,925;-733,175;0,000;7009,663;-369,988;646,800
2020-10-21;5;16795,025;9974,863;-730,838;0,000;6991,800;-88,525;653,550
2020-10-21;6;17568,200;10147,038;-711,113;0,000;6853,613;637,038;642,863
2020-10-21;7;20121,125;11488,163;-125,725;0,000;6789,888;1249,300;713,763
2020-10-21;8;21989,188;13306,938;20,363;0,000;6856,438;1278,425;549,550
2020-10-21;9;22966,875;13690,763;73,575;0,000;6840,188;1607,500;830,900
2020-10-21;10;23311,250;14108,750;196,163;0,000;6787,400;1582,388;838,563
2020-10-21;11;23229,750;14075,563;402,075;0,000;6722,975;1806,450;622,100
2020-10-21;12;23496,550;14254,025;597,538;0,000;6745,988;1637,413;858,550
2020-10-21;13;23437,213;14266,338;556,875;0,000;6661,100;1640,975;873,788
2020-10-21;14;23254,250;14309,638;415,475;0,000;6470,225;1612,150;866,288
2020-10-21;15;22880,550;13907,000;47,638;0,000;6427,113;1685,163;869,188
2020-10-21;16;22616,938;13812,225;-7,125;0,000;6336,888;1605,825;868,775
2020-10-21;17;22344,525;13742,788;44,650;0,000;6315,250;1429,200;864,350
2020-10-21;18;22743,450;13743,788;205,250;0,000;6719,950;1421,963;863,563
2020-10-21;19;23636,238;14085,313;613,550;0,000;7311,363;1260,950;974,188
2020-10-21;20;23633,738;13742,113;563,963;0,000;7729,688;866,325;1291,600
2020-10-21;21;22930,888;12576,825;176,913;0,000;8066,350;948,825;1348,250
2020-10-21;22;21320,350;11422,413;16,450;0,000;8271,625;355,638;1284,700
2020-10-21;23;19768,863;10236,350;-4,300;0,000;8592,050;83,063;875,513
2020-10-21;24;18474,113;9496,325;-8,588;0,000;8745,913;-448,038;696,963
