Data;Godzina;Krajowe zapotrzebowanie na moc;Sumaryczna generacja JWCD;Generacja PI;Generacja IRZ;Sumaryczna generacja nJWCD;Krajowe saldo wymiany miêdzysystemowej równoleg³ej;Krajowe saldo wymiany miêdzysystemowej nierównoleg³ej
2020-03-11;1;17591,275;8356,825;-650,188;0,000;9746,275;-105,513;247,425
2020-03-11;2;17029,788;8188,188;-1118,775;0,000;9776,350;-104,288;295,488
2020-03-11;3;16753,038;8064,450;-1302,050;0,000;9717,350;-50,975;326,913
2020-03-11;4;16873,713;8168,925;-1308,913;0,000;9796,200;-64,050;280,625
2020-03-11;5;17124,675;8520,388;-1242,688;0,000;9675,125;-60,925;233,988
2020-03-11;6;17776,188;8957,763;-662,725;0,000;9595,000;-413,275;299,238
2020-03-11;7;19878,363;10126,575;-177,863;0,000;9791,213;-330,250;467,075
2020-03-11;8;22011,125;11876,063;-7,713;0,000;9710,338;-369,600;797,725
2020-03-11;9;22898,563;12433,025;128,150;0,000;9890,288;-467,600;1040,438
2020-03-11;10;22898,263;12052,200;297,163;0,000;9940,625;-159,600;1068,125
2020-03-11;11;22462,888;11411,800;132,725;0,000;9975,163;-30,838;1106,900
2020-03-11;12;22439,763;11649,825;107,325;0,000;9946,313;-260,488;1111,825
2020-03-11;13;22178,938;11376,725;89,700;0,000;9855,538;-152,475;1111,700
2020-03-11;14;22019,575;11168,088;7,450;0,000;9818,663;-19,525;1057,363
2020-03-11;15;21623,550;10794,350;-3,938;0,000;9873,000;-86,913;1043,063
2020-03-11;16;21571,638;10595,713;-4,050;0,000;9805,025;-135,138;1306,050
2020-03-11;17;21635,075;10902,888;114,925;0,000;9397,013;26,063;1313,050
2020-03-11;18;22120,063;12036,725;312,263;0,000;8953,300;-11,138;1138,088
2020-03-11;19;23378,388;13586,763;445,550;0,000;8772,850;192,138;822,475
2020-03-11;20;23528,825;13467,688;492,500;0,000;8646,600;147,738;1278,938
2020-03-11;21;22974,625;12824,950;326,975;0,000;8665,663;175,488;1311,438
2020-03-11;22;21571,213;11522,563;2,025;0,000;8698,325;240,038;1129,500
2020-03-11;23;19985,138;10564,413;-10,275;0,000;8533,400;226,063;675,625
2020-03-11;24;18691,713;9840,038;-10,338;0,000;8603,550;13,100;251,588
