Data;Godzina;Krajowe zapotrzebowanie na moc;Sumaryczna generacja JWCD;Generacja PI;Generacja IRZ;Sumaryczna generacja nJWCD;Krajowe saldo wymiany miêdzysystemowej równoleg³ej;Krajowe saldo wymiany miêdzysystemowej nierównoleg³ej
2020-04-30;1;15232,025;8736,200;-213,500;0,000;4271,050;1324,500;1123,213
2020-04-30;2;14698,400;8876,650;-480,413;0,000;4225,688;1113,913;968,013
2020-04-30;3;14373,213;9060,550;-770,688;0,000;4237,550;1123,500;727,438
2020-04-30;4;14325,563;9112,913;-834,400;0,000;4224,200;1118,363;711,350
2020-04-30;5;14380,388;9026,425;-941,325;0,000;4282,688;1114,025;902,275
2020-04-30;6;14333,738;8813,225;-1004,300;0,000;4277,150;1257,188;994,363
2020-04-30;7;16059,775;9665,575;-162,650;0,000;4491,513;1375,175;696,450
2020-04-30;8;17875,700;11292,275;-6,638;0,000;4572,363;1440,200;582,838
2020-04-30;9;18786,788;12053,100;-5,538;0,000;4598,400;1454,250;698,150
2020-04-30;10;19187,513;12021,675;-4,500;0,000;4898,638;1455,838;826,188
2020-04-30;11;19223,350;11869,063;13,475;0,000;5073,538;1391,338;897,800
2020-04-30;12;19457,475;11724,938;-1,075;0,000;5321,400;1419,525;1007,988
2020-04-30;13;19262,000;11556,075;-3,725;0,000;5425,363;1307,188;989,713
2020-04-30;14;19010,638;11359,725;-3,463;0,000;5385,125;1354,975;917,663
2020-04-30;15;18543,688;10641,825;13,700;0,000;5359,900;1455,475;1090,663
2020-04-30;16;18254,525;10332,950;131,938;0,000;5338,638;1495,475;1090,163
2020-04-30;17;17830,488;10412,113;233,075;0,000;5049,188;1507,738;874,938
2020-04-30;18;17476,613;10308,775;491,550;0,000;4887,500;1420,825;867,863
2020-04-30;19;17376,200;10431,650;460,400;0,000;4808,538;1371,000;772,763
2020-04-30;20;17678,138;10910,813;561,463;0,000;4805,950;1354,838;616,438
2020-04-30;21;18356,750;10940,775;646,625;0,000;5109,263;1362,588;948,850
2020-04-30;22;17841,863;9714,088;599,763;0,000;5487,538;1454,038;1196,900
2020-04-30;23;16629,550;8853,400;229,163;0,000;5622,300;1217,000;951,900
2020-04-30;24;15465,163;8173,000;-8,925;0,000;5752,613;1105,088;451,525
