Data;Godzina;Krajowe zapotrzebowanie na moc;Sumaryczna generacja JWCD;Sumaryczna generacja nJWCD;Krajowe saldo wymiany miêdzysystemowej równoleg³ej;Krajowe saldo wymiany miêdzysystemowej nierównoleg³ej
2021-03-22;1;16612,188;9155,550;6914,763;106,463;621,875
2021-03-22;2;16191,075;9258,538;6842,575;-129,825;571,100
2021-03-22;3;16064,738;9110,763;6901,888;-169,513;572,713
2021-03-22;4;16118,175;9315,463;6903,063;-237,238;563,175
2021-03-22;5;16485,738;9905,375;6862,075;-157,775;427,425
2021-03-22;6;17233,938;10565,700;6845,850;-4,950;382,038
2021-03-22;7;19871,200;12183,888;6897,150;319,113;639,625
2021-03-22;8;22370,713;14191,138;7002,175;387,938;808,213
2021-03-22;9;23668,888;14856,838;7205,013;608,375;1009,450
2021-03-22;10;23765,813;14053,413;7600,113;785,788;1342,450
2021-03-22;11;23488,225;13358,688;8184,363;598,200;1359,200
2021-03-22;12;23763,050;13241,538;8626,713;545,750;1356,950
2021-03-22;13;23749,988;12900,425;8458,200;1053,800;1352,150
2021-03-22;14;23804,438;12923,713;8495,600;1047,275;1354,688
2021-03-22;15;23251,525;12773,525;8225,100;918,438;1356,425
2021-03-22;16;22815,588;12794,238;7679,800;1002,375;1355,463
2021-03-22;17;22793,038;13590,025;7040,088;814,513;1359,838
2021-03-22;18;22964,013;14618,613;6489,500;509,475;1358,113
2021-03-22;19;23840,875;15457,888;6622,875;410,200;1359,638
2021-03-22;20;24283,600;15512,738;7059,725;363,463;1360,950
2021-03-22;21;23633,150;14240,475;7410,738;636,600;1361,213
2021-03-22;22;21946,250;12364,050;7492,663;751,250;1358,988
2021-03-22;23;20543,525;10574,163;7471,250;1175,088;1339,188
2021-03-22;24;19327,975;10014,425;7414,800;787,313;1152,788
