Data;Godzina;Krajowe zapotrzebowanie na moc;Sumaryczna generacja JWCD;Sumaryczna generacja nJWCD;Krajowe saldo wymiany miêdzysystemowej równoleg³ej;Krajowe saldo wymiany miêdzysystemowej nierównoleg³ej
2021-04-02;1;17228,438;9498,075;6257,038;632,388;856,738
2021-04-02;2;16492,663;9516,988;6118,275;203,638;668,938
2021-04-02;3;16090,763;9410,963;6097,000;-2,763;697,138
2021-04-02;4;16050,738;9542,500;5910,925;223,138;729,188
2021-04-02;5;16322,113;9354,900;5855,488;601,400;863,875
2021-04-02;6;16735,575;9300,613;5884,563;601,575;1256,963
2021-04-02;7;17997,900;9916,988;5867,450;1030,263;1275,113
2021-04-02;8;19735,288;11686,513;5833,438;1106,350;1117,338
2021-04-02;9;20899,175;12557,300;6004,900;1263,725;1078,588
2021-04-02;10;21403,500;12834,388;6299,163;1017,663;1258,713
2021-04-02;11;21441,725;12086,338;6923,150;1154,325;1283,013
2021-04-02;12;21554,288;11304,100;7631,463;1341,813;1280,188
2021-04-02;13;21411,113;10759,425;8125,138;1254,625;1285,263
2021-04-02;14;21471,950;10337,588;8693,913;1173,375;1283,575
2021-04-02;15;21000,400;9902,463;8842,675;989,363;1283,950
2021-04-02;16;20779,688;9511,125;8616,713;1374,350;1283,575
2021-04-02;17;20640,813;10280,650;7989,325;1092,025;1284,288
2021-04-02;18;20592,663;11042,700;7179,950;1088,263;1283,438
2021-04-02;19;20622,300;11818,700;6298,175;1244,488;1281,125
2021-04-02;20;21413,825;13111,475;5893,650;1133,700;1282,688
2021-04-02;21;21829,425;13560,013;5856,100;1138,363;1283,438
2021-04-02;22;20352,825;11977,038;5825,213;1282,813;1280,450
2021-04-02;23;18777,050;10540,800;5888,100;1162,688;1200,463
2021-04-02;24;17284,350;8988,963;5791,638;1369,238;1157,100
