Data;Godzina;Krajowe zapotrzebowanie na moc;Sumaryczna generacja JWCD;Sumaryczna generacja nJWCD;Krajowe saldo wymiany miêdzysystemowej równoleg³ej;Krajowe saldo wymiany miêdzysystemowej nierównoleg³ej
2021-05-01;1;16333,313;12008,075;4689,325;-885,988;532,813
2021-05-01;2;15737,938;11942,238;4585,250;-1260,988;486,125
2021-05-01;3;15376,988;11660,650;4611,975;-1354,563;477,913
2021-05-01;4;15197,625;10886,425;4659,700;-929,263;592,313
2021-05-01;5;14982,488;10375,550;4715,525;-644,325;553,525
2021-05-01;6;14098,538;9768,025;4791,900;-798,325;355,238
2021-05-01;7;14201,838;9214,675;5009,713;-167,213;341,925
2021-05-01;8;15193,425;9692,488;5147,863;-128,888;572,838
2021-05-01;9;16280,613;10229,488;5178,700;160,850;726,475
2021-05-01;10;17237,875;10484,400;5431,888;509,413;823,963
2021-05-01;11;17548,938;10145,050;5415,838;1082,338;931,425
2021-05-01;12;17819,863;10194,288;5639,238;1203,263;938,088
2021-05-01;13;17856,863;10346,575;5850,300;1045,200;952,950
2021-05-01;14;17587,288;10202,913;5811,163;1126,625;814,650
2021-05-01;15;17246,838;10311,675;5757,375;1071,275;759,213
2021-05-01;16;17004,963;10358,850;5512,188;566,463;860,250
2021-05-01;17;16637,463;10060,488;5325,525;732,750;546,950
2021-05-01;18;16526,013;10063,038;5145,413;595,063;733,750
2021-05-01;19;16700,925;10427,213;5075,663;252,225;955,600
2021-05-01;20;16900,363;11415,950;5027,825;-571,963;1040,150
2021-05-01;21;17474,713;12388,075;5006,575;-773,750;864,950
2021-05-01;22;17160,175;11643,313;5046,325;-503,538;994,000
2021-05-01;23;16302,325;10895,050;4890,825;-387,525;927,438
2021-05-01;24;15299,000;10330,188;4877,375;-743,038;862,775
