Data;Godzina;Krajowe zapotrzebowanie na moc;Sumaryczna generacja JWCD;Sumaryczna generacja nJWCD;Krajowe saldo wymiany miêdzysystemowej równoleg³ej;Krajowe saldo wymiany miêdzysystemowej nierównoleg³ej
2021-02-23;1;18364,013;9651,800;7022,075;922,588;784,700
2021-02-23;2;17828,313;9741,888;6964,113;374,825;816,650
2021-02-23;3;17606,850;10051,513;6907,663;-31,400;830,200
2021-02-23;4;17451,113;9901,425;6846,400;80,413;770,300
2021-02-23;5;17994,063;9961,225;6827,413;627,350;723,788
2021-02-23;6;18830,763;10593,100;6810,413;780,863;958,763
2021-02-23;7;20915,125;12121,013;6879,813;1027,900;1020,675
2021-02-23;8;22762,288;12969,738;7356,550;1346,225;1101,563
2021-02-23;9;23658,638;13496,313;7553,863;1514,488;1111,925
2021-02-23;10;23719,788;13499,225;7636,688;1491,625;1108,550
2021-02-23;11;23380,750;13201,888;7552,188;1530,488;1122,488
2021-02-23;12;23271,500;13456,363;7182,413;1540,200;1121,763
2021-02-23;13;22939,938;13622,963;6668,600;1569,025;1102,138
2021-02-23;14;22754,250;13759,725;6299,888;1713,963;1005,863
2021-02-23;15;22519,713;13710,963;6132,025;1704,175;991,200
2021-02-23;16;22531,863;13831,900;5965,788;1690,513;1053,450
2021-02-23;17;22812,125;13961,013;6080,788;1731,838;1047,750
2021-02-23;18;23758,063;14641,450;6551,738;1575,600;992,313
2021-02-23;19;24285,388;14520,063;7177,638;1495,000;1094,650
2021-02-23;20;24170,325;14164,875;7501,038;1391,163;1123,325
2021-02-23;21;23605,675;13124,750;7852,425;1531,088;1115,700
2021-02-23;22;22007,400;11532,900;8018,313;1458,313;1018,188
2021-02-23;23;20429,913;10528,013;7989,800;949,125;989,050
2021-02-23;24;19094,263;9874,450;7609,850;863,250;771,650
