Data;Godzina;Krajowe zapotrzebowanie na moc;Sumaryczna generacja JWCD;Sumaryczna generacja nJWCD;Krajowe saldo wymiany miêdzysystemowej równoleg³ej;Krajowe saldo wymiany miêdzysystemowej nierównoleg³ej
2021-03-04;1;18224,488;9460,400;8355,438;404,550;255,463
2021-03-04;2;17641,225;9697,975;8324,700;174,263;240,563
2021-03-04;3;17329,125;9821,913;8419,838;-101,263;281,663
2021-03-04;4;17179,488;9708,563;8446,175;-135,488;241,838
2021-03-04;5;17792,863;9903,200;8540,500;247,500;237,313
2021-03-04;6;18451,088;10547,863;8373,213;475,313;-9,913
2021-03-04;7;20305,350;11296,488;8355,588;298,813;516,350
2021-03-04;8;22356,175;12847,488;8421,625;394,725;703,938
2021-03-04;9;23294,613;13492,500;8064,863;815,950;928,425
2021-03-04;10;23642,425;14044,913;7836,900;831,650;940,288
2021-03-04;11;23473,138;13281,813;7816,513;1252,538;1139,250
2021-03-04;12;23819,050;13607,013;7775,238;1405,313;1047,825
2021-03-04;13;24102,650;13601,250;7657,963;1683,975;1181,463
2021-03-04;14;24092,575;13698,475;7508,388;1698,525;1210,588
2021-03-04;15;23764,688;13723,788;7200,438;1578,625;1273,950
2021-03-04;16;23504,613;13719,563;6999,975;1494,250;1305,638
2021-03-04;17;23316,363;13771,688;6742,850;1484,263;1333,313
2021-03-04;18;23700,913;14394,688;6475,913;1503,563;1341,213
2021-03-04;19;24296,600;15059,350;6436,613;1470,350;1339,125
2021-03-04;20;24250,025;15052,075;6389,275;1488,438;1341,775
2021-03-04;21;23732,713;14578,250;6306,175;1523,125;1340,525
2021-03-04;22;22166,313;13134,838;6203,725;1512,700;1326,188
2021-03-04;23;20580,125;11618,513;6071,300;1586,338;1319,925
2021-03-04;24;19220,088;10476,775;5992,000;1551,300;1300,263
