Data;Godzina;Krajowe zapotrzebowanie na moc;Sumaryczna generacja JWCD;Sumaryczna generacja nJWCD;Krajowe saldo wymiany miêdzysystemowej równoleg³ej;Krajowe saldo wymiany miêdzysystemowej nierównoleg³ej
2021-04-14;1;17802,213;11341,338;6115,925;-593,250;1069,800
2021-04-14;2;17194,538;11554,550;6007,850;-1125,013;1025,700
2021-04-14;3;16957,438;11483,900;5976,500;-1159,575;998,013
2021-04-14;4;17040,038;11575,813;5955,400;-1025,100;876,400
2021-04-14;5;17442,575;12394,988;5954,775;-1178,650;618,838
2021-04-14;6;17808,738;13190,500;5964,875;-1365,188;336,525
2021-04-14;7;19768,325;15164,638;5979,463;-1469,200;124,738
2021-04-14;8;21985,600;16378,938;6088,925;-500,763;33,675
2021-04-14;9;23333,525;16881,538;6321,863;-12,363;168,225
2021-04-14;10;23592,575;16339,963;6585,063;-258,013;952,025
2021-04-14;11;23573,000;15163,713;6991,463;194,963;1250,238
2021-04-14;12;23809,888;15372,800;7427,988;-261,338;1275,588
2021-04-14;13;24081,475;15112,125;8038,100;-338,950;1290,938
2021-04-14;14;23494,025;14594,550;7993,425;-359,113;1290,113
2021-04-14;15;23252,150;14189,463;8282,650;-495,363;1286,075
2021-04-14;16;22950,800;13822,050;8250,500;-395,550;1286,888
2021-04-14;17;22596,775;13762,050;8063,313;-509,300;1288,400
2021-04-14;18;22244,863;14100,388;7883,375;-986,800;1260,763
2021-04-14;19;22251,363;15217,700;7623,825;-1234,300;648,300
2021-04-14;20;22778,438;16123,913;7483,425;-1434,425;611,313
2021-04-14;21;23229,825;16290,750;7418,525;-1300,963;827,200
2021-04-14;22;22002,863;15136,263;7322,263;-1041,538;603,900
2021-04-14;23;20472,600;13790,463;7281,000;-1378,900;799,738
2021-04-14;24;19228,250;12355,450;7254,663;-1070,750;704,225
