Data;Godzina;Krajowe zapotrzebowanie na moc;Sumaryczna generacja JWCD;Sumaryczna generacja nJWCD;Krajowe saldo wymiany miêdzysystemowej równoleg³ej;Krajowe saldo wymiany miêdzysystemowej nierównoleg³ej
2021-07-21;1;17091,313;13873,050;4697,275;-2269,525;809,888
2021-07-21;2;16313,950;12667,750;4631,800;-1825,738;877,425
2021-07-21;3;15971,425;12247,075;4586,188;-1602,638;888,338
2021-07-21;4;15947,888;12286,238;4496,050;-1564,713;890,975
2021-07-21;5;15865,488;12562,550;4397,150;-1773,675;895,925
2021-07-21;6;16066,475;13180,838;4343,700;-2282,513;869,675
2021-07-21;7;18410,675;15323,288;4332,875;-1650,550;425,325
2021-07-21;8;20500,088;15773,275;4554,738;-2,400;179,563
2021-07-21;9;21641,888;16271,163;5174,825;198,863;9,663
2021-07-21;10;21933,988;16182,913;5802,288;26,638;-68,625
2021-07-21;11;21965,813;15596,213;6143,338;350,300;-113,838
2021-07-21;12;22315,488;15496,050;6320,600;616,000;-99,325
2021-07-21;13;22671,450;16052,950;6423,913;310,175;-97,488
2021-07-21;14;22734,738;15814,675;6597,175;425,275;-95,100
2021-07-21;15;22341,900;15565,988;6594,838;217,150;-29,588
2021-07-21;16;21964,038;15013,525;6060,413;953,825;-49,250
2021-07-21;17;21810,800;15192,900;5736,763;739,538;149,475
2021-07-21;18;21475,125;16454,875;5143,575;-403,700;293,963
2021-07-21;19;21330,425;16789,450;4655,850;-803,663;702,163
2021-07-21;20;21412,013;17243,538;4074,775;-598,275;707,275
2021-07-21;21;21489,213;17484,350;3754,500;-574,638;835,688
2021-07-21;22;21255,075;17456,950;3720,825;-784,788;875,200
2021-07-21;23;19852,875;16495,500;3600,513;-1085,975;867,563
2021-07-21;24;18455,488;16107,463;3509,950;-2019,075;878,163
