Data;Godzina;Krajowe zapotrzebowanie na moc;Sumaryczna generacja JWCD;Sumaryczna generacja nJWCD;Krajowe saldo wymiany miêdzysystemowej równoleg³ej;Krajowe saldo wymiany miêdzysystemowej nierównoleg³ej
2021-03-21;1;16610,800;7022,400;9751,063;-1232,538;1140,513
2021-03-21;2;16062,613;7196,275;9883,638;-1632,700;1148,388
2021-03-21;3;15707,138;7021,813;9982,613;-1489,113;1150,775
2021-03-21;4;15532,213;6982,350;9920,313;-1513,975;1151,500
2021-03-21;5;15633,688;7072,813;9803,663;-1389,988;1149,400
2021-03-21;6;15406,138;6914,688;9762,100;-1275,263;1124,450
2021-03-21;7;15547,738;6720,413;9853,450;-591,875;700,363
2021-03-21;8;16411,213;6877,625;9969,100;-296,775;664,925
2021-03-21;9;17337,650;7235,700;9904,938;-229,775;665,000
2021-03-21;10;18112,913;8158,025;9726,825;-432,813;681,638
2021-03-21;11;19050,488;8689,575;9725,613;-208,538;857,425
2021-03-21;12;19428,175;9091,063;9596,763;-122,075;867,025
2021-03-21;13;19547,513;9179,075;9487,113;23,350;866,413
2021-03-21;14;19697,700;8898,563;9504,975;445,625;867,850
2021-03-21;15;19131,350;8583,563;9200,775;490,475;864,900
2021-03-21;16;18520,850;8441,088;8641,163;584,563;865,275
2021-03-21;17;18520,500;8620,113;8168,238;875,100;863,688
2021-03-21;18;18761,425;9306,100;7630,938;929,825;900,700
2021-03-21;19;19802,925;10129,625;7361,975;1000,638;1317,050
2021-03-21;20;20311,888;11097,925;7318,225;655,900;1245,375
2021-03-21;21;19813,900;10288,488;7288,375;905,063;1343,100
2021-03-21;22;18914,938;9669,275;7277,763;637,325;1350,550
2021-03-21;23;18164,563;9226,150;7024,138;581,938;1350,988
2021-03-21;24;17270,250;8614,538;6929,000;542,475;1200,425
