Data;Godzina;Krajowe zapotrzebowanie na moc;Sumaryczna generacja JWCD;Sumaryczna generacja nJWCD;Krajowe saldo wymiany miêdzysystemowej równoleg³ej;Krajowe saldo wymiany miêdzysystemowej nierównoleg³ej
2021-07-11;1;15348,188;13905,813;3202,650;-2559,150;819,938
2021-07-11;2;14575,550;12611,163;3220,463;-2136,838;898,763
2021-07-11;3;14151,025;11879,700;3179,225;-1745,575;905,400
2021-07-11;4;13791,563;11388,938;3180,925;-1608,800;906,325
2021-07-11;5;13289,700;11166,575;3205,838;-1899,288;891,900
2021-07-11;6;13079,713;10931,088;3376,325;-1891,375;743,163
2021-07-11;7;13843,488;11044,363;3879,913;-1484,013;428,075
2021-07-11;8;14632,225;11083,413;4345,563;-1028,488;247,438
2021-07-11;9;15498,113;10989,538;4695,438;-176,925;6,800
2021-07-11;10;16260,563;10996,175;5303,038;64,463;-86,450
2021-07-11;11;16992,013;11905,125;5802,700;-603,700;-93,463
2021-07-11;12;17147,200;12232,238;5885,188;-870,463;-90,975
2021-07-11;13;17060,375;11914,263;5721,188;-492,413;-66,963
2021-07-11;14;17100,450;11275,900;5791,625;108,150;-53,488
2021-07-11;15;16914,138;10874,625;5724,663;372,850;-40,525
2021-07-11;16;16975,713;10852,175;5684,325;543,713;-88,238
2021-07-11;17;16917,588;11470,650;5463,463;88,025;-92,175
2021-07-11;18;17188,388;11656,488;5183,025;451,363;-91,075
2021-07-11;19;17496,075;13859,913;4651,800;-914,825;-89,763
2021-07-11;20;17798,800;15971,075;4243,625;-2347,975;-53,250
2021-07-11;21;17916,925;16286,888;4096,363;-2463,863;7,200
2021-07-11;22;17944,663;16062,888;4277,588;-2359,213;-28,000
2021-07-11;23;17503,063;15349,675;4582,925;-2495,388;156,938
2021-07-11;24;16430,050;13728,475;4572,700;-2182,775;580,050
