Data;Godzina;Krajowe zapotrzebowanie na moc;Sumaryczna generacja JWCD;Sumaryczna generacja nJWCD;Krajowe saldo wymiany miêdzysystemowej równoleg³ej;Krajowe saldo wymiany miêdzysystemowej nierównoleg³ej
2021-06-12;1;16986,288;13381,113;3030,513;112,950;483,938
2021-06-12;2;16101,975;12609,113;3057,138;-464,088;916,150
2021-06-12;3;15657,913;11897,538;3214,700;-406,050;962,688
2021-06-12;4;15366,988;10752,050;3439,375;226,300;963,175
2021-06-12;5;14708,625;10229,788;3627,075;-90,788;959,100
2021-06-12;6;14686,025;9966,500;3854,338;-49,025;931,863
2021-06-12;7;15887,238;10328,100;4111,925;498,438;963,413
2021-06-12;8;17311,538;11145,750;4488,075;738,138;960,800
2021-06-12;9;18583,650;11722,988;5020,000;1003,300;855,738
2021-06-12;10;19590,788;12457,250;5692,938;1000,588;452,338
2021-06-12;11;20021,275;12117,438;6257,000;1206,400;453,025
2021-06-12;12;20339,913;11711,413;6491,463;1249,200;908,813
2021-06-12;13;19930,763;11558,575;6184,325;1238,475;958,725
2021-06-12;14;19420,863;11277,850;6071,963;1123,613;960,450
2021-06-12;15;19084,613;11139,450;6106,725;880,825;962,900
2021-06-12;16;18668,813;11320,438;5806,213;719,275;832,725
2021-06-12;17;18405,800;11241,200;5949,700;548,363;675,688
2021-06-12;18;18358,413;11298,913;5926,113;465,650;678,500
2021-06-12;19;18084,788;10903,850;5780,550;672,350;735,275
2021-06-12;20;18054,500;10600,225;5931,800;844,575;689,038
2021-06-12;21;17787,488;10525,300;6224,875;562,038;487,663
2021-06-12;22;17496,988;10100,413;6372,938;442,813;596,663
2021-06-12;23;16662,225;9318,638;6568,513;447,713;347,163
2021-06-12;24;15474,850;8453,338;6834,363;45,550;162,050
