Data;Godzina;Krajowe zapotrzebowanie na moc;Sumaryczna generacja JWCD;Sumaryczna generacja nJWCD;Krajowe saldo wymiany miêdzysystemowej równoleg³ej;Krajowe saldo wymiany miêdzysystemowej nierównoleg³ej
2021-01-30;1;18937,688;11154,238;5681,713;1377,200;741,063
2021-01-30;2;18285,350;10939,275;5723,350;1065,500;574,800
2021-01-30;3;17934,788;10968,825;5712,388;984,438;297,725
2021-01-30;4;17844,275;11448,713;5778,163;687,538;260,375
2021-01-30;5;17912,525;11396,375;5896,900;617,275;360,225
2021-01-30;6;18026,525;11176,325;6147,938;463,088;596,163
2021-01-30;7;18854,125;11088,313;6302,100;1011,650;708,313
2021-01-30;8;19513,975;11021,975;6416,075;1186,863;952,350
2021-01-30;9;20757,013;11892,888;6505,800;1369,525;1050,763
2021-01-30;10;21911,025;12823,700;6745,138;1376,025;975,475
2021-01-30;11;22420,475;13419,825;6917,100;1072,488;1026,113
2021-01-30;12;22734,138;13818,050;7170,750;889,725;872,575
2021-01-30;13;22476,525;13711,125;7308,525;652,863;823,625
2021-01-30;14;22204,313;13043,575;7529,375;597,288;1052,763
2021-01-30;15;21497,413;12007,550;7578,575;893,100;1033,763
2021-01-30;16;21200,650;11717,375;7597,725;845,325;1052,863
2021-01-30;17;21534,675;12348,988;7598,550;608,425;992,125
2021-01-30;18;22415,325;13601,625;7639,900;862,613;312,125
2021-01-30;19;22237,313;13981,725;7713,688;418,713;126,438
2021-01-30;20;21895,763;13514,950;7692,200;199,013;495,363
2021-01-30;21;21184,875;12128,413;7539,725;601,638;921,413
2021-01-30;22;20064,713;11361,063;7431,475;539,913;745,950
2021-01-30;23;19136,988;10970,763;7444,575;98,238;646,188
2021-01-30;24;17990,413;10299,150;7417,250;0,063;320,263
