Data;Godzina;Krajowe zapotrzebowanie na moc;Sumaryczna generacja JWCD;Sumaryczna generacja nJWCD;Krajowe saldo wymiany miêdzysystemowej równoleg³ej;Krajowe saldo wymiany miêdzysystemowej nierównoleg³ej
2021-05-22;1;16486,650;9844,063;5404,400;821,863;635,800
2021-05-22;2;15688,413;9847,200;5127,238;248,400;813,925
2021-05-22;3;15407,900;10053,550;5114,250;-228,100;820,438
2021-05-22;4;15311,825;9988,925;5249,750;-400,313;822,238
2021-05-22;5;15028,875;9616,500;5183,463;-323,838;822,488
2021-05-22;6;14652,338;9222,950;5111,600;-489,675;820,213
2021-05-22;7;15755,150;10140,363;5119,075;-316,475;818,988
2021-05-22;8;17108,900;10617,525;5221,925;456,100;820,375
2021-05-22;9;18358,075;11416,288;5180,613;944,900;820,500
2021-05-22;10;19371,850;11970,950;5491,163;1094,513;821,700
2021-05-22;11;19712,788;12118,650;5668,163;1109,963;820,213
2021-05-22;12;19995,700;12205,988;5997,763;980,425;822,113
2021-05-22;13;19736,750;11289,725;6317,575;1313,338;823,538
2021-05-22;14;19529,788;10774,588;6714,338;1228,175;825,125
2021-05-22;15;18936,563;9980,163;6794,025;1344,313;822,863
2021-05-22;16;18569,713;9917,950;6771,950;1065,688;821,888
2021-05-22;17;17990,175;9988,775;6348,950;831,613;823,900
2021-05-22;18;17814,088;10252,188;6015,725;728,088;824,325
2021-05-22;19;17802,213;10410,038;5500,350;1087,063;805,788
2021-05-22;20;17756,900;10909,275;5181,513;1022,625;647,163
2021-05-22;21;17813,338;11754,575;5220,075;192,463;641,575
2021-05-22;22;17904,550;10990,150;5391,700;881,800;643,913
2021-05-22;23;16834,600;9917,513;5418,188;859,650;645,788
2021-05-22;24;15661,613;8980,600;5801,150;255,200;635,950
