Data;Godzina;Krajowe zapotrzebowanie na moc;Sumaryczna generacja JWCD;Sumaryczna generacja nJWCD;Krajowe saldo wymiany miêdzysystemowej równoleg³ej;Krajowe saldo wymiany miêdzysystemowej nierównoleg³ej
2021-05-09;1;15036,100;7832,963;6173,913;399,975;653,963
2021-05-09;2;14333,250;7039,338;6734,200;208,663;368,863
2021-05-09;3;13966,313;6933,000;7037,538;36,850;-16,113
2021-05-09;4;13872,038;6957,100;7297,150;-49,513;-128,325
2021-05-09;5;13631,700;6868,738;7380,350;179,475;-123,713
2021-05-09;6;13231,525;6667,325;7308,663;331,450;-86,175
2021-05-09;7;13856,363;6845,500;7553,413;420,800;-102,575
2021-05-09;8;14618,025;7154,263;7528,688;510,438;-137,213
2021-05-09;9;15262,463;7490,075;7506,363;483,500;-125,263
2021-05-09;10;15893,963;7244,513;8144,325;251,800;287,313
2021-05-09;11;16247,988;6800,225;8846,038;541,425;306,750
2021-05-09;12;16217,838;6391,375;9329,888;530,813;428,438
2021-05-09;13;16198,825;6332,963;9698,163;437,038;246,350
2021-05-09;14;15925,625;6344,938;9569,288;679,638;12,150
2021-05-09;15;15452,788;6472,400;9536,788;148,225;2,925
2021-05-09;16;15268,363;6675,175;9133,488;156,988;-39,825
2021-05-09;17;15198,425;6717,288;8446,463;405,700;-205,063
2021-05-09;18;15407,700;7137,950;7693,325;450,013;142,725
2021-05-09;19;15985,513;8035,763;6702,138;669,950;591,175
2021-05-09;20;16436,225;9356,988;5985,238;288,863;814,263
2021-05-09;21;17042,138;9764,688;6478,788;-24,225;825,288
2021-05-09;22;17287,563;9242,925;7536,575;-297,363;813,575
2021-05-09;23;16407,263;8177,775;7867,463;-355,075;731,163
2021-05-09;24;15408,063;7370,663;7952,225;-601,525;698,875
