Data;Godzina;Krajowe zapotrzebowanie na moc;Sumaryczna generacja JWCD;Sumaryczna generacja nJWCD;Krajowe saldo wymiany miêdzysystemowej równoleg³ej;Krajowe saldo wymiany miêdzysystemowej nierównoleg³ej
2021-01-27;1;19005,150;11095,238;8723,038;29,125;-49,213
2021-01-27;2;18322,850;11039,463;8670,450;-280,925;-81,000
2021-01-27;3;17968,675;10705,600;8707,075;-295,688;-10,213
2021-01-27;4;18059,188;10753,438;8684,413;-214,138;-16,875
2021-01-27;5;18293,638;10874,875;8610,525;154,675;-214,588
2021-01-27;6;19136,100;11377,425;8480,313;65,825;119,713
2021-01-27;7;21554,400;12626,175;8407,175;414,900;382,338
2021-01-27;8;23512,250;15506,375;8287,013;-25,475;-177,975
2021-01-27;9;24728,488;16550,375;8253,488;215,388;-277,613
2021-01-27;10;25276,375;16858,263;8172,313;108,575;148,963
2021-01-27;11;25281,275;16795,713;8022,963;105,288;360,163
2021-01-27;12;25317,488;17148,588;7850,500;48,963;275,675
2021-01-27;13;25213,450;17189,463;7764,063;118,900;155,625
2021-01-27;14;25149,888;17356,688;7548,363;403,338;-139,638
2021-01-27;15;24653,413;17171,425;7330,088;234,325;-80,200
2021-01-27;16;24388,950;17365,638;7022,363;63,050;-52,500
2021-01-27;17;24934,450;18047,663;6875,963;462,000;-435,275
2021-01-27;18;25500,525;18236,263;6963,950;381,475;-70,600
2021-01-27;19;25151,275;18172,150;7048,200;53,925;-108,125
2021-01-27;20;24978,888;17896,450;7164,200;-115,750;59,788
2021-01-27;21;24221,638;16072,738;7241,138;96,500;835,113
2021-01-27;22;22724,013;13947,550;7197,488;670,363;925,775
2021-01-27;23;21193,625;12540,075;7158,013;511,025;1006,238
2021-01-27;24;19914,963;11630,275;7114,325;142,750;1048,600
