Data;Godzina;Krajowe zapotrzebowanie na moc;Sumaryczna generacja JWCD;Sumaryczna generacja nJWCD;Krajowe saldo wymiany miêdzysystemowej równoleg³ej;Krajowe saldo wymiany miêdzysystemowej nierównoleg³ej
2021-04-23;1;17665,900;10642,725;7476,850;-1282,500;1124,163
2021-04-23;2;17050,875;10277,950;7466,188;-1323,550;1164,500
2021-04-23;3;16676,463;10288,738;7496,613;-1430,263;878,600
2021-04-23;4;16684,475;10199,750;7433,613;-1421,438;905,338
2021-04-23;5;17020,438;10341,900;7437,738;-1478,788;1138,638
2021-04-23;6;17192,375;10685,288;7609,438;-1584,525;903,663
2021-04-23;7;19234,700;12516,200;7740,275;-1674,950;711,225
2021-04-23;8;21181,150;13826,388;7755,525;-1399,475;1007,050
2021-04-23;9;22078,775;14076,163;8218,963;-1395,338;1188,625
2021-04-23;10;21976,850;13138,613;8598,350;-791,875;1045,350
2021-04-23;11;22006,125;11877,600;9472,538;-535,388;1213,350
2021-04-23;12;22405,950;11657,825;9915,050;-367,050;1228,875
2021-04-23;13;22071,338;11491,838;9820,763;-454,200;1223,100
2021-04-23;14;22103,338;11132,488;10329,438;-291,938;1152,688
2021-04-23;15;21810,563;10891,900;10504,475;-463,425;1223,963
2021-04-23;16;21762,588;11208,550;10411,825;-675,000;1225,875
2021-04-23;17;21580,200;12052,325;10192,588;-1238,450;1168,463
2021-04-23;18;21448,688;12528,025;9498,475;-1456,350;1222,088
2021-04-23;19;21404,513;13305,763;8570,125;-1568,300;1175,538
2021-04-23;20;21488,900;14005,900;7602,725;-1161,638;1225,600
2021-04-23;21;22106,513;15122,375;6757,925;-994,225;1229,275
2021-04-23;22;21079,263;14390,650;6574,850;-1098,100;1225,263
2021-04-23;23;19798,363;13111,388;6532,963;-971,650;1145,363
2021-04-23;24;18593,988;11970,588;6523,375;-880,588;998,750
