Data;Godzina;Krajowe zapotrzebowanie na moc;Sumaryczna generacja JWCD;Sumaryczna generacja nJWCD;Krajowe saldo wymiany miêdzysystemowej równoleg³ej;Krajowe saldo wymiany miêdzysystemowej nierównoleg³ej
2021-01-09;1;18473,713;12966,275;5828,525;34,663;-54,863
2021-01-09;2;17723,550;12536,388;5800,013;-49,763;-225,975
2021-01-09;3;17321,938;12268,813;5771,675;-439,100;53,525
2021-01-09;4;17169,775;11968,738;5811,363;-320,950;123,213
2021-01-09;5;17277,263;12361,025;5810,413;-344,650;31,913
2021-01-09;6;17332,463;12266,550;5860,163;-369,775;130,038
2021-01-09;7;18328,600;12322,613;5961,550;-438,600;562,500
2021-01-09;8;19063,975;12625,013;6055,763;-322,200;710,138
2021-01-09;9;19933,338;13336,188;6196,938;-105,588;513,450
2021-01-09;10;21169,438;15011,025;6385,575;89,338;-305,850
2021-01-09;11;21903,575;15715,675;6615,163;-488,338;74,625
2021-01-09;12;22213,125;15349,238;6668,113;-22,625;224,913
2021-01-09;13;22200,738;15511,113;6626,900;-207,200;282,313
2021-01-09;14;22000,763;14971,275;6526,875;-239,775;755,975
2021-01-09;15;21416,000;14388,600;6451,913;-141,538;728,738
2021-01-09;16;21331,613;14397,175;6414,063;-215,088;746,225
2021-01-09;17;21964,388;14997,275;6438,438;-350,713;882,613
2021-01-09;18;22032,163;15574,063;6494,463;-355,988;318,663
2021-01-09;19;21781,238;15666,688;6504,475;-669,750;292,063
2021-01-09;20;21530,038;15247,950;6461,088;-508,338;342,025
2021-01-09;21;20901,825;14558,638;6323,338;-612,438;641,338
2021-01-09;22;19765,700;12950,050;6202,175;-102,200;736,463
2021-01-09;23;18881,938;12238,975;6177,825;-288,838;773,638
2021-01-09;24;17653,813;11270,650;6041,600;-430,788;789,650
