Data;Godzina;Krajowe zapotrzebowanie na moc;Sumaryczna generacja JWCD;Sumaryczna generacja nJWCD;Krajowe saldo wymiany miêdzysystemowej równoleg³ej;Krajowe saldo wymiany miêdzysystemowej nierównoleg³ej
2021-06-01;1;16492,825;11663,388;3626,588;745,900;872,275
2021-06-01;2;15929,338;11129,188;3648,888;1054,763;633,038
2021-06-01;3;15525,963;10964,825;3667,063;789,313;512,675
2021-06-01;4;15502,675;11074,250;3724,025;562,538;553,213
2021-06-01;5;15268,550;10898,538;3980,563;405,200;393,563
2021-06-01;6;15565,700;10888,675;4110,513;472,963;479,725
2021-06-01;7;18124,175;13216,325;4463,363;224,650;371,075
2021-06-01;8;20185,313;15393,588;4766,675;132,975;16,650
2021-06-01;9;21140,988;15482,438;5062,688;537,338;56,650
2021-06-01;10;21411,650;14698,525;5458,788;1235,925;28,213
2021-06-01;11;21402,138;14121,913;5737,575;1235,738;318,450
2021-06-01;12;21599,638;14020,575;5944,113;1141,325;510,825
2021-06-01;13;21555,213;13884,575;6178,588;955,263;544,938
2021-06-01;14;21290,100;13486,738;6083,663;1022,213;699,200
2021-06-01;15;21172,450;13599,413;6119,775;943,563;503,163
2021-06-01;16;20934,050;13284,100;5902,813;904,425;847,638
2021-06-01;17;20740,050;13372,725;5522,163;943,763;897,488
2021-06-01;18;20596,975;13282,900;5335,338;1120,000;855,700
2021-06-01;19;20642,988;14450,388;4871,975;780,638;535,888
2021-06-01;20;20896,313;16104,138;4406,313;209,775;177,650
2021-06-01;21;20919,675;16313,250;4187,075;-1,688;425,163
2021-06-01;22;20637,975;15323,863;4165,650;484,225;673,900
2021-06-01;23;19269,863;13748,988;4120,175;557,313;857,888
2021-06-01;24;17788,825;11768,350;4198,188;901,863;940,850
