Data;Godzina;Krajowe zapotrzebowanie na moc;Sumaryczna generacja JWCD;Sumaryczna generacja nJWCD;Krajowe saldo wymiany miêdzysystemowej równoleg³ej;Krajowe saldo wymiany miêdzysystemowej nierównoleg³ej
2021-04-08;1;18235,013;10490,225;7880,888;-339,100;618,288
2021-04-08;2;17479,875;10741,013;7827,888;-544,688;553,475
2021-04-08;3;17199,500;10717,013;7779,050;-715,138;553,238
2021-04-08;4;17136,113;10636,025;7660,975;-584,738;553,125
2021-04-08;5;17519,988;11226,238;7441,400;-673,025;557,250
2021-04-08;6;17907,238;11367,625;7397,000;-655,188;603,025
2021-04-08;7;19638,463;12632,088;7334,775;-648,500;436,413
2021-04-08;8;21788,550;15595,375;7527,325;-951,338;-376,713
2021-04-08;9;23205,525;16396,538;7927,413;-660,075;-460,888
2021-04-08;10;23816,625;15952,138;8384,875;-696,100;181,375
2021-04-08;11;23615,138;15150,563;8572,463;-504,000;414,663
2021-04-08;12;23680,175;14505,738;8766,800;-301,438;727,513
2021-04-08;13;23319,288;13641,388;8894,463;38,900;767,475
2021-04-08;14;22904,188;12671,200;9223,250;164,550;870,425
2021-04-08;15;22449,913;11813,588;9550,650;258,000;852,900
2021-04-08;16;22219,475;11632,525;9612,950;228,063;756,638
2021-04-08;17;22083,588;12173,688;9374,713;-53,513;606,600
2021-04-08;18;21887,650;12879,963;8684,275;-475,913;807,650
2021-04-08;19;21845,450;13592,463;8024,613;-689,425;926,275
2021-04-08;20;22673,463;14639,175;7576,838;-542,600;998,913
2021-04-08;21;23317,913;15591,238;7303,338;-570,638;996,400
2021-04-08;22;21927,350;14534,950;7315,638;-785,763;874,463
2021-04-08;23;20396,138;12416,038;7497,725;-353,938;847,988
2021-04-08;24;19162,963;11467,000;7774,013;-602,700;651,000
