Data;Godzina;Krajowe zapotrzebowanie na moc;Sumaryczna generacja JWCD;Sumaryczna generacja nJWCD;Krajowe saldo wymiany miêdzysystemowej równoleg³ej;Krajowe saldo wymiany miêdzysystemowej nierównoleg³ej
2021-03-05;1;18411,438;10887,438;5969,938;787,188;915,063
2021-03-05;2;17912,575;11145,413;5953,588;694,188;283,325
2021-03-05;3;17667,113;10958,763;5964,675;657,925;241,438
2021-03-05;4;17659,000;11025,313;5968,413;462,363;356,325
2021-03-05;5;18020,100;11225,150;6031,850;284,538;628,438
2021-03-05;6;18719,013;11219,863;6146,300;689,638;703,288
2021-03-05;7;20842,775;12688,413;6326,013;1174,900;675,788
2021-03-05;8;22850,413;14449,225;6599,913;877,463;931,538
2021-03-05;9;23895,050;15113,713;6866,025;1128,463;798,700
2021-03-05;10;23868,700;14706,100;7097,850;1148,738;942,325
2021-03-05;11;23756,638;13927,025;7721,700;1147,025;980,350
2021-03-05;12;24032,475;14066,975;8050,675;938,500;987,513
2021-03-05;13;24059,738;14002,438;8074,400;879,788;1107,363
2021-03-05;14;23601,575;14028,588;7683,488;740,450;1157,925
2021-03-05;15;23480,738;13867,238;7824,113;583,350;1220,838
2021-03-05;16;23332,488;13705,350;7555,200;798,400;1292,088
2021-03-05;17;23103,650;13480,900;7038,638;1324,163;1269,225
2021-03-05;18;23640,163;14596,300;6642,600;1763,825;641,825
2021-03-05;19;24410,350;15627,675;6673,875;1376,513;746,050
2021-03-05;20;24247,550;14727,138;6792,350;1448,975;1296,863
2021-03-05;21;23525,863;13784,900;6867,150;1552,675;1340,313
2021-03-05;22;22069,450;12159,913;6998,238;1627,450;1313,050
2021-03-05;23;20650,500;10966,238;6920,000;1642,050;1147,763
2021-03-05;24;19422,625;10297,688;6978,988;1167,088;1009,588
