Data;Godzina;Krajowe zapotrzebowanie na moc;Sumaryczna generacja JWCD;Sumaryczna generacja nJWCD;Krajowe saldo wymiany miêdzysystemowej równoleg³ej;Krajowe saldo wymiany miêdzysystemowej nierównoleg³ej
2021-01-08;1;18377,738;14112,250;6375,513;-708,388;-536,663
2021-01-08;2;17727,225;13651,400;6335,438;-573,638;-504,975
2021-01-08;3;17375,088;13006,225;6347,825;-303,100;-500,638
2021-01-08;4;17303,488;12913,413;6357,238;-349,600;-444,275
2021-01-08;5;17528,513;13130,300;6371,113;-621,750;-219,825
2021-01-08;6;18400,138;14011,588;6385,975;-710,088;-462,313
2021-01-08;7;20699,713;15641,138;6452,763;-1089,438;-208,925
2021-01-08;8;22610,375;18352,125;6526,613;-1606,038;-651,275
2021-01-08;9;23495,788;18549,875;6577,025;-926,938;-698,150
2021-01-08;10;24288,188;18499,788;6727,000;-567,575;-355,038
2021-01-08;11;24614,538;18303,625;6927,263;-162,225;-427,938
2021-01-08;12;24731,988;18138,175;6789,138;91,850;-274,063
2021-01-08;13;24721,300;18346,238;6611,463;-62,750;-156,663
2021-01-08;14;24566,900;18633,600;6253,538;151,238;-448,725
2021-01-08;15;24182,488;18359,500;6086,000;99,913;-366,638
2021-01-08;16;24084,513;18365,400;6043,238;49,113;-367,713
2021-01-08;17;24893,038;19038,050;6205,513;151,825;-477,063
2021-01-08;18;24875,600;19185,625;6344,163;-313,025;-336,638
2021-01-08;19;24345,000;18379,513;6365,788;-492,150;107,450
2021-01-08;20;24024,275;17845,588;6277,100;-339,450;261,350
2021-01-08;21;23318,700;17083,550;6235,050;-489,375;505,650
2021-01-08;22;21969,413;16096,925;6205,513;-821,113;505,863
2021-01-08;23;20695,488;14498,738;6096,350;-317,325;440,325
2021-01-08;24;19605,275;13969,538;5952,375;-266,400;169,388
