Data;Godzina;Krajowe zapotrzebowanie na moc;Sumaryczna generacja JWCD;Sumaryczna generacja nJWCD;Krajowe saldo wymiany miêdzysystemowej równoleg³ej;Krajowe saldo wymiany miêdzysystemowej nierównoleg³ej
2021-04-01;1;17397,413;11337,900;4645,563;118,425;1312,688
2021-04-01;2;16701,963;10914,763;4660,888;13,700;1302,238
2021-04-01;3;16287,038;11027,200;4675,750;-117,725;1082,763
2021-04-01;4;16325,700;10988,613;4797,500;-148,725;1124,913
2021-04-01;5;16535,100;10918,150;4885,763;-32,200;1303,200
2021-04-01;6;17021,225;11182,250;5021,100;-17,088;1304,900
2021-04-01;7;18570,375;12259,950;5223,250;239,538;1122,963
2021-04-01;8;20191,438;13462,050;5618,200;-106,888;1227,213
2021-04-01;9;21221,263;13454,775;6093,638;422,925;1265,913
2021-04-01;10;21483,800;12796,175;6217,963;1272,075;1212,338
2021-04-01;11;21533,763;12709,638;6434,725;1296,388;1106,650
2021-04-01;12;21943,188;12732,950;6816,013;1191,713;1231,413
2021-04-01;13;22013,138;12059,388;7368,600;1284,525;1313,288
2021-04-01;14;21936,350;11493,325;7745,200;1395,913;1315,000
2021-04-01;15;21697,800;11392,050;7652,888;1348,938;1317,150
2021-04-01;16;21475,163;11590,863;7251,063;1330,775;1315,738
2021-04-01;17;21228,438;11387,850;7463,313;1110,550;1283,800
2021-04-01;18;21185,138;11447,188;7774,013;758,350;1323,138
2021-04-01;19;21265,425;12217,925;7415,350;361,238;1287,938
2021-04-01;20;22157,588;13701,800;7463,675;-162,475;1158,663
2021-04-01;21;22315,800;13250,700;7370,675;410,038;1295,788
2021-04-01;22;20912,275;12353,838;7040,638;581,788;957,163
2021-04-01;23;19477,263;10835,438;6574,388;1225,650;867,163
2021-04-01;24;18322,938;10161,763;6438,075;898,850;843,888
