Data;Godzina;Krajowe zapotrzebowanie na moc;Sumaryczna generacja JWCD;Sumaryczna generacja nJWCD;Krajowe saldo wymiany miêdzysystemowej równoleg³ej;Krajowe saldo wymiany miêdzysystemowej nierównoleg³ej
2021-07-09;1;17807,438;14237,350;4022,763;-1339,200;912,025
2021-07-09;2;16906,475;13805,813;3758,238;-1533,463;906,325
2021-07-09;3;16522,850;12959,925;3994,663;-1319,775;912,725
2021-07-09;4;16452,625;12395,338;3985,800;-810,725;911,513
2021-07-09;5;16379,338;12472,088;4049,313;-895,550;871,488
2021-07-09;6;16754,400;13615,138;4001,000;-866,513;364,663
2021-07-09;7;19214,613;15740,775;4135,125;-558,550;-47,200
2021-07-09;8;21305,388;17000,925;4548,175;-216,450;-21,263
2021-07-09;9;22672,413;17700,825;4951,688;-40,650;74,475
2021-07-09;10;23260,850;18149,900;5404,338;-196,100;-77,963
2021-07-09;11;23753,050;17883,363;5900,763;159,275;-175,175
2021-07-09;12;23971,800;18175,650;5692,663;228,363;-110,263
2021-07-09;13;23879,700;18244,863;5301,688;416,600;-65,463
2021-07-09;14;23745,975;18076,975;5316,300;325,650;68,025
2021-07-09;15;23259,538;16973,863;5447,325;936,838;-16,725
2021-07-09;16;23347,850;16509,225;5425,188;1450,813;43,763
2021-07-09;17;22966,588;16596,950;4911,338;1483,138;27,600
2021-07-09;18;22335,025;16551,850;4702,675;1161,613;-61,263
2021-07-09;19;22166,238;16387,900;5090,563;615,600;84,863
2021-07-09;20;21851,850;16348,775;4626,275;676,725;212,963
2021-07-09;21;21419,575;16223,050;4382,788;333,013;492,250
2021-07-09;22;20900,125;16077,200;4448,050;-17,500;407,663
2021-07-09;23;19735,238;15418,663;4389,413;-775,513;716,200
2021-07-09;24;18539,900;15212,588;4468,175;-1914,763;796,825
