Data;Godzina;Krajowe zapotrzebowanie na moc;Sumaryczna generacja JWCD;Sumaryczna generacja nJWCD;Krajowe saldo wymiany miêdzysystemowej równoleg³ej;Krajowe saldo wymiany miêdzysystemowej nierównoleg³ej
2021-05-21;1;16820,250;10513,338;4910,975;601,963;811,075
2021-05-21;2;16136,038;10439,100;4854,275;115,988;748,450
2021-05-21;3;15857,263;10518,938;4905,313;-116,713;571,725
2021-05-21;4;15854,038;10603,713;5029,375;-271,025;590,838
2021-05-21;5;15767,338;10477,875;5212,413;-414,288;714,175
2021-05-21;6;16042,525;10262,300;5374,225;-195,438;821,438
2021-05-21;7;18457,500;11501,200;5676,413;497,638;818,000
2021-05-21;8;20428,025;12892,288;5838,050;897,813;811,163
2021-05-21;9;21260,188;13339,413;6018,250;1104,200;814,175
2021-05-21;10;21291,850;12295,750;6859,450;1327,875;822,750
2021-05-21;11;21177,075;11566,275;7916,313;882,913;822,000
2021-05-21;12;21115,775;10897,513;8370,550;1168,188;823,100
2021-05-21;13;21166,988;10405,688;8906,825;1227,538;823,838
2021-05-21;14;21245,963;10473,150;9287,113;1081,088;822,700
2021-05-21;15;20966,638;10465,938;9320,213;881,138;824,900
2021-05-21;16;20904,525;10510,813;9091,625;758,450;823,425
2021-05-21;17;20584,138;10251,550;9019,513;717,225;824,375
2021-05-21;18;20578,113;11082,038;8078,863;598,663;824,225
2021-05-21;19;20445,463;11608,863;7153,338;873,638;822,175
2021-05-21;20;20578,988;12612,988;6729,513;421,288;822,388
2021-05-21;21;20594,513;13267,050;6300,500;218,538;821,625
2021-05-21;22;20172,775;12587,650;5976,550;798,325;822,750
2021-05-21;23;18829,800;11631,675;5934,538;449,838;826,250
2021-05-21;24;17529,613;10405,263;5786,425;556,538;809,963
