Data;Godzina;Krajowe zapotrzebowanie na moc;Sumaryczna generacja JWCD;Sumaryczna generacja nJWCD;Krajowe saldo wymiany miêdzysystemowej równoleg³ej;Krajowe saldo wymiany miêdzysystemowej nierównoleg³ej
2021-01-04;1;15442,513;9181,438;7180,950;-231,700;62,663
2021-01-04;2;14923,900;9290,075;7048,463;-265,713;0,150
2021-01-04;3;14729,963;9269,313;6997,950;-386,850;0,150
2021-01-04;4;14722,100;9404,400;6834,550;-365,088;0,175
2021-01-04;5;15188,163;9942,638;6666,175;-279,788;0,113
2021-01-04;6;16502,088;11451,538;6603,725;-718,388;12,725
2021-01-04;7;18946,850;12738,688;6646,213;-646,875;261,788
2021-01-04;8;20840,238;14248,338;6628,738;-289,163;262,138
2021-01-04;9;21904,463;14615,800;6719,513;-265,775;838,763
2021-01-04;10;22649,300;14276,475;6796,638;583,888;999,600
2021-01-04;11;23133,725;14580,988;6938,388;628,150;988,825
2021-01-04;12;23520,438;15548,750;6982,500;143,988;846,100
2021-01-04;13;23532,975;15656,300;6826,875;127,588;923,488
2021-01-04;14;23415,300;15580,450;6611,425;249,700;982,825
2021-01-04;15;23125,725;15184,150;6620,088;344,200;980,500
2021-01-04;16;23153,613;15567,938;6616,088;-35,775;1005,763
2021-01-04;17;23826,475;16329,138;6642,888;-111,488;962,663
2021-01-04;18;23719,425;16482,863;6684,938;-166,763;727,463
2021-01-04;19;23355,925;15975,275;6720,613;-5,200;672,225
2021-01-04;20;23090,400;15502,500;6591,213;10,388;1001,725
2021-01-04;21;22585,638;14969,113;6522,938;86,813;1021,163
2021-01-04;22;21244,188;13447,775;6430,888;356,800;1027,013
2021-01-04;23;19777,325;12039,388;6432,138;291,388;1025,738
2021-01-04;24;18538,850;11044,925;6422,288;100,450;985,863
