Data;Godzina;Krajowe zapotrzebowanie na moc;Sumaryczna generacja JWCD;Sumaryczna generacja nJWCD;Krajowe saldo wymiany miêdzysystemowej równoleg³ej;Krajowe saldo wymiany miêdzysystemowej nierównoleg³ej
2021-02-08;1;17744,338;8384,713;10604,350;-323,763;-327,550
2021-02-08;2;17366,338;8549,100;10652,538;-545,875;-529,613
2021-02-08;3;17174,463;8796,500;10585,075;-645,913;-504,475
2021-02-08;4;17274,800;8672,213;10496,838;-203,613;-627,388
2021-02-08;5;17695,750;9100,975;10303,413;160,063;-803,025
2021-02-08;6;18839,188;9848,313;10259,888;-132,688;-295,350
2021-02-08;7;21632,275;11133,625;10387,788;118,600;48,888
2021-02-08;8;23685,638;13471,750;10596,663;-198,638;-164,013
2021-02-08;9;25208,688;14531,075;10602,125;379,475;-302,988
2021-02-08;10;26177,625;15228,650;10705,938;699,313;-446,125
2021-02-08;11;26474,250;15180,938;10823,125;794,850;-311,275
2021-02-08;12;26671,288;14192,675;10830,163;1022,900;627,513
2021-02-08;13;26647,663;14723,125;10665,100;386,400;889,150
2021-02-08;14;26500,088;14319,213;10467,000;742,275;979,888
2021-02-08;15;25774,875;14394,363;10115,113;575,250;708,938
2021-02-08;16;25222,475;14440,225;9766,450;510,588;527,163
2021-02-08;17;25223,363;14887,925;9507,700;594,088;253,613
2021-02-08;18;26140,388;16588,113;9075,138;585,050;-103,063
2021-02-08;19;26097,238;16850,438;8709,650;557,038;-0,175
2021-02-08;20;25879,963;15930,100;8147,788;1015,050;795,588
2021-02-08;21;25221,825;15039,125;7788,513;1344,200;1064,925
2021-02-08;22;23769,775;14418,975;7606,025;675,613;1085,175
2021-02-08;23;22272,888;13294,600;7388,438;527,263;1083,288
2021-02-08;24;21004,875;11925,250;7237,838;815,188;1046,325
