Data;Godzina;Krajowe zapotrzebowanie na moc;Sumaryczna generacja JWCD;Sumaryczna generacja nJWCD;Krajowe saldo wymiany miêdzysystemowej równoleg³ej;Krajowe saldo wymiany miêdzysystemowej nierównoleg³ej
2021-02-11;1;20156,188;13648,625;6630,850;38,050;110,250
2021-02-11;2;19570,538;13729,913;6679,313;-100,500;-147,625
2021-02-11;3;19293,013;13420,750;6656,913;-59,525;-113,913
2021-02-11;4;19319,013;13300,700;6647,488;19,425;-42,925
2021-02-11;5;19657,788;13405,900;6771,175;107,600;-44,325
2021-02-11;6;20292,263;13394,975;6821,475;192,113;8,388
2021-02-11;7;22757,388;15768,275;6983,863;232,025;-210,963
2021-02-11;8;24790,038;17920,000;7195,125;-266,713;-55,163
2021-02-11;9;26218,513;19152,575;7253,813;-144,575;-43,375
2021-02-11;10;26838,400;19555,900;7464,350;-120,450;-43,138
2021-02-11;11;26881,675;19423,050;7745,600;-226,538;-43,350
2021-02-11;12;27169,000;19165,813;8054,425;-13,163;-28,388
2021-02-11;13;26941,475;18721,538;7989,013;170,125;85,525
2021-02-11;14;26698,188;18219,125;7951,175;204,138;326,275
2021-02-11;15;26069,988;17637,525;7818,750;645,750;-9,400
2021-02-11;16;25568,438;17564,088;7633,963;448,988;-60,400
2021-02-11;17;25549,263;17647,663;7512,650;657,188;-264,900
2021-02-11;18;26570,450;19028,850;7513,700;651,675;-630,550
2021-02-11;19;26688,038;19190,988;7721,638;426,963;-650,313
2021-02-11;20;26501,713;19010,413;7711,975;444,513;-647,213
2021-02-11;21;25968,150;18411,738;7728,350;387,488;-545,550
2021-02-11;22;24217,263;15819,088;7553,075;467,738;398,938
2021-02-11;23;22764,188;14195,550;7409,075;806,988;371,863
2021-02-11;24;21410,450;13715,963;7238,988;693,313;-219,063
