Data;Godzina;Krajowe zapotrzebowanie na moc;Sumaryczna generacja JWCD;Sumaryczna generacja nJWCD;Krajowe saldo wymiany miêdzysystemowej równoleg³ej;Krajowe saldo wymiany miêdzysystemowej nierównoleg³ej
2021-07-31;1;16894,325;11513,400;3245,263;1077,075;1198,600
2021-07-31;2;16159,388;11019,000;3127,275;972,513;1187,875
2021-07-31;3;15618,113;10332,350;3068,125;1359,700;966,425
2021-07-31;4;15416,413;10514,938;3208,775;1077,563;632,413
2021-07-31;5;15105,275;10377,025;3521,213;621,550;776,275
2021-07-31;6;14752,088;10075,963;4022,038;609,213;260,713
2021-07-31;7;15732,800;10093,525;4697,338;769,825;392,625
2021-07-31;8;17135,450;11196,213;4948,563;611,600;592,988
2021-07-31;9;18213,550;12698,075;4944,563;642,900;-34,838
2021-07-31;10;18979,850;13061,700;5430,188;666,075;-158,950
2021-07-31;11;19365,363;12860,375;6006,650;570,263;-52,263
2021-07-31;12;19534,625;12857,063;6669,725;83,775;-57,425
2021-07-31;13;19647,313;12390,313;7096,888;364,600;-192,763
2021-07-31;14;19486,588;12081,513;7209,250;412,250;-195,625
2021-07-31;15;18669,488;11457,700;7094,900;332,675;-197,625
2021-07-31;16;18479,913;11475,688;7114,638;93,013;-184,388
2021-07-31;17;18393,625;11031,613;7048,550;-15,038;333,575
2021-07-31;18;18307,838;10517,063;6833,338;510,375;461,813
2021-07-31;19;18426,325;11135,325;6344,338;547,513;410,550
2021-07-31;20;18318,450;11863,713;5479,763;483,250;508,125
2021-07-31;21;18316,150;12143,600;5007,175;301,688;874,338
2021-07-31;22;18382,725;12075,163;5189,375;216,488;911,175
2021-07-31;23;17342,638;11351,825;5377,100;-537,938;1163,975
2021-07-31;24;15992,000;10126,600;5232,475;-546,763;1194,013
