Data;Godzina;Krajowe zapotrzebowanie na moc;Sumaryczna generacja JWCD;Sumaryczna generacja nJWCD;Krajowe saldo wymiany miêdzysystemowej równoleg³ej;Krajowe saldo wymiany miêdzysystemowej nierównoleg³ej
2021-03-27;1;17483,450;8965,275;7405,588;-7,375;1251,588
2021-03-27;2;16903,138;8852,513;7458,575;-288,863;1236,188
2021-03-27;3;16537,550;8945,888;7610,363;-467,763;803,000
2021-03-27;4;16429,325;8785,025;7621,100;-498,600;756,500
2021-03-27;5;16496,650;8805,988;7709,688;-479,738;758,400
2021-03-27;6;16186,313;8508,175;7883,925;-610,638;759,350
2021-03-27;7;17019,125;8801,825;8111,963;-577,575;768,188
2021-03-27;8;18085,638;9361,150;8010,938;-491,750;1214,175
2021-03-27;9;19043,688;10062,163;7849,713;-198,725;1349,588
2021-03-27;10;19573,563;10283,025;8118,975;-161,825;1350,138
2021-03-27;11;19755,113;9643,100;8869,100;-74,363;1344,163
2021-03-27;12;19874,400;9580,313;9318,613;-187,600;1182,175
2021-03-27;13;19976,438;9732,313;9847,475;-471,288;873,963
2021-03-27;14;19699,738;9697,300;10004,038;-668,213;684,550
2021-03-27;15;19327,513;9704,588;9583,250;-650,263;701,888
2021-03-27;16;19248,875;9805,350;9223,675;-628,625;858,313
2021-03-27;17;19350,525;9967,513;8703,025;-611,175;1286,725
2021-03-27;18;19461,688;10687,550;7788,988;-80,063;1060,325
2021-03-27;19;20270,300;11823,100;7405,975;27,875;1021,925
2021-03-27;20;20629,863;12361,550;7613,513;-673,413;1329,500
2021-03-27;21;19877,788;11669,813;7707,388;-809,775;1315,338
2021-03-27;22;18709,263;10896,338;7472,675;-885,188;1232,763
2021-03-27;23;17789,988;10096,313;7801,025;-1311,600;1214,300
2021-03-27;24;16699,000;8739,013;7864,075;-1057,563;1175,713
