Data;Godzina;Krajowe zapotrzebowanie na moc;Sumaryczna generacja JWCD;Sumaryczna generacja nJWCD;Krajowe saldo wymiany miêdzysystemowej równoleg³ej;Krajowe saldo wymiany miêdzysystemowej nierównoleg³ej
2021-04-19;1;15619,525;11550,913;5084,525;-1436,825;966,375
2021-04-19;2;15201,400;11374,350;5041,475;-1259,188;775,625
2021-04-19;3;14960,688;11129,800;4969,325;-1215,063;865,850
2021-04-19;4;14975,688;11154,275;4939,463;-1147,550;818,063
2021-04-19;5;15287,650;11757,663;4962,000;-1260,663;743,188
2021-04-19;6;15888,100;12644,150;5036,450;-1750,150;813,438
2021-04-19;7;18494,888;14371,625;5227,900;-1803,813;1006,925
2021-04-19;8;20822,288;15249,600;5469,350;-715,513;824,500
2021-04-19;9;22176,975;16136,825;5780,800;-581,050;853,775
2021-04-19;10;22338,050;16061,888;6166,663;-861,925;979,875
2021-04-19;11;22175,663;15371,663;6530,650;-954,038;1238,250
2021-04-19;12;22410,888;14856,525;7021,063;-712,563;1259,825
2021-04-19;13;22542,600;14577,663;7308,100;-583,313;1260,400
2021-04-19;14;22331,888;14001,913;7377,138;-294,963;1260,188
2021-04-19;15;21822,975;13714,575;7283,088;-423,513;1261,350
2021-04-19;16;21288,988;13396,350;6860,500;-207,413;1259,450
2021-04-19;17;21102,650;13734,625;6829,838;-704,325;1260,038
2021-04-19;18;21192,050;13941,838;6814,688;-809,250;1260,650
2021-04-19;19;21164,388;14422,213;6324,438;-831,063;1260,875
2021-04-19;20;21577,713;14909,750;6057,813;-638,313;1260,113
2021-04-19;21;22347,725;15715,713;5944,075;-559,313;1259,863
2021-04-19;22;21274,538;15282,275;5787,563;-1040,488;1260,638
2021-04-19;23;19852,325;14089,263;5430,025;-917,450;1261,263
2021-04-19;24;18543,025;12528,850;5039,075;-265,200;1252,713
