Data;Godzina;Krajowe zapotrzebowanie na moc;Sumaryczna generacja JWCD;Sumaryczna generacja nJWCD;Krajowe saldo wymiany miêdzysystemowej równoleg³ej;Krajowe saldo wymiany miêdzysystemowej nierównoleg³ej
2021-06-15;1;16823,150;12231,938;4535,488;-205,725;488,225
2021-06-15;2;16141,850;11890,263;4795,775;-541,588;409,188
2021-06-15;3;15738,263;11233,300;4752,413;-153,500;326,475
2021-06-15;4;15620,625;11291,038;4628,488;-197,913;318,075
2021-06-15;5;15357,925;11250,675;4470,100;-327,250;377,225
2021-06-15;6;15892,163;11985,950;4418,650;-609,700;455,963
2021-06-15;7;18613,050;14109,613;4679,750;-334,588;246,363
2021-06-15;8;20717,863;15544,463;4938,850;46,075;197,813
2021-06-15;9;21542,050;15847,075;5256,363;170,063;283,963
2021-06-15;10;21918,813;15628,925;5559,000;301,900;443,163
2021-06-15;11;21804,038;15392,288;5704,400;446,250;275,613
2021-06-15;12;21951,900;15143,300;5704,338;700,225;423,725
2021-06-15;13;22044,088;14751,650;5933,500;799,263;575,275
2021-06-15;14;22034,725;14472,125;5967,175;989,188;613,938
2021-06-15;15;21890,763;14289,100;5857,488;1153,688;593,275
2021-06-15;16;21893,900;14230,000;5650,750;1125,400;892,188
2021-06-15;17;21676,563;14738,000;5144,325;872,913;925,038
2021-06-15;18;21520,650;15438,700;4847,075;349,575;897,900
2021-06-15;19;21387,650;16291,188;4541,150;43,213;516,525
2021-06-15;20;21579,675;16597,700;4178,725;188,825;626,088
2021-06-15;21;21544,125;16651,488;3952,575;215,850;726,913
2021-06-15;22;21179,425;16251,875;3926,975;280,713;726,338
2021-06-15;23;20021,200;15540,450;3775,688;89,413;633,263
2021-06-15;24;18494,625;14507,963;3699,338;-463,700;768,150
