Data;Godzina;Krajowe zapotrzebowanie na moc;Sumaryczna generacja JWCD;Sumaryczna generacja nJWCD;Krajowe saldo wymiany miêdzysystemowej równoleg³ej;Krajowe saldo wymiany miêdzysystemowej nierównoleg³ej
2021-01-06;1;17754,738;11363,075;7158,975;-752,825;4,825
2021-01-06;2;16999,113;10910,088;6785,938;-584,300;-52,175
2021-01-06;3;16474,275;10519,900;6575,950;-195,413;-55,425
2021-01-06;4;16225,338;10444,413;6401,000;-159,863;-53,313
2021-01-06;5;16201,100;10764,775;6226,375;-372,138;-51,188
2021-01-06;6;16054,825;11093,388;6179,425;-818,825;-54,000
2021-01-06;7;16150,600;11269,025;6149,550;-1147,300;-58,688
2021-01-06;8;16369,663;11561,688;6111,913;-1250,388;-37,925
2021-01-06;9;16877,325;12144,275;6159,063;-1739,013;327,588
2021-01-06;10;17953,075;12753,200;6312,588;-1421,175;326,200
2021-01-06;11;18785,300;13373,763;6395,150;-1365,100;396,138
2021-01-06;12;19286,088;13979,775;6278,113;-1376,500;417,075
2021-01-06;13;19601,625;14272,025;6140,013;-1153,638;365,463
2021-01-06;14;19858,400;14439,763;5990,763;-879,875;319,300
2021-01-06;15;19579,838;14363,363;5839,288;-932,050;321,213
2021-01-06;16;19382,100;14340,025;5772,675;-962,488;242,938
2021-01-06;17;20234,300;14705,613;5794,763;-488,475;227,350
2021-01-06;18;20314,125;15466,388;5879,338;-643,175;-380,338
2021-01-06;19;20243,563;14934,600;5906,138;-639,438;56,200
2021-01-06;20;20202,575;14362,375;5887,313;-377,650;340,650
2021-01-06;21;19876,525;13897,838;5807,425;-571,850;752,825
2021-01-06;22;19121,625;13335,938;5779,000;-686,850;711,913
2021-01-06;23;18341,650;12681,638;5721,138;-812,213;768,075
2021-01-06;24;17365,800;12019,350;5690,200;-696,638;549,300
