Data;Godzina;Krajowe zapotrzebowanie na moc;Sumaryczna generacja JWCD;Sumaryczna generacja nJWCD;Krajowe saldo wymiany miêdzysystemowej równoleg³ej;Krajowe saldo wymiany miêdzysystemowej nierównoleg³ej
2021-03-29;1;16040,588;8222,713;7779,713;-789,250;1149,025
2021-03-29;2;15555,763;8246,275;7644,963;-808,613;1144,325
2021-03-29;3;15281,788;8251,625;7508,088;-875,675;1063,175
2021-03-29;4;15419,138;8360,975;7491,763;-914,850;1143,150
2021-03-29;5;15743,088;8648,000;7422,613;-776,425;1138,375
2021-03-29;6;16714,175;9687,025;7351,750;-877,438;1138,138
2021-03-29;7;18869,238;11114,525;7422,650;-360,900;966,413
2021-03-29;8;21206,125;12720,200;7624,600;1,900;889,300
2021-03-29;9;22534,638;13158,675;7787,300;592,850;1010,638
2021-03-29;10;23030,425;14212,613;7688,488;106,625;1031,325
2021-03-29;11;23120,813;13982,388;7745,388;339,175;1071,888
2021-03-29;12;23418,388;13502,763;7938,738;762,900;1236,000
2021-03-29;13;23390,875;13161,963;8026,975;953,563;1270,325
2021-03-29;14;23287,638;13134,650;7871,900;1089,463;1212,713
2021-03-29;15;22856,450;12999,963;7675,263;1190,438;1019,538
2021-03-29;16;22536,338;13256,800;7241,775;1042,688;1015,313
2021-03-29;17;22144,038;13518,950;6863,463;744,288;1031,250
2021-03-29;18;21990,525;13669,563;6560,400;757,250;1016,863
2021-03-29;19;21988,538;13656,613;6518,713;806,550;1019,125
2021-03-29;20;23033,650;14566,163;6673,500;712,513;1077,475
2021-03-29;21;23141,663;14307,838;6865,025;650,325;1330,925
2021-03-29;22;21804,238;13240,988;6970,175;264,125;1349,725
2021-03-29;23;20278,688;12246,038;6924,875;-224,550;1351,025
2021-03-29;24;18985,338;11024,588;6902,000;-275,175;1349,113
