Data;Godzina;Krajowe zapotrzebowanie na moc;Sumaryczna generacja JWCD;Sumaryczna generacja nJWCD;Krajowe saldo wymiany miêdzysystemowej równoleg³ej;Krajowe saldo wymiany miêdzysystemowej nierównoleg³ej
2021-03-20;1;18722,813;10985,775;6732,063;174,700;851,113
2021-03-20;2;18066,300;10599,088;6572,088;-0,363;921,425
2021-03-20;3;17711,250;10540,800;6531,050;12,563;649,013
2021-03-20;4;17614,713;10166,700;6449,825;73,838;940,688
2021-03-20;5;17693,450;10004,425;6317,063;83,963;1302,538
2021-03-20;6;17513,588;9832,588;6221,763;145,375;1335,488
2021-03-20;7;18265,075;10087,275;6280,213;670,563;1240,588
2021-03-20;8;19743,838;10956,600;6501,688;980,913;1322,038
2021-03-20;9;21153,775;12038,563;7117,275;1101,463;905,750
2021-03-20;10;21810,225;12143,250;7563,000;1248,813;867,213
2021-03-20;11;21953,175;12435,363;7609,650;1064,275;867,950
2021-03-20;12;22025,750;12704,850;7604,988;866,263;867,450
2021-03-20;13;21775,888;12433,938;7716,888;778,700;867,963
2021-03-20;14;21546,000;11949,588;8023,650;716,238;867,675
2021-03-20;15;20804,863;11261,238;7970,363;721,100;864,813
2021-03-20;16;20306,088;10463,025;7743,838;1248,238;865,150
2021-03-20;17;20265,600;10598,300;7658,238;1156,025;865,675
2021-03-20;18;20357,425;11082,900;7527,425;857,550;900,950
2021-03-20;19;21373,938;11813,425;7879,138;371,688;1321,463
2021-03-20;20;21564,225;11556,350;8426,288;377,975;1219,313
2021-03-20;21;20821,638;10303,488;8920,300;266,713;1350,000
2021-03-20;22;19801,888;9386,900;9348,225;-251,138;1334,738
2021-03-20;23;18794,375;8899,625;9542,675;-791,200;1156,325
2021-03-20;24;17604,913;7684,025;9599,263;-806,163;1146,600
