Data;Godzina;Krajowe zapotrzebowanie na moc;Sumaryczna generacja JWCD;Sumaryczna generacja nJWCD;Krajowe saldo wymiany miêdzysystemowej równoleg³ej;Krajowe saldo wymiany miêdzysystemowej nierównoleg³ej
2021-02-18;1;19328,950;11402,163;6495,250;1410,675;711,638
2021-02-18;2;18751,288;11600,225;6370,288;838,350;679,338
2021-02-18;3;18376,675;11260,875;6242,488;911,313;704,413
2021-02-18;4;18416,825;11268,925;6134,575;1095,638;654,225
2021-02-18;5;18752,825;11422,975;6125,963;1345,675;430,238
2021-02-18;6;19580,313;12473,875;6182,863;1091,213;124,200
2021-02-18;7;21795,725;14448,063;6373,300;929,538;99,838
2021-02-18;8;23839,450;16220,125;6716,363;709,850;188,813
2021-02-18;9;25125,688;16863,300;7075,600;867,538;319,700
2021-02-18;10;25609,138;17137,825;7277,675;668,013;531,125
2021-02-18;11;25570,625;16888,275;7410,613;611,138;665,388
2021-02-18;12;25664,363;16157,613;7479,288;1131,488;903,050
2021-02-18;13;25463,700;15750,088;7553,450;1108,813;1067,975
2021-02-18;14;25275,838;15602,150;7583,150;1170,325;934,325
2021-02-18;15;24657,663;15532,050;7309,888;1329,213;498,125
2021-02-18;16;24216,488;15266,063;7266,575;1215,550;474,900
2021-02-18;17;24289,513;15264,125;7534,438;1380,138;125,350
2021-02-18;18;25211,500;15377,025;8274,613;1474,513;98,775
2021-02-18;19;25468,938;15210,525;8783,313;1306,525;170,325
2021-02-18;20;25329,450;14417,938;9129,500;1141,363;651,650
2021-02-18;21;24669,325;13514,538;9350,038;976,875;846,275
2021-02-18;22;23205,175;12260,463;9465,300;816,425;684,738
2021-02-18;23;21689,550;11345,225;9367,675;518,913;481,563
2021-02-18;24;20355,025;10724,850;9421,238;-142,613;377,200
