Data;Godzina;Krajowe zapotrzebowanie na moc;Sumaryczna generacja JWCD;Sumaryczna generacja nJWCD;Krajowe saldo wymiany miêdzysystemowej równoleg³ej;Krajowe saldo wymiany miêdzysystemowej nierównoleg³ej
2021-03-08;1;16589,313;9855,650;6979,400;-196,400;289,563
2021-03-08;2;16132,913;9418,538;6749,763;150,763;291,100
2021-03-08;3;15908,550;9516,100;6591,913;111,013;225,063
2021-03-08;4;16040,088;9810,763;6547,500;-21,613;243,675
2021-03-08;5;16378,788;10157,500;6518,663;-13,325;255,613
2021-03-08;6;17470,025;10585,738;6646,550;319,713;460,950
2021-03-08;7;19984,688;12513,588;6759,475;127,138;754,438
2021-03-08;8;22467,988;15109,350;7055,500;-40,338;353,875
2021-03-08;9;23658,775;15781,863;7434,438;160,838;293,888
2021-03-08;10;23780,613;14406,500;7646,875;1010,250;734,363
2021-03-08;11;23436,975;13213,938;7953,388;1038,288;1261,125
2021-03-08;12;23505,238;13231,288;7957,500;1002,350;1332,575
2021-03-08;13;23742,600;13619,063;8163,113;660,788;1322,938
2021-03-08;14;23931,525;13829,488;8231,500;560,100;1323,113
2021-03-08;15;23551,388;13480,738;8153,000;607,713;1323,888
2021-03-08;16;23242,125;13571,075;7684,913;675,425;1323,288
2021-03-08;17;23052,325;13895,963;7107,675;728,975;1334,700
2021-03-08;18;23542,625;15117,213;6621,925;798,438;1012,438
2021-03-08;19;24587,175;17427,963;6396,500;374,950;397,338
2021-03-08;20;24591,913;17166,763;6430,288;442,488;567,700
2021-03-08;21;23908,513;15854,525;6316,675;471,138;1277,550
2021-03-08;22;22391,538;13882,125;6208,688;986,738;1324,250
2021-03-08;23;20948,413;12440,763;6056,450;1137,713;1324,688
2021-03-08;24;19577,925;11244,388;5938,650;1125,563;1323,400
