Data;Godzina;Krajowe zapotrzebowanie na moc;Sumaryczna generacja JWCD;Sumaryczna generacja nJWCD;Krajowe saldo wymiany miêdzysystemowej równoleg³ej;Krajowe saldo wymiany miêdzysystemowej nierównoleg³ej
2021-02-02;1;19297,375;11622,863;8537,525;-163,900;-333,413
2021-02-02;2;18808,988;11788,913;8473,688;-217,075;-481,000
2021-02-02;3;18443,588;11951,650;8155,350;-399,763;-211,225
2021-02-02;4;18484,275;12347,863;7909,388;-237,675;-364,913
2021-02-02;5;18947,200;12625,375;7798,913;-207,763;-193,525
2021-02-02;6;19679,350;12693,913;7645,888;70,763;28,888
2021-02-02;7;22248,063;14605,638;7587,775;297,713;-203,450
2021-02-02;8;24059,125;16842,225;7619,013;-163,663;-234,713
2021-02-02;9;25347,688;17849,475;7844,713;162,288;-502,250
2021-02-02;10;25866,725;18116,100;7909,525;106,688;-251,875
2021-02-02;11;25775,400;18120,013;7780,750;109,538;-212,950
2021-02-02;12;26002,138;17966,913;7689,100;326,525;38,188
2021-02-02;13;25812,438;17899,138;7398,400;267,588;269,775
2021-02-02;14;25645,425;17247,900;7187,238;1035,513;185,200
2021-02-02;15;25052,050;17024,088;6951,363;1232,275;-136,188
2021-02-02;16;24570,788;16646,888;6822,213;1281,563;-158,988
2021-02-02;17;24814,538;16672,663;6926,738;1461,063;-225,113
2021-02-02;18;25554,613;17334,063;7017,288;1444,500;-218,525
2021-02-02;19;25376,200;17272,625;6990,488;1103,013;20,763
2021-02-02;20;25093,000;15966,725;6876,338;1361,800;902,463
2021-02-02;21;24302,488;15042,025;6717,413;1507,388;1061,750
2021-02-02;22;22654,213;13540,475;6529,050;1562,563;1045,600
2021-02-02;23;21315,975;12316,975;6469,938;1524,700;1058,525
2021-02-02;24;20085,263;11743,863;6449,613;1727,725;951,288
