Data;Godzina;Krajowe zapotrzebowanie na moc;Sumaryczna generacja JWCD;Sumaryczna generacja nJWCD;Krajowe saldo wymiany miêdzysystemowej równoleg³ej;Krajowe saldo wymiany miêdzysystemowej nierównoleg³ej
2021-07-06;1;17484,125;15237,863;3282,788;-1928,025;910,438
2021-07-06;2;16666,375;12710,550;3437,888;-301,613;911,113
2021-07-06;3;16228,325;12185,975;3516,138;-112,650;914,638
2021-07-06;4;16162,825;12085,063;3409,238;26,625;914,638
2021-07-06;5;15738,963;11602,163;3266,463;62,338;911,750
2021-07-06;6;16261,675;11859,025;3307,538;332,100;841,350
2021-07-06;7;18869,163;14491,613;3609,600;419,113;369,975
2021-07-06;8;21150,838;16683,963;4155,250;156,138;156,850
2021-07-06;9;22358,000;16898,813;4817,125;672,213;-26,813
2021-07-06;10;22614,238;15622,600;5423,838;1659,988;-79,688
2021-07-06;11;22487,488;15328,950;5916,200;1341,725;-87,275
2021-07-06;12;22867,138;15738,738;6151,313;1063,050;-85,275
2021-07-06;13;23075,688;16157,638;6377,913;618,900;-79,013
2021-07-06;14;23177,250;15773,150;6596,325;755,550;57,075
2021-07-06;15;22727,188;15458,125;6496,413;787,100;-10,138
2021-07-06;16;22756,675;15600,488;6281,750;958,038;-72,000
2021-07-06;17;22733,825;15899,513;5918,063;968,263;-46,525
2021-07-06;18;22699,538;16697,700;5363,038;638,688;4,725
2021-07-06;19;22641,425;17149,700;4786,138;748,700;-39,700
2021-07-06;20;22701,425;18176,688;4133,613;243,100;146,375
2021-07-06;21;22342,275;18384,725;3816,213;-70,763;223,375
2021-07-06;22;21914,838;18014,088;3856,525;-461,238;517,950
2021-07-06;23;20853,550;17216,925;4303,463;-1330,850;680,075
2021-07-06;24;19241,700;15925,575;4731,588;-2268,775;866,488
