Data;Godzina;Krajowe zapotrzebowanie na moc;Sumaryczna generacja JWCD;Sumaryczna generacja nJWCD;Krajowe saldo wymiany miêdzysystemowej równoleg³ej;Krajowe saldo wymiany miêdzysystemowej nierównoleg³ej
2021-07-08;1;17903,463;14975,463;3650,500;-1240,025;906,075
2021-07-08;2;17147,213;14575,825;3470,788;-1284,963;908,400
2021-07-08;3;16810,988;14582,125;3342,888;-1323,425;899,475
2021-07-08;4;16817,125;14475,488;3212,950;-1056,713;904,100
2021-07-08;5;16551,400;14607,388;3185,800;-1427,338;897,050
2021-07-08;6;16892,475;15327,300;3264,613;-1509,263;521,888
2021-07-08;7;19170,100;16333,663;3419,000;-778,463;441,375
2021-07-08;8;20958,975;17448,525;3622,325;-576,650;473,525
2021-07-08;9;22117,763;18199,000;4016,563;-516,425;429,450
2021-07-08;10;22786,063;18094,238;4608,238;-438,500;527,525
2021-07-08;11;22728,738;17782,288;4917,363;-492,463;531,425
2021-07-08;12;23240,950;18031,963;5260,600;-609,238;569,813
2021-07-08;13;23537,950;18123,450;5314,863;-475,088;587,950
2021-07-08;14;23624,750;18048,963;5490,438;-532,788;628,013
2021-07-08;15;23422,313;17787,875;5440,413;-673,725;880,825
2021-07-08;16;23288,850;17938,500;5310,850;-857,713;911,750
2021-07-08;17;22779,438;18111,925;4886,150;-1130,675;914,663
2021-07-08;18;22653,763;18290,225;4629,088;-1174,675;908,913
2021-07-08;19;22330,400;18107,538;4217,913;-905,750;912,388
2021-07-08;20;22342,975;18309,050;3881,488;-753,950;911,763
2021-07-08;21;22140,625;18391,825;3761,038;-913,475;912,925
2021-07-08;22;21795,000;18085,600;3983,613;-866,875;607,075
2021-07-08;23;20640,088;16915,950;4028,650;-1075,775;789,725
2021-07-08;24;19114,025;15508,313;3965,000;-1237,038;901,825
