Data;Godzina;Krajowe zapotrzebowanie na moc;Sumaryczna generacja JWCD;Sumaryczna generacja nJWCD;Krajowe saldo wymiany miêdzysystemowej równoleg³ej;Krajowe saldo wymiany miêdzysystemowej nierównoleg³ej
2021-03-07;1;16171,913;7058,950;9875,388;-1007,888;263,700
2021-03-07;2;15603,425;6569,863;9891,988;-997,038;240,963
2021-03-07;3;15159,638;6400,438;9857,250;-1045,850;239,038
2021-03-07;4;15003,700;6437,575;9921,350;-1164,875;239,775
2021-03-07;5;15033,700;6542,350;9944,225;-1206,488;240,888
2021-03-07;6;15170,738;6630,925;10002,438;-1098,363;242,463
2021-03-07;7;15061,863;6596,275;9995,200;-940,438;242,988
2021-03-07;8;15714,450;6860,763;10095,888;-784,250;242,788
2021-03-07;9;16771,913;6991,825;10302,875;-212,425;241,300
2021-03-07;10;17690,963;7259,250;10680,113;-20,438;242,638
2021-03-07;11;18164,600;7112,225;11146,300;-21,463;241,050
2021-03-07;12;18538,588;7083,425;11375,313;-97,163;284,488
2021-03-07;13;18591,688;7208,513;11180,325;-150,375;367,275
2021-03-07;14;18660,550;7423,400;11059,275;-513,800;702,950
2021-03-07;15;18359,350;7417,738;10718,950;-488,975;726,663
2021-03-07;16;17881,025;7808,888;9958,650;-598,425;725,150
2021-03-07;17;17727,500;8145,125;9243,113;-241,050;725,175
2021-03-07;18;18348,250;9111,450;8652,513;-69,488;747,450
2021-03-07;19;19645,750;9625,838;8516,275;302,125;1216,875
2021-03-07;20;19781,500;9979,388;8362,050;154,263;1300,113
2021-03-07;21;19378,138;9871,800;8054,325;161,788;1304,350
2021-03-07;22;18655,713;9471,425;7709,900;451,650;1034,325
2021-03-07;23;17979,713;9670,850;7243,063;327,888;758,375
2021-03-07;24;17346,950;9873,488;7080,138;205,488;281,325
