Data;Godzina;Krajowe zapotrzebowanie na moc;Sumaryczna generacja JWCD;Sumaryczna generacja nJWCD;Krajowe saldo wymiany miêdzysystemowej równoleg³ej;Krajowe saldo wymiany miêdzysystemowej nierównoleg³ej
2021-06-11;1;17249,975;14710,025;3083,488;-126,238;-344,200
2021-06-11;2;16445,200;14227,625;3028,613;-531,038;-128,613
2021-06-11;3;15983,013;13337,475;2979,788;-231,475;48,763
2021-06-11;4;15906,950;12692,350;3015,488;300,113;225,563
2021-06-11;5;15699,350;12808,600;3103,375;96,200;44,913
2021-06-11;6;16059,513;13612,338;3208,600;-506,988;67,688
2021-06-11;7;18659,875;15395,038;3591,525;-319,538;184,500
2021-06-11;8;20636,213;16555,850;3963,525;-54,600;186,300
2021-06-11;9;21657,950;17170,413;4606,763;-291,025;188,550
2021-06-11;10;21917,650;16158,975;5075,063;160,388;547,225
2021-06-11;11;22155,450;15400,125;5569,488;1005,663;200,688
2021-06-11;12;22565,350;15313,475;5854,413;1239,075;173,563
2021-06-11;13;22505,475;15302,050;5801,838;1162,000;253,100
2021-06-11;14;22517,013;15055,350;6114,213;1023,625;341,825
2021-06-11;15;22035,800;14568,800;5873,313;1228,550;384,688
2021-06-11;16;21910,388;14485,800;5616,188;1290,513;522,288
2021-06-11;17;21896,275;14706,725;5497,913;1112,488;587,625
2021-06-11;18;21336,075;14768,100;4795,750;1236,763;547,188
2021-06-11;19;21382,763;15681,613;4411,238;684,838;621,838
2021-06-11;20;21443,288;16497,075;3936,500;518,388;500,800
2021-06-11;21;21201,800;17115,538;3484,950;13,763;595,925
2021-06-11;22;20713,738;16809,338;3248,000;-269,775;939,713
2021-06-11;23;19669,288;15927,363;3070,113;-212,550;898,125
2021-06-11;24;18238,888;14383,500;3022,163;9,275;846,475
