Data;Godzina;Generacja Ÿróde³ wiatrowych;Generacja Ÿróde³ fotowoltaicznych
2020-10-16;1;794,895;0,000
2020-10-16;2;751,753;0,000
2020-10-16;3;693,146;0,000
2020-10-16;4;636,723;0,000
2020-10-16;5;647,719;0,000
2020-10-16;6;660,294;0,000
2020-10-16;7;632,659;2,413
2020-10-16;8;596,583;80,188
2020-10-16;9;669,468;235,050
2020-10-16;10;641,784;388,875
2020-10-16;11;590,609;487,838
2020-10-16;12;663,881;629,400
2020-10-16;13;618,844;696,613
2020-10-16;14;553,060;651,038
2020-10-16;15;575,173;524,988
2020-10-16;16;579,835;331,525
2020-10-16;17;583,633;160,500
2020-10-16;18;655,182;30,975
2020-10-16;19;794,614;0,000
2020-10-16;20;882,181;0,000
2020-10-16;21;918,259;0,000
2020-10-16;22;894,418;0,000
2020-10-16;23;925,971;0,000
2020-10-16;24;854,759;0,000
