Data;Godzina;Generacja Ÿróde³ wiatrowych;Generacja Ÿróde³ fotowoltaicznych
2020-10-28;1;2088,871;0,000
2020-10-28;2;2098,249;0,000
2020-10-28;3;1997,222;0,000
2020-10-28;4;2054,045;0,000
2020-10-28;5;2194,259;0,000
2020-10-28;6;2364,132;0,000
2020-10-28;7;2392,174;11,263
2020-10-28;8;2359,010;256,563
2020-10-28;9;2105,560;545,750
2020-10-28;10;1972,629;738,075
2020-10-28;11;2032,895;864,525
2020-10-28;12;2005,421;926,325
2020-10-28;13;1749,898;842,525
2020-10-28;14;1520,933;635,013
2020-10-28;15;1367,493;349,125
2020-10-28;16;1276,821;80,788
2020-10-28;17;1374,633;0,000
2020-10-28;18;1641,184;0,000
2020-10-28;19;1867,533;0,000
2020-10-28;20;1806,296;0,000
2020-10-28;21;1798,410;0,000
2020-10-28;22;1774,198;0,000
2020-10-28;23;1712,900;0,000
2020-10-28;24;1671,098;0,000
