Data;Godzina;Generacja Ÿróde³ wiatrowych;Generacja Ÿróde³ fotowoltaicznych
2020-05-02;1;802,655;0,000
2020-05-02;2;859,792;0,000
2020-05-02;3;971,030;0,000
2020-05-02;4;897,644;0,000
2020-05-02;5;861,741;3,738
2020-05-02;6;864,856;38,838
2020-05-02;7;736,675;138,788
2020-05-02;8;535,157;285,238
2020-05-02;9;446,418;457,288
2020-05-02;10;380,203;602,038
2020-05-02;11;467,843;724,213
2020-05-02;12;540,846;815,300
2020-05-02;13;583,783;867,100
2020-05-02;14;683,230;865,188
2020-05-02;15;773,216;752,550
2020-05-02;16;983,404;639,500
2020-05-02;17;955,931;487,538
2020-05-02;18;824,081;273,275
2020-05-02;19;663,291;99,363
2020-05-02;20;420,792;10,550
2020-05-02;21;349,640;0,000
2020-05-02;22;449,227;0,000
2020-05-02;23;531,427;0,000
2020-05-02;24;648,180;0,000
