Data;Godzina;Generacja Ÿróde³ wiatrowych;Generacja Ÿróde³ fotowoltaicznych
2020-09-21;1;624,190;0,000
2020-09-21;2;584,190;0,000
2020-09-21;3;517,302;0,000
2020-09-21;4;416,225;0,000
2020-09-21;5;275,628;0,000
2020-09-21;6;189,628;0,263
2020-09-21;7;155,579;70,000
2020-09-21;8;151,672;351,650
2020-09-21;9;118,325;739,013
2020-09-21;10;37,672;1131,050
2020-09-21;11;20,543;1443,438
2020-09-21;12;32,132;1633,200
2020-09-21;13;53,412;1693,313
2020-09-21;14;67,489;1603,950
2020-09-21;15;68,385;1370,800
2020-09-21;16;54,586;990,950
2020-09-21;17;48,721;619,350
2020-09-21;18;56,819;276,200
2020-09-21;19;101,183;45,225
2020-09-21;20;174,625;0,000
2020-09-21;21;268,276;0,000
2020-09-21;22;417,591;0,000
2020-09-21;23;604,578;0,000
2020-09-21;24;825,330;0,000
