Data;Godzina;Generacja Ÿróde³ wiatrowych;Generacja Ÿróde³ fotowoltaicznych
2020-06-01;1;2556,333;0,000
2020-06-01;2;2435,171;0,000
2020-06-01;3;2414,970;0,000
2020-06-01;4;2434,620;2,600
2020-06-01;5;2387,991;21,350
2020-06-01;6;2123,696;54,850
2020-06-01;7;1377,130;191,138
2020-06-01;8;852,155;431,463
2020-06-01;9;781,292;717,388
2020-06-01;10;1239,578;993,725
2020-06-01;11;1900,680;1190,863
2020-06-01;12;2245,643;1313,263
2020-06-01;13;2414,756;1341,125
2020-06-01;14;2459,683;1267,438
2020-06-01;15;2634,406;1128,013
2020-06-01;16;2643,833;920,463
2020-06-01;17;2671,431;685,488
2020-06-01;18;2417,798;402,363
2020-06-01;19;2116,917;154,250
2020-06-01;20;1690,971;28,875
2020-06-01;21;1287,370;6,150
2020-06-01;22;1329,585;0,000
2020-06-01;23;1492,618;0,000
2020-06-01;24;1571,842;0,000
