Data;Godzina;Generacja Ÿróde³ wiatrowych;Generacja Ÿróde³ fotowoltaicznych
2020-12-18;1;1993,610;0,000
2020-12-18;2;1836,409;0,000
2020-12-18;3;1776,886;0,000
2020-12-18;4;1740,775;0,000
2020-12-18;5;1636,883;0,000
2020-12-18;6;1631,233;0,000
2020-12-18;7;1600,540;0,913
2020-12-18;8;1526,287;55,113
2020-12-18;9;1516,971;239,550
2020-12-18;10;1489,534;410,775
2020-12-18;11;1176,960;585,675
2020-12-18;12;882,574;659,238
2020-12-18;13;724,608;619,725
2020-12-18;14;685,743;465,313
2020-12-18;15;709,507;255,650
2020-12-18;16;965,525;53,400
2020-12-18;17;1393,587;0,000
2020-12-18;18;1591,830;0,000
2020-12-18;19;1782,958;0,000
2020-12-18;20;1882,299;0,000
2020-12-18;21;1943,145;0,000
2020-12-18;22;1895,048;0,000
2020-12-18;23;1742,009;0,000
2020-12-18;24;1560,074;0,000
