Data;Godzina;Generacja Ÿróde³ wiatrowych;Generacja Ÿróde³ fotowoltaicznych
2020-11-13;1;832,859;0,000
2020-11-13;2;820,522;0,000
2020-11-13;3;891,085;0,000
2020-11-13;4;947,133;0,000
2020-11-13;5;950,422;0,000
2020-11-13;6;974,482;0,000
2020-11-13;7;870,936;4,050
2020-11-13;8;866,047;114,350
2020-11-13;9;901,624;307,613
2020-11-13;10;774,120;484,000
2020-11-13;11;679,320;588,988
2020-11-13;12;540,873;638,813
2020-11-13;13;470,247;602,300
2020-11-13;14;451,893;462,738
2020-11-13;15;465,359;284,388
2020-11-13;16;510,920;72,613
2020-11-13;17;666,208;0,000
2020-11-13;18;869,012;0,000
2020-11-13;19;1038,748;0,000
2020-11-13;20;1163,770;0,000
2020-11-13;21;1378,107;0,000
2020-11-13;22;1478,683;0,000
2020-11-13;23;1497,675;0,000
2020-11-13;24;1356,525;0,000
