Data;Godzina;Generacja Ÿróde³ wiatrowych;Generacja Ÿróde³ fotowoltaicznych
2020-10-13;1;590,071;0,000
2020-10-13;2;569,534;0,000
2020-10-13;3;599,953;0,000
2020-10-13;4;601,673;0,000
2020-10-13;5;625,433;0,000
2020-10-13;6;632,916;0,000
2020-10-13;7;589,736;1,675
2020-10-13;8;580,956;61,375
2020-10-13;9;589,100;203,238
2020-10-13;10;610,003;352,650
2020-10-13;11;657,713;456,450
2020-10-13;12;851,178;525,513
2020-10-13;13;1125,774;529,650
2020-10-13;14;1455,287;491,300
2020-10-13;15;1915,908;386,525
2020-10-13;16;2324,525;254,988
2020-10-13;17;2887,072;127,200
2020-10-13;18;3279,386;23,538
2020-10-13;19;3781,709;0,000
2020-10-13;20;4335,786;0,000
2020-10-13;21;4784,672;0,000
2020-10-13;22;4971,301;0,000
2020-10-13;23;5121,072;0,000
2020-10-13;24;5226,883;0,000
