Data;Godzina;Generacja Ÿróde³ wiatrowych;Generacja Ÿróde³ fotowoltaicznych
2020-05-14;1;499,624;0,000
2020-05-14;2;465,611;0,000
2020-05-14;3;478,312;0,000
2020-05-14;4;493,451;0,275
2020-05-14;5;376,786;0,525
2020-05-14;6;299,815;24,113
2020-05-14;7;299,213;89,525
2020-05-14;8;166,988;202,375
2020-05-14;9;128,560;375,188
2020-05-14;10;134,776;534,075
2020-05-14;11;222,163;658,638
2020-05-14;12;397,725;748,413
2020-05-14;13;546,315;845,138
2020-05-14;14;827,952;810,925
2020-05-14;15;1048,054;756,188
2020-05-14;16;1281,143;603,763
2020-05-14;17;1371,417;439,463
2020-05-14;18;1314,846;272,813
2020-05-14;19;1162,842;106,063
2020-05-14;20;853,817;11,625
2020-05-14;21;589,866;0,000
2020-05-14;22;601,481;0,000
2020-05-14;23;689,846;0,000
2020-05-14;24;832,445;0,000
