Data;Godzina;Generacja Ÿróde³ wiatrowych;Generacja Ÿróde³ fotowoltaicznych
2020-11-20;1;4486,010;0,000
2020-11-20;2;4488,363;0,000
2020-11-20;3;4483,563;0,000
2020-11-20;4;4403,799;0,000
2020-11-20;5;4324,948;0,000
2020-11-20;6;4089,272;0,000
2020-11-20;7;3706,488;11,050
2020-11-20;8;3063,950;272,400
2020-11-20;9;2508,636;706,763
2020-11-20;10;2257,108;1076,163
2020-11-20;11;2070,874;1157,538
2020-11-20;12;1991,222;1120,913
2020-11-20;13;2241,387;1058,113
2020-11-20;14;2396,648;826,075
2020-11-20;15;2271,758;493,538
2020-11-20;16;2409,332;119,950
2020-11-20;17;2939,555;0,000
2020-11-20;18;3151,671;0,000
2020-11-20;19;3315,599;0,000
2020-11-20;20;2906,707;0,000
2020-11-20;21;2682,074;0,000
2020-11-20;22;2402,256;0,000
2020-11-20;23;2315,571;0,000
2020-11-20;24;2204,413;0,000
