Data;Godzina;Generacja Ÿróde³ wiatrowych;Generacja Ÿróde³ fotowoltaicznych
2020-08-15;1;1334,083;0,000
2020-08-15;2;1258,845;0,000
2020-08-15;3;1108,981;0,000
2020-08-15;4;924,565;0,000
2020-08-15;5;793,790;2,175
2020-08-15;6;690,988;5,000
2020-08-15;7;627,401;104,700
2020-08-15;8;411,025;332,150
2020-08-15;9;223,363;596,975
2020-08-15;10;214,610;879,650
2020-08-15;11;226,075;1093,325
2020-08-15;12;318,942;1212,725
2020-08-15;13;379,451;1271,763
2020-08-15;14;378,502;1266,413
2020-08-15;15;415,041;1152,725
2020-08-15;16;467,801;986,163
2020-08-15;17;579,530;744,963
2020-08-15;18;653,868;436,513
2020-08-15;19;656,981;159,250
2020-08-15;20;723,540;11,588
2020-08-15;21;1061,018;0,000
2020-08-15;22;1276,045;0,000
2020-08-15;23;1229,343;0,000
2020-08-15;24;1108,075;0,000
