Data;Godzina;Generacja Ÿróde³ wiatrowych;Generacja Ÿróde³ fotowoltaicznych
2020-10-01;1;975,246;0,000
2020-10-01;2;830,986;0,000
2020-10-01;3;813,835;0,000
2020-10-01;4;853,897;0,000
2020-10-01;5;824,545;0,000
2020-10-01;6;820,391;0,000
2020-10-01;7;817,887;1,725
2020-10-01;8;724,784;63,988
2020-10-01;9;618,691;196,375
2020-10-01;10;514,555;307,438
2020-10-01;11;468,544;403,038
2020-10-01;12;443,948;488,788
2020-10-01;13;333,207;524,200
2020-10-01;14;348,827;486,350
2020-10-01;15;434,002;392,513
2020-10-01;16;524,130;255,613
2020-10-01;17;563,053;136,313
2020-10-01;18;593,505;25,688
2020-10-01;19;752,017;0,000
2020-10-01;20;956,809;0,000
2020-10-01;21;1150,695;0,000
2020-10-01;22;1268,119;0,000
2020-10-01;23;1148,386;0,000
2020-10-01;24;1212,159;0,000
