Data;Godzina;Generacja Ÿróde³ wiatrowych;Generacja Ÿróde³ fotowoltaicznych
2020-05-21;1;1210,458;0,000
2020-05-21;2;1128,906;0,000
2020-05-21;3;1083,981;0,000
2020-05-21;4;1011,769;0,000
2020-05-21;5;905,716;11,688
2020-05-21;6;884,793;30,188
2020-05-21;7;629,781;149,413
2020-05-21;8;381,526;408,563
2020-05-21;9;449,762;704,675
2020-05-21;10;657,212;950,638
2020-05-21;11;849,649;1145,825
2020-05-21;12;988,978;1299,700
2020-05-21;13;1195,868;1364,838
2020-05-21;14;1338,806;1308,888
2020-05-21;15;1502,804;1104,438
2020-05-21;16;1595,583;856,313
2020-05-21;17;1591,018;644,475
2020-05-21;18;1569,780;391,850
2020-05-21;19;1502,831;165,675
2020-05-21;20;1181,570;27,888
2020-05-21;21;923,931;0,000
2020-05-21;22;1041,638;0,000
2020-05-21;23;1286,568;0,000
2020-05-21;24;1360,231;0,000
