Data;Godzina;Generacja Ÿróde³ wiatrowych;Generacja Ÿróde³ fotowoltaicznych
2020-05-24;1;1528,741;0,000
2020-05-24;2;1462,283;0,000
2020-05-24;3;1544,592;0,000
2020-05-24;4;1695,358;0,163
2020-05-24;5;1878,228;0,338
2020-05-24;6;1983,221;10,300
2020-05-24;7;1782,620;87,200
2020-05-24;8;1545,105;241,063
2020-05-24;9;1743,303;490,400
2020-05-24;10;2037,911;712,163
2020-05-24;11;2282,383;847,988
2020-05-24;12;2693,216;900,663
2020-05-24;13;2614,797;921,213
2020-05-24;14;2247,558;874,925
2020-05-24;15;2395,948;765,963
2020-05-24;16;2061,230;587,663
2020-05-24;17;1747,418;392,213
2020-05-24;18;1601,503;203,875
2020-05-24;19;1197,793;70,638
2020-05-24;20;1095,184;13,763
2020-05-24;21;1006,823;0,000
2020-05-24;22;1205,885;0,000
2020-05-24;23;1466,283;0,000
2020-05-24;24;1528,548;0,000
