Data;Godzina;Generacja Ÿróde³ wiatrowych;Generacja Ÿróde³ fotowoltaicznych
2020-07-05;1;2041,095;0,000
2020-07-05;2;2152,322;0,000
2020-07-05;3;1968,769;0,000
2020-07-05;4;1779,618;0,000
2020-07-05;5;1619,344;4,313
2020-07-05;6;1534,964;41,050
2020-07-05;7;1483,531;176,300
2020-07-05;8;1290,505;360,163
2020-07-05;9;1277,760;572,350
2020-07-05;10;1583,208;828,025
2020-07-05;11;1978,468;1044,500
2020-07-05;12;2482,923;1179,038
2020-07-05;13;2958,044;1206,513
2020-07-05;14;3025,014;1125,313
2020-07-05;15;3209,931;980,388
2020-07-05;16;3144,272;785,450
2020-07-05;17;3076,570;590,063
2020-07-05;18;2885,519;378,450
2020-07-05;19;2821,005;166,363
2020-07-05;20;2432,591;30,575
2020-07-05;21;2046,357;1,900
2020-07-05;22;2208,017;0,000
2020-07-05;23;2396,056;0,000
2020-07-05;24;2141,521;0,000
