Data;Godzina;Generacja Ÿróde³ wiatrowych;Generacja Ÿróde³ fotowoltaicznych
2020-07-16;1;702,015;0,000
2020-07-16;2;756,157;0,000
2020-07-16;3;728,529;0,000
2020-07-16;4;776,617;0,000
2020-07-16;5;880,454;0,700
2020-07-16;6;801,496;21,000
2020-07-16;7;686,522;116,413
2020-07-16;8;447,194;257,413
2020-07-16;9;423,032;409,200
2020-07-16;10;418,783;562,888
2020-07-16;11;426,489;693,438
2020-07-16;12;456,741;747,100
2020-07-16;13;453,508;774,575
2020-07-16;14;467,006;689,213
2020-07-16;15;497,655;591,500
2020-07-16;16;655,581;554,863
2020-07-16;17;544,869;431,213
2020-07-16;18;494,484;297,425
2020-07-16;19;458,265;141,288
2020-07-16;20;378,052;28,100
2020-07-16;21;301,689;5,125
2020-07-16;22;355,303;0,000
2020-07-16;23;376,204;0,000
2020-07-16;24;494,307;0,000
