Data;Godzina;Generacja Ÿróde³ wiatrowych;Generacja Ÿróde³ fotowoltaicznych
2020-11-12;1;385,770;0,000
2020-11-12;2;438,210;0,000
2020-11-12;3;439,899;0,000
2020-11-12;4;469,631;0,000
2020-11-12;5;527,791;0,000
2020-11-12;6;531,766;0,000
2020-11-12;7;530,020;3,675
2020-11-12;8;539,796;89,663
2020-11-12;9;571,422;214,050
2020-11-12;10;543,107;318,663
2020-11-12;11;514,792;402,463
2020-11-12;12;487,392;428,038
2020-11-12;13;511,819;386,563
2020-11-12;14;578,419;309,113
2020-11-12;15;620,584;184,263
2020-11-12;16;695,882;44,188
2020-11-12;17;816,506;0,000
2020-11-12;18;951,823;0,000
2020-11-12;19;926,717;0,000
2020-11-12;20;927,060;0,000
2020-11-12;21;920,395;0,000
2020-11-12;22;922,623;0,000
2020-11-12;23;909,984;0,000
2020-11-12;24;900,170;0,000
