Data;Godzina;Generacja Ÿróde³ wiatrowych;Generacja Ÿróde³ fotowoltaicznych
2020-04-24;1;475,689;0,000
2020-04-24;2;554,831;0,000
2020-04-24;3;641,818;0,000
2020-04-24;4;727,553;0,000
2020-04-24;5;802,157;0,000
2020-04-24;6;952,056;21,143
2020-04-24;7;1110,129;84,180
2020-04-24;8;933,694;219,639
2020-04-24;9;472,621;370,865
2020-04-24;10;249,789;528,962
2020-04-24;11;286,282;637,541
2020-04-24;12;456,466;687,222
2020-04-24;13;780,284;658,075
2020-04-24;14;1047,446;680,911
2020-04-24;15;1308,447;657,354
2020-04-24;16;1600,918;507,176
2020-04-24;17;1546,721;325,276
2020-04-24;18;1423,543;167,372
2020-04-24;19;1194,844;47,366
2020-04-24;20;1003,745;2,906
2020-04-24;21;993,892;0,000
2020-04-24;22;1028,866;0,000
2020-04-24;23;1249,718;0,000
2020-04-24;24;1418,632;0,000
