Data;Godzina;Generacja Ÿróde³ wiatrowych;Generacja Ÿróde³ fotowoltaicznych
2020-11-03;1;2502,297;0,000
2020-11-03;2;2297,845;0,000
2020-11-03;3;2039,867;0,000
2020-11-03;4;1965,788;0,000
2020-11-03;5;1688,034;0,000
2020-11-03;6;1677,511;0,000
2020-11-03;7;1602,436;6,350
2020-11-03;8;1602,716;161,413
2020-11-03;9;1583,483;427,225
2020-11-03;10;1583,481;574,750
2020-11-03;11;1769,095;630,038
2020-11-03;12;1611,467;656,475
2020-11-03;13;1390,145;581,438
2020-11-03;14;1141,397;428,088
2020-11-03;15;888,683;236,088
2020-11-03;16;567,740;52,538
2020-11-03;17;474,382;0,000
2020-11-03;18;415,068;0,000
2020-11-03;19;324,813;0,000
2020-11-03;20;236,766;0,000
2020-11-03;21;194,662;0,000
2020-11-03;22;203,378;0,000
2020-11-03;23;294,304;0,000
2020-11-03;24;408,151;0,000
