Data;Godzina;Generacja Ÿróde³ wiatrowych;Generacja Ÿróde³ fotowoltaicznych
2020-11-28;1;1329,130;0,000
2020-11-28;2;1336,518;0,000
2020-11-28;3;1302,395;0,000
2020-11-28;4;1250,430;0,000
2020-11-28;5;1145,881;0,000
2020-11-28;6;1153,858;0,000
2020-11-28;7;1150,271;1,313
2020-11-28;8;1040,933;114,050
2020-11-28;9;845,882;355,513
2020-11-28;10;635,330;541,713
2020-11-28;11;499,356;703,875
2020-11-28;12;463,654;796,688
2020-11-28;13;484,153;733,288
2020-11-28;14;569,016;520,925
2020-11-28;15;620,383;292,313
2020-11-28;16;736,618;71,675
2020-11-28;17;868,209;0,000
2020-11-28;18;996,671;0,000
2020-11-28;19;1050,757;0,000
2020-11-28;20;1097,987;0,000
2020-11-28;21;1158,461;0,000
2020-11-28;22;1172,582;0,000
2020-11-28;23;1213,647;0,000
2020-11-28;24;1320,736;0,000
