Data;Godzina;Generacja Ÿróde³ wiatrowych;Generacja Ÿróde³ fotowoltaicznych
2020-05-13;1;2133,668;0,000
2020-05-13;2;2156,683;0,000
2020-05-13;3;2206,606;0,000
2020-05-13;4;2157,719;0,000
2020-05-13;5;2064,507;10,438
2020-05-13;6;1788,244;27,650
2020-05-13;7;1316,555;111,513
2020-05-13;8;917,444;277,950
2020-05-13;9;813,947;517,163
2020-05-13;10;954,328;740,563
2020-05-13;11;1177,290;841,388
2020-05-13;12;1317,144;876,863
2020-05-13;13;1356,328;876,588
2020-05-13;14;1214,341;824,738
2020-05-13;15;1077,079;727,238
2020-05-13;16;932,264;607,363
2020-05-13;17;616,065;432,425
2020-05-13;18;311,751;234,050
2020-05-13;19;196,666;89,525
2020-05-13;20;230,251;14,050
2020-05-13;21;304,474;0,000
2020-05-13;22;410,014;0,000
2020-05-13;23;468,854;0,000
2020-05-13;24;527,323;0,000
