Data;Godzina;Generacja Ÿróde³ wiatrowych;Generacja Ÿróde³ fotowoltaicznych
2020-05-17;1;1908,193;0,000
2020-05-17;2;1862,329;0,000
2020-05-17;3;1766,702;0,000
2020-05-17;4;1784,477;0,413
2020-05-17;5;1930,528;3,988
2020-05-17;6;1953,778;18,450
2020-05-17;7;1702,804;101,925
2020-05-17;8;1567,296;289,238
2020-05-17;9;1782,127;489,975
2020-05-17;10;1975,704;652,575
2020-05-17;11;2177,392;852,338
2020-05-17;12;2758,769;1050,988
2020-05-17;13;3223,719;1030,688
2020-05-17;14;3384,758;957,725
2020-05-17;15;3577,385;803,513
2020-05-17;16;3707,266;630,338
2020-05-17;17;3477,918;478,638
2020-05-17;18;3298,359;297,025
2020-05-17;19;2995,021;128,763
2020-05-17;20;2442,520;22,950
2020-05-17;21;2320,542;0,000
2020-05-17;22;2579,855;0,000
2020-05-17;23;2908,119;0,000
2020-05-17;24;3151,081;0,000
