Data;Godzina;Generacja Ÿróde³ wiatrowych;Generacja Ÿróde³ fotowoltaicznych
2020-11-17;1;1852,651;0,000
2020-11-17;2;1930,459;0,000
2020-11-17;3;1861,466;0,000
2020-11-17;4;1838,862;0,000
2020-11-17;5;1778,910;0,000
2020-11-17;6;1758,773;0,000
2020-11-17;7;1674,862;5,388
2020-11-17;8;1655,199;157,025
2020-11-17;9;1518,048;412,725
2020-11-17;10;1313,245;559,450
2020-11-17;11;1275,182;729,575
2020-11-17;12;1196,598;735,650
2020-11-17;13;1181,599;709,075
2020-11-17;14;1276,670;598,288
2020-11-17;15;1323,832;325,888
2020-11-17;16;1583,025;69,763
2020-11-17;17;2048,162;0,000
2020-11-17;18;2411,448;0,000
2020-11-17;19;2660,220;0,000
2020-11-17;20;2866,148;0,000
2020-11-17;21;2876,759;0,000
2020-11-17;22;2888,160;0,000
2020-11-17;23;2790,324;0,000
2020-11-17;24;2709,797;0,000
