Data;Godzina;Generacja Ÿróde³ wiatrowych;Generacja Ÿróde³ fotowoltaicznych
2020-05-22;1;1278,741;0,000
2020-05-22;2;1102,814;0,000
2020-05-22;3;1027,003;0,000
2020-05-22;4;1053,655;0,000
2020-05-22;5;980,865;13,325
2020-05-22;6;912,530;63,513
2020-05-22;7;726,955;207,450
2020-05-22;8;485,563;417,075
2020-05-22;9;363,477;646,600
2020-05-22;10;392,826;873,738
2020-05-22;11;465,053;1050,000
2020-05-22;12;523,393;1159,088
2020-05-22;13;531,241;1191,450
2020-05-22;14;514,765;1112,300
2020-05-22;15;574,164;943,100
2020-05-22;16;583,255;720,888
2020-05-22;17;594,566;469,925
2020-05-22;18;658,690;240,588
2020-05-22;19;745,330;85,863
2020-05-22;20;923,992;15,750
2020-05-22;21;1140,441;0,000
2020-05-22;22;1237,882;0,000
2020-05-22;23;1435,831;0,000
2020-05-22;24;1625,008;0,000
