Data;Godzina;Generacja Ÿróde³ wiatrowych;Generacja Ÿróde³ fotowoltaicznych
2020-05-11;1;1617,681;0,000
2020-05-11;2;1672,728;0,000
2020-05-11;3;1689,020;0,000
2020-05-11;4;1742,843;0,275
2020-05-11;5;1793,933;3,413
2020-05-11;6;1823,256;19,863
2020-05-11;7;1899,833;160,363
2020-05-11;8;1750,708;340,263
2020-05-11;9;1538,642;502,200
2020-05-11;10;1605,429;628,788
2020-05-11;11;1687,130;727,525
2020-05-11;12;1836,203;814,313
2020-05-11;13;2284,207;855,200
2020-05-11;14;2494,469;783,863
2020-05-11;15;2808,332;616,413
2020-05-11;16;3068,459;428,250
2020-05-11;17;3407,421;268,663
2020-05-11;18;3540,645;163,175
2020-05-11;19;3442,922;59,888
2020-05-11;20;3197,793;5,900
2020-05-11;21;3027,184;0,000
2020-05-11;22;2943,446;0,000
2020-05-11;23;2964,129;0,000
2020-05-11;24;2675,170;0,000
