Data;Godzina;Generacja Ÿróde³ wiatrowych;Generacja Ÿróde³ fotowoltaicznych
2020-05-09;1;882,678;0,000
2020-05-09;2;799,813;0,000
2020-05-09;3;715,414;0,000
2020-05-09;4;540,953;0,525
2020-05-09;5;398,466;4,713
2020-05-09;6;350,417;24,088
2020-05-09;7;299,704;178,538
2020-05-09;8;204,799;459,213
2020-05-09;9;104,059;695,325
2020-05-09;10;104,273;891,488
2020-05-09;11;171,387;1072,025
2020-05-09;12;262,451;1132,950
2020-05-09;13;322,390;1094,188
2020-05-09;14;326,151;997,413
2020-05-09;15;328,388;851,000
2020-05-09;16;336,248;692,575
2020-05-09;17;314,751;478,325
2020-05-09;18;225,587;279,213
2020-05-09;19;217,926;109,675
2020-05-09;20;194,564;15,175
2020-05-09;21;299,128;0,000
2020-05-09;22;471,376;0,000
2020-05-09;23;602,063;0,000
2020-05-09;24;665,640;0,000
