Data;Godzina;Generacja Ÿróde³ wiatrowych;Generacja Ÿróde³ fotowoltaicznych
2020-05-28;1;846,714;0,000
2020-05-28;2;833,366;0,000
2020-05-28;3;720,669;0,000
2020-05-28;4;864,192;0,000
2020-05-28;5;955,317;0,400
2020-05-28;6;925,757;19,463
2020-05-28;7;852,043;136,975
2020-05-28;8;666,585;303,575
2020-05-28;9;501,330;472,388
2020-05-28;10;500,967;681,913
2020-05-28;11;709,644;815,625
2020-05-28;12;1028,607;824,275
2020-05-28;13;1307,681;749,850
2020-05-28;14;1656,717;685,613
2020-05-28;15;1784,670;644,750
2020-05-28;16;2029,736;546,338
2020-05-28;17;2064,308;411,963
2020-05-28;18;1946,230;254,513
2020-05-28;19;1876,732;103,688
2020-05-28;20;1777,429;11,950
2020-05-28;21;1679,908;0,000
2020-05-28;22;1829,392;0,000
2020-05-28;23;1992,210;0,000
2020-05-28;24;1996,471;0,000
