Data;Godzina;Generacja Ÿróde³ wiatrowych;Generacja Ÿróde³ fotowoltaicznych
2020-09-14;1;2125,182;0,000
2020-09-14;2;2150,032;0,000
2020-09-14;3;2133,385;0,000
2020-09-14;4;2072,461;0,000
2020-09-14;5;1877,134;0,000
2020-09-14;6;1695,553;0,250
2020-09-14;7;1392,890;63,138
2020-09-14;8;1060,318;335,663
2020-09-14;9;687,252;709,000
2020-09-14;10;459,479;1083,500
2020-09-14;11;416,292;1399,113
2020-09-14;12;433,643;1588,213
2020-09-14;13;507,153;1702,188
2020-09-14;14;542,230;1648,225
2020-09-14;15;515,292;1375,100
2020-09-14;16;430,767;1027,063
2020-09-14;17;315,140;640,388
2020-09-14;18;206,340;271,313
2020-09-14;19;209,197;43,100
2020-09-14;20;306,238;0,000
2020-09-14;21;398,739;0,000
2020-09-14;22;448,740;0,000
2020-09-14;23;491,443;0,000
2020-09-14;24;495,776;0,000
