Data;Godzina;Generacja Ÿróde³ wiatrowych;Generacja Ÿróde³ fotowoltaicznych
2020-07-04;1;808,493;0,000
2020-07-04;2;964,776;0,000
2020-07-04;3;1046,283;0,000
2020-07-04;4;1118,546;0,000
2020-07-04;5;1227,319;4,988
2020-07-04;6;1289,020;22,175
2020-07-04;7;1160,544;147,738
2020-07-04;8;893,492;420,113
2020-07-04;9;916,394;694,475
2020-07-04;10;1286,290;917,213
2020-07-04;11;1809,175;1170,388
2020-07-04;12;2077,276;1332,500
2020-07-04;13;2062,305;1250,038
2020-07-04;14;1902,884;1206,125
2020-07-04;15;1746,326;1044,138
2020-07-04;16;1717,241;870,138
2020-07-04;17;1635,432;650,213
2020-07-04;18;1576,351;415,238
2020-07-04;19;1421,256;178,438
2020-07-04;20;1377,708;22,313
2020-07-04;21;1619,342;1,350
2020-07-04;22;1746,681;0,000
2020-07-04;23;1750,545;0,000
2020-07-04;24;1907,732;0,000
