Data;Godzina;Generacja Ÿróde³ wiatrowych;Generacja Ÿróde³ fotowoltaicznych
2020-06-04;1;896,255;0,000
2020-06-04;2;845,993;0,000
2020-06-04;3;849,618;0,000
2020-06-04;4;771,106;0,000
2020-06-04;5;719,492;18,650
2020-06-04;6;643,778;75,338
2020-06-04;7;498,752;190,050
2020-06-04;8;264,861;387,200
2020-06-04;9;192,463;637,600
2020-06-04;10;297,589;918,350
2020-06-04;11;386,729;1060,600
2020-06-04;12;422,965;1127,600
2020-06-04;13;451,963;1085,650
2020-06-04;14;480,306;1005,825
2020-06-04;15;541,097;909,838
2020-06-04;16;593,805;670,075
2020-06-04;17;719,555;485,725
2020-06-04;18;863,153;305,488
2020-06-04;19;1031,534;115,425
2020-06-04;20;1202,839;23,188
2020-06-04;21;1478,410;4,200
2020-06-04;22;2030,007;0,000
2020-06-04;23;2563,970;0,000
2020-06-04;24;2734,961;0,000
