Data;Godzina;Generacja Ÿróde³ wiatrowych;Generacja Ÿróde³ fotowoltaicznych
2020-06-26;1;1575,081;0,000
2020-06-26;2;1569,193;0,000
2020-06-26;3;1555,021;0,000
2020-06-26;4;1614,455;0,000
2020-06-26;5;1607,733;9,438
2020-06-26;6;1590,668;44,513
2020-06-26;7;1276,756;176,963
2020-06-26;8;683,328;417,638
2020-06-26;9;626,118;656,163
2020-06-26;10;968,332;816,063
2020-06-26;11;1533,957;992,975
2020-06-26;12;1710,445;1113,938
2020-06-26;13;1711,833;1124,813
2020-06-26;14;1823,943;987,675
2020-06-26;15;1695,280;800,425
2020-06-26;16;1647,330;641,125
2020-06-26;17;1672,682;458,025
2020-06-26;18;1401,918;275,775
2020-06-26;19;1182,883;124,638
2020-06-26;20;1452,494;24,813
2020-06-26;21;1206,093;4,750
2020-06-26;22;1307,738;0,000
2020-06-26;23;1603,233;0,000
2020-06-26;24;1545,609;0,000
