Data;Godzina;Generacja Ÿróde³ wiatrowych;Generacja Ÿróde³ fotowoltaicznych
2020-08-24;1;1385,208;0,000
2020-08-24;2;1375,279;0,000
2020-08-24;3;1262,817;0,000
2020-08-24;4;1241,745;0,000
2020-08-24;5;1428,207;0,000
2020-08-24;6;1370,117;3,600
2020-08-24;7;1206,032;100,550
2020-08-24;8;959,637;349,538
2020-08-24;9;744,447;709,025
2020-08-24;10;783,632;1048,138
2020-08-24;11;877,178;1288,313
2020-08-24;12;966,734;1439,063
2020-08-24;13;1062,493;1349,575
2020-08-24;14;1066,653;1287,200
2020-08-24;15;970,480;1142,363
2020-08-24;16;847,036;857,400
2020-08-24;17;786,806;543,325
2020-08-24;18;566,782;290,913
2020-08-24;19;452,028;102,788
2020-08-24;20;384,789;6,563
2020-08-24;21;363,574;3,700
2020-08-24;22;401,042;0,000
2020-08-24;23;628,940;0,000
2020-08-24;24;915,902;0,000
