Data;Godzina;Generacja Ÿróde³ wiatrowych;Generacja Ÿróde³ fotowoltaicznych
2020-06-27;1;1603,833;0,000
2020-06-27;2;1552,836;0,000
2020-06-27;3;1303,310;0,000
2020-06-27;4;1148,743;0,000
2020-06-27;5;916,869;1,788
2020-06-27;6;745,853;33,200
2020-06-27;7;577,893;141,238
2020-06-27;8;400,114;328,175
2020-06-27;9;295,396;550,888
2020-06-27;10;252,372;798,600
2020-06-27;11;337,313;1068,925
2020-06-27;12;413,787;1155,300
2020-06-27;13;445,741;1130,313
2020-06-27;14;504,090;1042,038
2020-06-27;15;532,916;916,400
2020-06-27;16;560,655;751,663
2020-06-27;17;533,068;570,425
2020-06-27;18;497,940;361,813
2020-06-27;19;310,029;171,663
2020-06-27;20;281,965;38,838
2020-06-27;21;331,954;8,938
2020-06-27;22;345,580;0,000
2020-06-27;23;515,622;0,000
2020-06-27;24;689,736;0,000
