Data;Godzina;Generacja Ÿróde³ wiatrowych;Generacja Ÿróde³ fotowoltaicznych
2020-12-20;1;2147,261;0,000
2020-12-20;2;2172,671;0,000
2020-12-20;3;2009,206;0,000
2020-12-20;4;2040,960;0,000
2020-12-20;5;2008,022;0,000
2020-12-20;6;1989,609;0,000
2020-12-20;7;1871,245;1,813
2020-12-20;8;1817,358;71,538
2020-12-20;9;1757,118;266,688
2020-12-20;10;1736,532;464,025
2020-12-20;11;1633,946;611,900
2020-12-20;12;1548,322;623,838
2020-12-20;13;1547,210;551,563
2020-12-20;14;1623,181;411,488
2020-12-20;15;1724,385;207,038
2020-12-20;16;2003,669;40,563
2020-12-20;17;2387,382;0,000
2020-12-20;18;2595,905;0,000
2020-12-20;19;2635,759;0,000
2020-12-20;20;2584,395;0,000
2020-12-20;21;2424,225;0,000
2020-12-20;22;2340,794;0,000
2020-12-20;23;2291,383;0,000
2020-12-20;24;2303,970;0,000
