Data;Godzina;Generacja Ÿróde³ wiatrowych;Generacja Ÿróde³ fotowoltaicznych
2020-12-07;1;5479,922;0,000
2020-12-07;2;5474,014;0,000
2020-12-07;3;5498,145;0,000
2020-12-07;4;5500,209;0,000
2020-12-07;5;5378,403;0,000
2020-12-07;6;5423,631;0,000
2020-12-07;7;5511,373;1,900
2020-12-07;8;5489,284;70,988
2020-12-07;9;5369,396;290,338
2020-12-07;10;5181,496;563,000
2020-12-07;11;5176,234;769,188
2020-12-07;12;5029,144;820,750
2020-12-07;13;4921,823;718,588
2020-12-07;14;4679,386;503,700
2020-12-07;15;4562,909;257,150
2020-12-07;16;4368,723;46,800
2020-12-07;17;4359,049;0,000
2020-12-07;18;4376,019;0,000
2020-12-07;19;4319,983;0,000
2020-12-07;20;4199,834;0,000
2020-12-07;21;3991,507;0,000
2020-12-07;22;3805,932;0,000
2020-12-07;23;3629,969;0,000
2020-12-07;24;3597,561;0,000
