Data;Godzina;Generacja Ÿróde³ wiatrowych;Generacja Ÿróde³ fotowoltaicznych
2020-08-06;1;1646,320;0,000
2020-08-06;2;1621,429;0,000
2020-08-06;3;1586,129;0,000
2020-08-06;4;1510,980;0,000
2020-08-06;5;1478,481;0,000
2020-08-06;6;1339,806;3,825
2020-08-06;7;1162,045;92,363
2020-08-06;8;666,640;294,463
2020-08-06;9;203,592;551,513
2020-08-06;10;136,403;780,900
2020-08-06;11;240,095;987,638
2020-08-06;12;287,402;1155,563
2020-08-06;13;312,030;1303,825
2020-08-06;14;339,669;1312,825
2020-08-06;15;358,889;1255,088
2020-08-06;16;383,505;1109,438
2020-08-06;17;479,141;806,338
2020-08-06;18;545,369;451,250
2020-08-06;19;567,602;163,325
2020-08-06;20;635,334;11,800
2020-08-06;21;976,782;5,700
2020-08-06;22;1441,946;0,000
2020-08-06;23;1789,357;0,000
2020-08-06;24;1815,542;0,000
