Data;Godzina;Generacja Ÿróde³ wiatrowych;Generacja Ÿróde³ fotowoltaicznych
2020-09-04;1;2304,859;0,000
2020-09-04;2;2465,404;0,000
2020-09-04;3;2548,121;0,000
2020-09-04;4;2479,191;0,000
2020-09-04;5;2408,436;0,000
2020-09-04;6;2383,707;0,250
2020-09-04;7;2162,037;44,013
2020-09-04;8;1859,673;209,225
2020-09-04;9;1430,708;426,763
2020-09-04;10;1293,638;677,513
2020-09-04;11;1281,175;902,138
2020-09-04;12;1310,334;1033,638
2020-09-04;13;1515,271;1021,438
2020-09-04;14;1491,581;844,588
2020-09-04;15;1354,066;665,850
2020-09-04;16;1173,194;477,550
2020-09-04;17;1008,446;303,875
2020-09-04;18;862,259;135,063
2020-09-04;19;574,806;23,775
2020-09-04;20;529,329;0,000
2020-09-04;21;527,184;0,000
2020-09-04;22;546,142;0,000
2020-09-04;23;650,361;0,000
2020-09-04;24;739,021;0,000
