Data;Godzina;Generacja Ÿróde³ wiatrowych;Generacja Ÿróde³ fotowoltaicznych
2020-07-30;1;1206,089;0,000
2020-07-30;2;1214,028;0,000
2020-07-30;3;1228,236;0,000
2020-07-30;4;1230,664;0,000
2020-07-30;5;1448,027;0,763
2020-07-30;6;1539,481;22,963
2020-07-30;7;1634,756;139,150
2020-07-30;8;1339,556;380,925
2020-07-30;9;1500,916;677,450
2020-07-30;10;2003,178;941,038
2020-07-30;11;2321,540;1177,675
2020-07-30;12;2528,134;1357,613
2020-07-30;13;2610,570;1424,675
2020-07-30;14;2552,982;1351,938
2020-07-30;15;2696,029;1204,350
2020-07-30;16;2673,470;996,475
2020-07-30;17;2541,543;722,125
2020-07-30;18;2304,494;428,525
2020-07-30;19;1828,543;188,000
2020-07-30;20;1412,469;33,400
2020-07-30;21;1320,132;1,438
2020-07-30;22;1193,032;0,000
2020-07-30;23;1146,845;0,000
2020-07-30;24;1124,141;0,000
