Data;Godzina;Generacja Ÿróde³ wiatrowych;Generacja Ÿróde³ fotowoltaicznych
2020-06-16;1;225,842;0,000
2020-06-16;2;177,800;0,000
2020-06-16;3;209,519;0,000
2020-06-16;4;300,974;0,000
2020-06-16;5;379,551;6,675
2020-06-16;6;438,515;31,300
2020-06-16;7;445,815;134,263
2020-06-16;8;331,823;295,163
2020-06-16;9;293,885;500,013
2020-06-16;10;270,249;694,813
2020-06-16;11;247,753;834,000
2020-06-16;12;258,014;873,463
2020-06-16;13;254,477;874,513
2020-06-16;14;253,589;845,338
2020-06-16;15;310,162;721,075
2020-06-16;16;336,563;574,575
2020-06-16;17;292,662;426,213
2020-06-16;18;174,804;266,838
2020-06-16;19;93,948;117,838
2020-06-16;20;91,469;23,750
2020-06-16;21;115,619;4,675
2020-06-16;22;168,583;0,000
2020-06-16;23;209,233;0,000
2020-06-16;24;235,995;0,000
