Data;Godzina;Generacja Ÿróde³ wiatrowych;Generacja Ÿróde³ fotowoltaicznych
2020-10-30;1;2520,971;0,000
2020-10-30;2;2295,120;0,000
2020-10-30;3;2260,607;0,000
2020-10-30;4;2093,613;0,000
2020-10-30;5;1924,160;0,000
2020-10-30;6;1820,850;0,000
2020-10-30;7;1670,153;7,275
2020-10-30;8;1477,849;185,863
2020-10-30;9;1156,372;457,013
2020-10-30;10;895,533;719,550
2020-10-30;11;765,610;880,413
2020-10-30;12;682,168;911,713
2020-10-30;13;584,110;800,725
2020-10-30;14;571,221;432,863
2020-10-30;15;592,619;215,788
2020-10-30;16;682,607;44,400
2020-10-30;17;733,380;0,000
2020-10-30;18;813,119;0,000
2020-10-30;19;925,671;0,000
2020-10-30;20;887,503;0,000
2020-10-30;21;824,781;0,000
2020-10-30;22;749,102;0,000
2020-10-30;23;656,166;0,000
2020-10-30;24;567,168;0,000
