Data;Godzina;Generacja Ÿróde³ wiatrowych;Generacja Ÿróde³ fotowoltaicznych
2020-09-10;1;3588,779;0,000
2020-09-10;2;3626,010;0,000
2020-09-10;3;3464,208;0,000
2020-09-10;4;3155,273;0,000
2020-09-10;5;3081,389;0,000
2020-09-10;6;3078,322;0,188
2020-09-10;7;2890,999;39,388
2020-09-10;8;2668,173;173,088
2020-09-10;9;2581,361;397,325
2020-09-10;10;2784,846;624,388
2020-09-10;11;2835,458;839,563
2020-09-10;12;2840,370;971,225
2020-09-10;13;2760,371;977,500
2020-09-10;14;2729,033;902,150
2020-09-10;15;2680,295;785,488
2020-09-10;16;2402,118;618,825
2020-09-10;17;2100,287;427,300
2020-09-10;18;1630,318;207,263
2020-09-10;19;1102,482;35,188
2020-09-10;20;860,541;0,000
2020-09-10;21;691,819;0,000
2020-09-10;22;611,579;0,000
2020-09-10;23;526,155;0,000
2020-09-10;24;373,614;0,000
