Data;Godzina;Generacja Ÿróde³ wiatrowych;Generacja Ÿróde³ fotowoltaicznych
2020-05-07;1;2899,482;0,000
2020-05-07;2;2962,728;0,000
2020-05-07;3;2855,641;0,000
2020-05-07;4;2782,044;0,000
2020-05-07;5;2706,219;4,000
2020-05-07;6;2420,857;22,475
2020-05-07;7;1997,994;172,425
2020-05-07;8;1650,134;362,813
2020-05-07;9;1614,033;550,263
2020-05-07;10;1629,205;703,588
2020-05-07;11;1616,445;795,950
2020-05-07;12;1690,968;875,713
2020-05-07;13;1812,293;874,688
2020-05-07;14;1946,757;838,413
2020-05-07;15;1968,203;752,275
2020-05-07;16;2006,308;617,913
2020-05-07;17;1994,708;453,713
2020-05-07;18;1755,433;256,150
2020-05-07;19;1462,904;88,825
2020-05-07;20;1118,843;11,850
2020-05-07;21;974,630;0,000
2020-05-07;22;1021,614;0,000
2020-05-07;23;1194,568;0,000
2020-05-07;24;1190,303;0,000
