Data;Godzina;Generacja Ÿróde³ wiatrowych;Generacja Ÿróde³ fotowoltaicznych
2020-12-02;1;1008,865;0,000
2020-12-02;2;1012,669;0,000
2020-12-02;3;972,723;0,000
2020-12-02;4;986,656;0,000
2020-12-02;5;1056,644;0,000
2020-12-02;6;1120,031;0,000
2020-12-02;7;1170,322;1,388
2020-12-02;8;1220,075;58,163
2020-12-02;9;1313,584;286,913
2020-12-02;10;1208,744;549,600
2020-12-02;11;1214,683;719,913
2020-12-02;12;1180,882;764,025
2020-12-02;13;1121,310;689,700
2020-12-02;14;1133,809;532,163
2020-12-02;15;1324,667;304,350
2020-12-02;16;1518,545;63,288
2020-12-02;17;1718,527;0,000
2020-12-02;18;1835,546;0,000
2020-12-02;19;1875,822;0,000
2020-12-02;20;1906,519;0,000
2020-12-02;21;1843,299;0,000
2020-12-02;22;1781,560;0,000
2020-12-02;23;1809,697;0,000
2020-12-02;24;1912,596;0,000
