Data;Godzina;Generacja Ÿróde³ wiatrowych;Generacja Ÿróde³ fotowoltaicznych
2020-06-28;1;696,313;0,000
2020-06-28;2;887,562;0,000
2020-06-28;3;1019,042;0,000
2020-06-28;4;992,795;0,000
2020-06-28;5;1121,104;8,613
2020-06-28;6;1073,227;47,013
2020-06-28;7;775,067;198,350
2020-06-28;8;404,049;428,388
2020-06-28;9;196,361;699,475
2020-06-28;10;154,121;954,475
2020-06-28;11;186,500;1144,150
2020-06-28;12;261,142;1258,513
2020-06-28;13;403,179;1284,113
2020-06-28;14;515,092;1198,900
2020-06-28;15;623,020;1047,900
2020-06-28;16;701,719;814,750
2020-06-28;17;772,328;558,663
2020-06-28;18;743,704;329,263
2020-06-28;19;815,179;147,888
2020-06-28;20;670,039;30,725
2020-06-28;21;611,816;7,100
2020-06-28;22;773,879;0,000
2020-06-28;23;636,816;0,000
2020-06-28;24;564,164;0,000
