Data;Godzina;Generacja Ÿróde³ wiatrowych;Generacja Ÿróde³ fotowoltaicznych
2020-04-29;1;1409,780;0,000
2020-04-29;2;1212,844;0,000
2020-04-29;3;927,391;0,000
2020-04-29;4;928,892;0,000
2020-04-29;5;796,580;0,000
2020-04-29;6;678,083;2,500
2020-04-29;7;768,765;45,250
2020-04-29;8;832,079;154,125
2020-04-29;9;839,743;291,725
2020-04-29;10;865,067;402,088
2020-04-29;11;935,632;487,925
2020-04-29;12;885,054;591,588
2020-04-29;13;877,490;620,338
2020-04-29;14;915,391;578,325
2020-04-29;15;942,103;485,213
2020-04-29;16;954,504;336,625
2020-04-29;17;928,549;224,388
2020-04-29;18;840,791;127,113
2020-04-29;19;846,503;39,663
2020-04-29;20;799,696;1,863
2020-04-29;21;830,305;0,000
2020-04-29;22;723,882;0,000
2020-04-29;23;661,090;0,000
2020-04-29;24;633,918;0,000
