Data;Godzina;Generacja Ÿróde³ wiatrowych;Generacja Ÿróde³ fotowoltaicznych
2020-10-04;1;3542,773;0,000
2020-10-04;2;3423,496;0,000
2020-10-04;3;3311,047;0,000
2020-10-04;4;3323,369;0,000
2020-10-04;5;3093,191;0,000
2020-10-04;6;2925,466;0,000
2020-10-04;7;2902,620;3,363
2020-10-04;8;2791,170;114,713
2020-10-04;9;2647,972;289,263
2020-10-04;10;2378,020;458,738
2020-10-04;11;2093,782;663,888
2020-10-04;12;1899,895;852,075
2020-10-04;13;2030,694;940,725
2020-10-04;14;2173,684;943,438
2020-10-04;15;2030,798;861,813
2020-10-04;16;1974,132;625,350
2020-10-04;17;2013,828;327,563
2020-10-04;18;1870,021;66,025
2020-10-04;19;1963,010;0,000
2020-10-04;20;2362,004;0,000
2020-10-04;21;2264,935;0,000
2020-10-04;22;1891,723;0,000
2020-10-04;23;1565,721;0,000
2020-10-04;24;1425,996;0,000
