Data;Godzina;Generacja Ÿróde³ wiatrowych;Generacja Ÿróde³ fotowoltaicznych
2020-07-29;1;1126,945;0,000
2020-07-29;2;1263,131;0,000
2020-07-29;3;1313,969;0,000
2020-07-29;4;1165,157;0,000
2020-07-29;5;1211,907;3,738
2020-07-29;6;1117,058;18,863
2020-07-29;7;1033,294;122,300
2020-07-29;8;919,933;295,163
2020-07-29;9;1005,443;540,225
2020-07-29;10;1381,092;802,838
2020-07-29;11;1718,418;996,425
2020-07-29;12;1872,403;1095,975
2020-07-29;13;2066,206;1127,138
2020-07-29;14;2285,383;1086,425
2020-07-29;15;2427,432;978,588
2020-07-29;16;2224,919;829,288
2020-07-29;17;2067,216;646,600
2020-07-29;18;1874,270;417,825
2020-07-29;19;1539,465;212,663
2020-07-29;20;1240,168;42,375
2020-07-29;21;965,980;2,325
2020-07-29;22;971,890;0,000
2020-07-29;23;1028,815;0,000
2020-07-29;24;1108,978;0,000
