Data;Godzina;Generacja Ÿróde³ wiatrowych;Generacja Ÿróde³ fotowoltaicznych
2020-12-26;1;2394,960;0,000
2020-12-26;2;2363,033;0,000
2020-12-26;3;2445,386;0,000
2020-12-26;4;2459,699;0,000
2020-12-26;5;2401,836;0,000
2020-12-26;6;2421,359;0,000
2020-12-26;7;2424,832;1,038
2020-12-26;8;2323,897;47,400
2020-12-26;9;2191,387;229,163
2020-12-26;10;2030,909;506,500
2020-12-26;11;1820,247;684,975
2020-12-26;12;1707,324;818,075
2020-12-26;13;1790,208;755,813
2020-12-26;14;1702,211;534,988
2020-12-26;15;1656,700;251,288
2020-12-26;16;1815,246;48,713
2020-12-26;17;2129,235;0,000
2020-12-26;18;2491,673;0,000
2020-12-26;19;2769,724;0,000
2020-12-26;20;3034,071;0,000
2020-12-26;21;3196,239;0,000
2020-12-26;22;3365,011;0,000
2020-12-26;23;3525,597;0,000
2020-12-26;24;3619,960;0,000
