Data;Godzina;Generacja Ÿróde³ wiatrowych;Generacja Ÿróde³ fotowoltaicznych
2020-08-20;1;494,050;0,000
2020-08-20;2;447,526;0,000
2020-08-20;3;361,166;0,000
2020-08-20;4;350,199;0,000
2020-08-20;5;347,026;0,000
2020-08-20;6;307,449;4,088
2020-08-20;7;280,902;102,050
2020-08-20;8;188,997;337,775
2020-08-20;9;73,746;656,738
2020-08-20;10;63,769;981,513
2020-08-20;11;82,594;1220,925
2020-08-20;12;103,948;1353,475
2020-08-20;13;117,073;1370,038
2020-08-20;14;128,960;1204,338
2020-08-20;15;153,387;1075,000
2020-08-20;16;151,052;898,738
2020-08-20;17;177,916;633,788
2020-08-20;18;173,866;349,388
2020-08-20;19;147,062;119,788
2020-08-20;20;217,078;8,438
2020-08-20;21;419,052;4,675
2020-08-20;22;593,668;0,000
2020-08-20;23;655,807;0,000
2020-08-20;24;695,777;0,000
