Data;Godzina;Generacja Ÿróde³ wiatrowych;Generacja Ÿróde³ fotowoltaicznych
2020-09-09;1;2474,971;0,000
2020-09-09;2;2382,171;0,000
2020-09-09;3;2147,445;0,000
2020-09-09;4;1890,357;0,000
2020-09-09;5;1700,372;0,000
2020-09-09;6;1534,609;0,225
2020-09-09;7;1366,257;60,188
2020-09-09;8;1099,141;295,688
2020-09-09;9;869,624;584,913
2020-09-09;10;854,869;906,775
2020-09-09;11;1135,146;1198,300
2020-09-09;12;1464,744;1372,838
2020-09-09;13;1879,276;1394,913
2020-09-09;14;1980,019;1281,425
2020-09-09;15;2144,183;1056,138
2020-09-09;16;2105,232;782,125
2020-09-09;17;2071,442;508,738
2020-09-09;18;1934,969;228,963
2020-09-09;19;1622,746;37,500
2020-09-09;20;1980,566;0,000
2020-09-09;21;2521,833;0,000
2020-09-09;22;3095,035;0,000
2020-09-09;23;3366,757;0,000
2020-09-09;24;3517,398;0,000
