Data;Godzina;Generacja Ÿróde³ wiatrowych;Generacja Ÿróde³ fotowoltaicznych
2020-07-14;1;474,688;0,000
2020-07-14;2;536,303;0,000
2020-07-14;3;491,802;0,000
2020-07-14;4;434,766;0,000
2020-07-14;5;408,693;5,500
2020-07-14;6;357,054;24,088
2020-07-14;7;293,364;163,513
2020-07-14;8;140,171;439,425
2020-07-14;9;40,446;744,813
2020-07-14;10;38,822;1034,425
2020-07-14;11;61,511;1248,388
2020-07-14;12;93,162;1356,913
2020-07-14;13;95,375;1330,775
2020-07-14;14;103,336;1230,000
2020-07-14;15;88,951;1091,775
2020-07-14;16;104,524;927,488
2020-07-14;17;123,899;699,425
2020-07-14;18;148,314;447,425
2020-07-14;19;182,701;212,500
2020-07-14;20;294,157;42,863
2020-07-14;21;563,991;2,163
2020-07-14;22;1085,578;0,000
2020-07-14;23;1479,602;0,000
2020-07-14;24;1769,096;0,000
