Data;Godzina;Generacja Ÿróde³ wiatrowych;Generacja Ÿróde³ fotowoltaicznych
2020-07-03;1;135,673;0,000
2020-07-03;2;153,223;0,000
2020-07-03;3;159,160;0,000
2020-07-03;4;213,287;0,463
2020-07-03;5;321,389;3,588
2020-07-03;6;344,913;14,125
2020-07-03;7;309,037;77,375
2020-07-03;8;385,746;191,175
2020-07-03;9;438,389;331,388
2020-07-03;10;393,614;474,363
2020-07-03;11;364,686;610,300
2020-07-03;12;405,276;682,000
2020-07-03;13;588,817;698,575
2020-07-03;14;663,215;700,775
2020-07-03;15;857,090;619,038
2020-07-03;16;913,518;507,638
2020-07-03;17;873,629;431,675
2020-07-03;18;782,204;298,238
2020-07-03;19;618,907;138,013
2020-07-03;20;465,844;27,700
2020-07-03;21;338,351;1,300
2020-07-03;22;384,656;0,000
2020-07-03;23;422,405;0,000
2020-07-03;24;557,716;0,000
