Data;Godzina;Generacja Ÿróde³ wiatrowych;Generacja Ÿróde³ fotowoltaicznych
2020-09-29;1;654,105;0,000
2020-09-29;2;620,255;0,000
2020-09-29;3;585,331;0,000
2020-09-29;4;637,876;0,000
2020-09-29;5;709,696;0,000
2020-09-29;6;820,529;0,125
2020-09-29;7;871,021;28,100
2020-09-29;8;832,505;139,125
2020-09-29;9;641,843;324,325
2020-09-29;10;423,871;479,713
2020-09-29;11;323,254;589,025
2020-09-29;12;324,967;718,063
2020-09-29;13;293,480;788,600
2020-09-29;14;307,730;787,125
2020-09-29;15;339,869;692,925
2020-09-29;16;400,800;502,425
2020-09-29;17;429,994;290,275
2020-09-29;18;437,705;121,900
2020-09-29;19;505,673;20,650
2020-09-29;20;670,820;0,000
2020-09-29;21;837,159;0,000
2020-09-29;22;851,233;0,000
2020-09-29;23;779,112;0,000
2020-09-29;24;710,683;0,000
