Data;Godzina;Generacja Ÿróde³ wiatrowych;Generacja Ÿróde³ fotowoltaicznych
2020-04-18;1;1200,103;0,000
2020-04-18;2;1160,281;0,000
2020-04-18;3;1037,555;0,000
2020-04-18;4;965,930;0,000
2020-04-18;5;1047,705;0,000
2020-04-18;6;1065,693;3,637
2020-04-18;7;1024,666;85,112
2020-04-18;8;638,753;330,245
2020-04-18;9;211,002;626,786
2020-04-18;10;160,187;916,150
2020-04-18;11;209,325;1098,654
2020-04-18;12;298,302;1173,919
2020-04-18;13;351,083;1160,995
2020-04-18;14;352,505;1103,606
2020-04-18;15;386,965;941,661
2020-04-18;16;429,403;724,259
2020-04-18;17;590,092;489,414
2020-04-18;18;641,014;272,178
2020-04-18;19;839,715;86,482
2020-04-18;20;1014,367;3,673
2020-04-18;21;1248,152;0,000
2020-04-18;22;1597,894;0,000
2020-04-18;23;1744,329;0,000
2020-04-18;24;1610,561;0,000
