Data;Godzina;Generacja Ÿróde³ wiatrowych;Generacja Ÿróde³ fotowoltaicznych
2020-09-24;1;1390,583;0,000
2020-09-24;2;1212,109;0,000
2020-09-24;3;1034,651;0,000
2020-09-24;4;1005,611;0,000
2020-09-24;5;1129,184;0,000
2020-09-24;6;1390,672;0,225
2020-09-24;7;1527,775;50,700
2020-09-24;8;1543,560;252,200
2020-09-24;9;1279,270;508,900
2020-09-24;10;760,008;762,850
2020-09-24;11;597,821;992,113
2020-09-24;12;828,896;1123,638
2020-09-24;13;1070,870;1186,913
2020-09-24;14;1084,781;1160,363
2020-09-24;15;1039,850;978,888
2020-09-24;16;934,182;728,188
2020-09-24;17;820,960;425,575
2020-09-24;18;606,647;180,475
2020-09-24;19;611,693;28,500
2020-09-24;20;682,580;0,000
2020-09-24;21;715,456;0,000
2020-09-24;22;693,410;0,000
2020-09-24;23;646,108;0,000
2020-09-24;24;560,493;0,000
