Data;Godzina;Generacja Ÿróde³ wiatrowych;Generacja Ÿróde³ fotowoltaicznych
2020-06-05;1;2715,859;0,000
2020-06-05;2;2658,519;0,000
2020-06-05;3;2505,816;0,000
2020-06-05;4;2421,269;1,488
2020-06-05;5;2180,618;6,575
2020-06-05;6;2027,269;27,250
2020-06-05;7;1708,625;115,825
2020-06-05;8;1322,669;223,350
2020-06-05;9;1129,990;326,513
2020-06-05;10;1061,592;436,675
2020-06-05;11;1115,894;514,050
2020-06-05;12;1122,131;562,313
2020-06-05;13;1134,428;545,125
2020-06-05;14;1195,606;514,650
2020-06-05;15;1230,220;480,900
2020-06-05;16;1109,716;437,725
2020-06-05;17;1047,630;303,150
2020-06-05;18;1082,503;194,763
2020-06-05;19;775,213;87,900
2020-06-05;20;656,781;15,575
2020-06-05;21;797,916;4,725
2020-06-05;22;1193,695;0,000
2020-06-05;23;1716,772;0,000
2020-06-05;24;2254,510;0,000
