Data;Godzina;Generacja Ÿróde³ wiatrowych;Generacja Ÿróde³ fotowoltaicznych
2020-04-20;1;1470,081;0,000
2020-04-20;2;1273,581;0,000
2020-04-20;3;1081,042;0,000
2020-04-20;4;1043,218;0,000
2020-04-20;5;955,528;1,990
2020-04-20;6;980,455;4,160
2020-04-20;7;972,157;86,280
2020-04-20;8;639,142;319,242
2020-04-20;9;343,227;608,789
2020-04-20;10;380,651;899,182
2020-04-20;11;513,929;1133,455
2020-04-20;12;618,618;1233,431
2020-04-20;13;659,386;1268,562
2020-04-20;14;681,233;1198,465
2020-04-20;15;876,945;1056,818
2020-04-20;16;966,132;872,433
2020-04-20;17;1056,129;582,279
2020-04-20;18;1154,292;304,908
2020-04-20;19;1243,820;102,533
2020-04-20;20;1337,307;4,019
2020-04-20;21;1601,722;0,000
2020-04-20;22;2020,455;0,000
2020-04-20;23;2221,056;0,000
2020-04-20;24;2112,880;0,000
