Data;Godzina;Generacja Ÿróde³ wiatrowych;Generacja Ÿróde³ fotowoltaicznych
2020-04-16;1;4456,703;0,000
2020-04-16;2;4558,735;0,000
2020-04-16;3;4754,096;0,000
2020-04-16;4;4726,132;0,000
2020-04-16;5;4762,760;0,000
2020-04-16;6;4836,469;3,633
2020-04-16;7;4613,796;77,123
2020-04-16;8;4235,042;261,468
2020-04-16;9;3931,981;487,561
2020-04-16;10;3872,690;700,833
2020-04-16;11;3943,605;865,114
2020-04-16;12;4128,930;944,979
2020-04-16;13;4286,307;968,134
2020-04-16;14;4293,506;940,838
2020-04-16;15;4233,270;814,983
2020-04-16;16;4170,907;630,971
2020-04-16;17;3915,482;430,191
2020-04-16;18;3521,207;208,037
2020-04-16;19;2775,865;49,217
2020-04-16;20;2045,757;2,370
2020-04-16;21;1730,819;0,000
2020-04-16;22;1538,293;0,000
2020-04-16;23;1315,716;0,000
2020-04-16;24;1228,520;0,000
