Data;Godzina;Generacja Ÿróde³ wiatrowych;Generacja Ÿróde³ fotowoltaicznych
2020-05-29;1;2014,203;0,000
2020-05-29;2;1967,406;0,000
2020-05-29;3;1926,304;0,000
2020-05-29;4;1955,080;0,000
2020-05-29;5;1993,969;11,838
2020-05-29;6;1873,095;27,175
2020-05-29;7;1442,829;128,338
2020-05-29;8;1287,204;329,963
2020-05-29;9;1486,265;540,250
2020-05-29;10;1792,505;734,238
2020-05-29;11;2048,168;913,375
2020-05-29;12;2197,681;1062,525
2020-05-29;13;2375,483;1165,263
2020-05-29;14;2495,321;1120,788
2020-05-29;15;2586,794;963,825
2020-05-29;16;2641,495;754,375
2020-05-29;17;2701,145;525,200
2020-05-29;18;2766,260;324,013
2020-05-29;19;2637,982;134,938
2020-05-29;20;2246,422;14,700
2020-05-29;21;2029,433;0,000
2020-05-29;22;2112,878;0,000
2020-05-29;23;2251,958;0,000
2020-05-29;24;2281,660;0,000
