Data;Godzina;Generacja Ÿróde³ wiatrowych;Generacja Ÿróde³ fotowoltaicznych
2020-08-29;1;2153,101;0,000
2020-08-29;2;1922,667;0,000
2020-08-29;3;1779,156;0,000
2020-08-29;4;1895,461;0,000
2020-08-29;5;1738,396;1,375
2020-08-29;6;1668,397;3,475
2020-08-29;7;1587,670;63,050
2020-08-29;8;1360,411;186,313
2020-08-29;9;1143,283;337,313
2020-08-29;10;1040,731;483,350
2020-08-29;11;1031,634;637,850
2020-08-29;12;1191,797;722,988
2020-08-29;13;1278,274;723,025
2020-08-29;14;1565,228;709,938
2020-08-29;15;1510,071;634,963
2020-08-29;16;1394,695;586,813
2020-08-29;17;1254,982;451,575
2020-08-29;18;1027,459;273,163
2020-08-29;19;665,409;105,938
2020-08-29;20;568,456;7,025
2020-08-29;21;549,781;0,000
2020-08-29;22;572,018;0,000
2020-08-29;23;505,855;0,000
2020-08-29;24;433,858;0,000
