Data;Godzina;Generacja Ÿróde³ wiatrowych;Generacja Ÿróde³ fotowoltaicznych
2020-10-17;1;756,575;0,000
2020-10-17;2;705,996;0,000
2020-10-17;3;633,396;0,000
2020-10-17;4;596,108;0,000
2020-10-17;5;576,270;0,000
2020-10-17;6;535,117;0,000
2020-10-17;7;539,305;1,875
2020-10-17;8;565,468;70,875
2020-10-17;9;548,743;212,163
2020-10-17;10;445,639;364,825
2020-10-17;11;414,639;504,525
2020-10-17;12;384,263;566,775
2020-10-17;13;327,590;587,225
2020-10-17;14;274,624;532,488
2020-10-17;15;267,200;424,113
2020-10-17;16;252,561;294,400
2020-10-17;17;249,458;151,863
2020-10-17;18;275,018;29,350
2020-10-17;19;319,169;0,000
2020-10-17;20;333,507;0,000
2020-10-17;21;402,243;0,000
2020-10-17;22;513,820;0,000
2020-10-17;23;684,931;0,000
2020-10-17;24;782,723;0,000
