Data;Godzina;Generacja Ÿróde³ wiatrowych;Generacja Ÿróde³ fotowoltaicznych
2020-09-05;1;899,433;0,000
2020-09-05;2;1029,298;0,000
2020-09-05;3;1140,973;0,000
2020-09-05;4;1131,172;0,000
2020-09-05;5;1124,594;0,000
2020-09-05;6;1016,997;0,100
2020-09-05;7;930,357;38,713
2020-09-05;8;890,742;201,638
2020-09-05;9;815,908;405,638
2020-09-05;10;764,747;627,138
2020-09-05;11;732,947;781,325
2020-09-05;12;795,570;898,613
2020-09-05;13;953,337;931,238
2020-09-05;14;1005,258;811,338
2020-09-05;15;876,946;692,588
2020-09-05;16;840,933;530,788
2020-09-05;17;877,760;325,113
2020-09-05;18;779,008;141,750
2020-09-05;19;826,283;21,650
2020-09-05;20;973,121;0,000
2020-09-05;21;1043,418;0,000
2020-09-05;22;1155,312;0,000
2020-09-05;23;1232,845;0,000
2020-09-05;24;1193,835;0,000
