Data;Godzina;Generacja Ÿróde³ wiatrowych;Generacja Ÿróde³ fotowoltaicznych
2020-12-08;1;3601,951;0,000
2020-12-08;2;3675,010;0,000
2020-12-08;3;3797,733;0,000
2020-12-08;4;3774,937;0,000
2020-12-08;5;3748,143;0,000
2020-12-08;6;3841,172;0,000
2020-12-08;7;3899,333;0,938
2020-12-08;8;3943,299;51,863
2020-12-08;9;3914,575;228,438
2020-12-08;10;3738,434;417,775
2020-12-08;11;3599,668;569,788
2020-12-08;12;3398,032;661,675
2020-12-08;13;3314,132;603,838
2020-12-08;14;3229,676;508,038
2020-12-08;15;3161,110;311,138
2020-12-08;16;3291,302;65,813
2020-12-08;17;3376,475;0,000
2020-12-08;18;3465,392;0,000
2020-12-08;19;3508,825;0,000
2020-12-08;20;3461,947;0,000
2020-12-08;21;3307,248;0,000
2020-12-08;22;3036,262;0,000
2020-12-08;23;3010,273;0,000
2020-12-08;24;3006,540;0,000
