Data;Godzina;Generacja Ÿróde³ wiatrowych;Generacja Ÿróde³ fotowoltaicznych
2020-10-23;1;3363,460;0,000
2020-10-23;2;3361,598;0,000
2020-10-23;3;3417,337;0,000
2020-10-23;4;3353,033;0,000
2020-10-23;5;3172,572;0,000
2020-10-23;6;3034,214;0,000
2020-10-23;7;2843,684;4,238
2020-10-23;8;2662,287;106,313
2020-10-23;9;2446,683;287,563
2020-10-23;10;2138,946;483,700
2020-10-23;11;1764,720;631,463
2020-10-23;12;1476,371;716,125
2020-10-23;13;1294,624;703,500
2020-10-23;14;1100,958;687,325
2020-10-23;15;829,156;588,450
2020-10-23;16;608,105;408,213
2020-10-23;17;526,470;198,100
2020-10-23;18;610,856;34,138
2020-10-23;19;666,141;0,000
2020-10-23;20;706,260;0,000
2020-10-23;21;777,819;0,000
2020-10-23;22;766,583;0,000
2020-10-23;23;767,094;0,000
2020-10-23;24;727,778;0,000
