Data;Godzina;Generacja Ÿróde³ wiatrowych;Generacja Ÿróde³ fotowoltaicznych
2020-07-31;1;1161,713;0,000
2020-07-31;2;1129,278;0,000
2020-07-31;3;1176,113;0,000
2020-07-31;4;1186,915;0,000
2020-07-31;5;1324,467;4,038
2020-07-31;6;1426,293;16,550
2020-07-31;7;1567,203;106,500
2020-07-31;8;1344,917;274,100
2020-07-31;9;1485,455;525,038
2020-07-31;10;1706,042;779,413
2020-07-31;11;1815,908;958,050
2020-07-31;12;1820,382;1125,413
2020-07-31;13;1814,679;1256,450
2020-07-31;14;1870,544;1254,950
2020-07-31;15;1867,394;1162,825
2020-07-31;16;1719,094;958,538
2020-07-31;17;1668,383;736,888
2020-07-31;18;1477,992;462,338
2020-07-31;19;1287,623;195,350
2020-07-31;20;1014,100;35,125
2020-07-31;21;849,067;1,738
2020-07-31;22;905,152;0,000
2020-07-31;23;997,868;0,000
2020-07-31;24;1014,766;0,000
