Data;Godzina;Generacja Ÿróde³ wiatrowych;Generacja Ÿróde³ fotowoltaicznych
2020-07-25;1;1572,112;0,000
2020-07-25;2;1449,892;0,000
2020-07-25;3;1276,869;0,000
2020-07-25;4;1212,633;0,000
2020-07-25;5;1236,169;5,900
2020-07-25;6;1200,508;27,900
2020-07-25;7;961,628;172,188
2020-07-25;8;691,156;398,325
2020-07-25;9;776,601;665,113
2020-07-25;10;916,752;960,050
2020-07-25;11;953,527;1198,075
2020-07-25;12;890,813;1314,125
2020-07-25;13;775,605;1291,775
2020-07-25;14;601,682;1129,425
2020-07-25;15;429,852;952,875
2020-07-25;16;310,342;793,200
2020-07-25;17;253,164;587,350
2020-07-25;18;209,351;381,713
2020-07-25;19;150,777;184,125
2020-07-25;20;101,185;35,700
2020-07-25;21;136,849;1,463
2020-07-25;22;227,829;0,000
2020-07-25;23;361,437;0,000
2020-07-25;24;576,181;0,000
