Data;Godzina;Generacja Ÿróde³ wiatrowych;Generacja Ÿróde³ fotowoltaicznych
2020-10-26;1;2141,097;0,000
2020-10-26;2;2040,700;0,000
2020-10-26;3;1972,324;0,000
2020-10-26;4;1789,824;0,000
2020-10-26;5;1742,435;0,000
2020-10-26;6;1616,283;0,000
2020-10-26;7;1602,644;2,875
2020-10-26;8;1522,087;109,713
2020-10-26;9;1391,977;322,925
2020-10-26;10;1175,620;501,338
2020-10-26;11;1093,708;655,450
2020-10-26;12;1102,620;899,588
2020-10-26;13;1075,084;936,963
2020-10-26;14;961,884;767,950
2020-10-26;15;1048,948;634,413
2020-10-26;16;1201,757;417,550
2020-10-26;17;1456,724;202,463
2020-10-26;18;1604,061;37,225
2020-10-26;19;1758,825;0,000
2020-10-26;20;1846,462;0,000
2020-10-26;21;1795,568;0,000
2020-10-26;22;1835,207;0,000
2020-10-26;23;1710,495;0,000
2020-10-26;24;1580,419;0,000
