Data;Godzina;Generacja Ÿróde³ wiatrowych;Generacja Ÿróde³ fotowoltaicznych
2020-10-12;1;740,877;0,000
2020-10-12;2;656,693;0,000
2020-10-12;3;644,303;0,000
2020-10-12;4;537,377;0,000
2020-10-12;5;468,656;0,000
2020-10-12;6;463,977;0,000
2020-10-12;7;427,739;2,913
2020-10-12;8;358,756;91,675
2020-10-12;9;353,382;232,225
2020-10-12;10;347,626;347,038
2020-10-12;11;318,414;448,250
2020-10-12;12;281,665;526,788
2020-10-12;13;271,465;526,750
2020-10-12;14;329,889;480,938
2020-10-12;15;329,027;431,988
2020-10-12;16;289,101;301,600
2020-10-12;17;288,992;146,463
2020-10-12;18;290,312;27,950
2020-10-12;19;386,606;0,000
2020-10-12;20;540,528;0,000
2020-10-12;21;609,104;0,000
2020-10-12;22;622,558;0,000
2020-10-12;23;629,081;0,000
2020-10-12;24;619,716;0,000
