Data;Godzina;Generacja Ÿróde³ wiatrowych;Generacja Ÿróde³ fotowoltaicznych
2020-06-18;1;1027,744;0,000
2020-06-18;2;898,042;0,000
2020-06-18;3;829,430;0,000
2020-06-18;4;922,880;0,000
2020-06-18;5;795,635;4,225
2020-06-18;6;658,458;32,663
2020-06-18;7;392,341;99,125
2020-06-18;8;244,366;214,575
2020-06-18;9;176,250;346,750
2020-06-18;10;125,111;490,313
2020-06-18;11;141,300;678,200
2020-06-18;12;215,098;815,875
2020-06-18;13;303,613;888,000
2020-06-18;14;436,365;911,638
2020-06-18;15;600,129;751,400
2020-06-18;16;663,855;603,938
2020-06-18;17;516,693;479,900
2020-06-18;18;463,677;293,988
2020-06-18;19;375,904;127,288
2020-06-18;20;335,100;25,938
2020-06-18;21;284,520;6,863
2020-06-18;22;390,187;0,000
2020-06-18;23;409,078;0,000
2020-06-18;24;388,652;0,000
