Data;Godzina;Generacja Ÿróde³ wiatrowych;Generacja Ÿróde³ fotowoltaicznych
2020-06-20;1;412,929;0,000
2020-06-20;2;430,347;0,000
2020-06-20;3;444,403;0,000
2020-06-20;4;378,866;0,000
2020-06-20;5;361,224;3,375
2020-06-20;6;338,550;28,025
2020-06-20;7;379,889;79,050
2020-06-20;8;397,689;149,288
2020-06-20;9;408,701;242,213
2020-06-20;10;420,821;346,263
2020-06-20;11;458,098;431,125
2020-06-20;12;501,463;514,775
2020-06-20;13;542,653;540,163
2020-06-20;14;636,877;501,200
2020-06-20;15;730,918;479,400
2020-06-20;16;778,967;438,338
2020-06-20;17;883,491;344,550
2020-06-20;18;978,301;211,888
2020-06-20;19;1055,866;91,900
2020-06-20;20;1221,569;17,125
2020-06-20;21;1294,379;3,625
2020-06-20;22;1204,840;0,000
2020-06-20;23;1083,065;0,000
2020-06-20;24;1092,167;0,000
