Data;Godzina;Generacja Ÿróde³ wiatrowych;Generacja Ÿróde³ fotowoltaicznych
2020-08-12;1;1862,493;0,000
2020-08-12;2;1657,781;0,000
2020-08-12;3;1389,446;0,000
2020-08-12;4;1136,568;0,000
2020-08-12;5;997,193;0,000
2020-08-12;6;876,018;5,450
2020-08-12;7;747,395;126,700
2020-08-12;8;364,794;400,625
2020-08-12;9;74,875;730,150
2020-08-12;10;45,269;1053,388
2020-08-12;11;93,936;1312,150
2020-08-12;12;144,311;1512,213
2020-08-12;13;145,405;1609,288
2020-08-12;14;169,263;1568,375
2020-08-12;15;211,565;1395,213
2020-08-12;16;288,654;1137,850
2020-08-12;17;317,456;821,175
2020-08-12;18;343,681;480,725
2020-08-12;19;383,153;175,988
2020-08-12;20;510,393;13,313
2020-08-12;21;764,769;0,000
2020-08-12;22;975,669;0,000
2020-08-12;23;1063,866;0,000
2020-08-12;24;1024,029;0,000
