Data;Godzina;Generacja Ÿróde³ wiatrowych;Generacja Ÿróde³ fotowoltaicznych
2020-12-12;1;1804,873;0,000
2020-12-12;2;1880,398;0,000
2020-12-12;3;1826,475;0,000
2020-12-12;4;1741,533;0,000
2020-12-12;5;1756,636;0,000
2020-12-12;6;1747,259;0,000
2020-12-12;7;1888,796;0,950
2020-12-12;8;1998,422;42,613
2020-12-12;9;1983,336;160,788
2020-12-12;10;2085,299;288,200
2020-12-12;11;1995,762;376,575
2020-12-12;12;1824,910;405,338
2020-12-12;13;1655,386;372,050
2020-12-12;14;1429,696;282,525
2020-12-12;15;1356,773;152,463
2020-12-12;16;1259,909;28,950
2020-12-12;17;1236,447;0,000
2020-12-12;18;1126,299;0,000
2020-12-12;19;1042,258;0,000
2020-12-12;20;1061,094;0,000
2020-12-12;21;1038,209;0,000
2020-12-12;22;921,796;0,000
2020-12-12;23;770,445;0,000
2020-12-12;24;692,312;0,000
