Data;Godzina;Generacja Ÿróde³ wiatrowych;Generacja Ÿróde³ fotowoltaicznych
2020-10-25;1;1777,359;0,000
2020-10-25;2;1729,447;0,000
2020-10-25;2A;1681,785;0,000
2020-10-25;3;1644,905;0,000
2020-10-25;4;1593,859;0,000
2020-10-25;5;1548,015;0,000
2020-10-25;6;1574,146;0,000
2020-10-25;7;1706,582;3,263
2020-10-25;8;1776,574;128,525
2020-10-25;9;1533,433;391,300
2020-10-25;10;1310,760;663,775
2020-10-25;11;1451,833;832,588
2020-10-25;12;1892,785;1087,438
2020-10-25;13;2184,410;1210,175
2020-10-25;14;2217,917;1118,163
2020-10-25;15;2022,982;926,438
2020-10-25;16;1896,557;627,325
2020-10-25;17;2259,949;302,275
2020-10-25;18;2875,573;56,013
2020-10-25;19;3164,598;0,000
2020-10-25;20;3136,281;0,000
2020-10-25;21;2955,170;0,000
2020-10-25;22;2779,485;0,000
2020-10-25;23;2589,283;0,000
2020-10-25;24;2337,625;0,000
