Data;Godzina;Generacja Ÿróde³ wiatrowych;Generacja Ÿróde³ fotowoltaicznych
2021-02-13;1;2386,075;0,000
2021-02-13;2;2439,750;0,000
2021-02-13;3;2413,188;0,000
2021-02-13;4;2380,125;0,000
2021-02-13;5;2529,563;0,000
2021-02-13;6;2742,550;0,000
2021-02-13;7;2896,138;4,188
2021-02-13;8;2736,363;89,550
2021-02-13;9;2536,200;225,063
2021-02-13;10;2423,025;369,575
2021-02-13;11;2494,463;596,800
2021-02-13;12;2575,388;650,525
2021-02-13;13;2677,325;578,463
2021-02-13;14;2861,138;530,800
2021-02-13;15;2836,613;371,600
2021-02-13;16;2975,088;143,738
2021-02-13;17;3055,925;25,188
2021-02-13;18;3301,363;0,738
2021-02-13;19;3783,463;0,000
2021-02-13;20;3999,613;0,000
2021-02-13;21;3984,800;0,000
2021-02-13;22;3907,650;0,000
2021-02-13;23;3911,400;0,000
2021-02-13;24;3786,925;0,000
