Data;Godzina;Generacja Ÿróde³ wiatrowych;Generacja Ÿróde³ fotowoltaicznych
2021-07-18;1;1070,175;0,000
2021-07-18;2;1097,200;0,000
2021-07-18;3;1136,875;0,025
2021-07-18;4;1113,163;0,050
2021-07-18;5;1139,025;0,788
2021-07-18;6;1162,113;60,925
2021-07-18;7;933,275;241,963
2021-07-18;8;732,163;589,888
2021-07-18;9;859,488;1031,163
2021-07-18;10;861,913;1499,763
2021-07-18;11;995,838;1965,163
2021-07-18;12;1290,575;2258,900
2021-07-18;13;1524,900;2449,375
2021-07-18;14;1726,338;2601,813
2021-07-18;15;1921,025;2340,913
2021-07-18;16;2082,213;2182,425
2021-07-18;17;2328,475;1859,700
2021-07-18;18;2501,238;1529,188
2021-07-18;19;2495,250;1152,925
2021-07-18;20;2220,163;605,963
2021-07-18;21;1822,475;215,250
2021-07-18;22;1768,938;7,775
2021-07-18;23;1984,563;0,000
2021-07-18;24;1931,500;0,000
