Data;Godzina;Generacja Ÿróde³ wiatrowych;Generacja Ÿróde³ fotowoltaicznych
2021-08-25;1;1032,225;0,000
2021-08-25;2;838,550;0,000
2021-08-25;3;707,700;0,000
2021-08-25;4;657,238;0,000
2021-08-25;5;744,913;0,000
2021-08-25;6;930,513;1,125
2021-08-25;7;1073,063;69,763
2021-08-25;8;1030,775;449,575
2021-08-25;9;888,900;994,150
2021-08-25;10;1065,300;1564,938
2021-08-25;11;1317,100;2183,450
2021-08-25;12;1561,713;2252,600
2021-08-25;13;1904,250;2622,188
2021-08-25;14;2215,025;2567,238
2021-08-25;15;2541,850;2374,175
2021-08-25;16;2768,638;2316,550
2021-08-25;17;2953,538;1688,038
2021-08-25;18;2799,988;1191,138
2021-08-25;19;2818,313;592,400
2021-08-25;20;2986,400;107,138
2021-08-25;21;3256,988;1,550
2021-08-25;22;3379,075;0,100
2021-08-25;23;3281,188;0,050
2021-08-25;24;3246,438;0,100
