Data;Godzina;Generacja Ÿróde³ wiatrowych;Generacja Ÿróde³ fotowoltaicznych
2021-04-17;1;1106,125;0,000
2021-04-17;2;979,013;0,000
2021-04-17;3;882,388;0,000
2021-04-17;4;805,313;0,000
2021-04-17;5;768,663;0,000
2021-04-17;6;711,938;0,700
2021-04-17;7;723,463;35,488
2021-04-17;8;525,125;146,750
2021-04-17;9;301,925;408,300
2021-04-17;10;243,838;656,313
2021-04-17;11;321,363;811,038
2021-04-17;12;468,225;859,075
2021-04-17;13;544,225;917,163
2021-04-17;14;633,163;1013,613
2021-04-17;15;611,525;1123,450
2021-04-17;16;601,488;956,775
2021-04-17;17;705,088;772,413
2021-04-17;18;692,700;509,800
2021-04-17;19;566,050;257,313
2021-04-17;20;523,500;85,250
2021-04-17;21;541,475;1,813
2021-04-17;22;480,450;0,000
2021-04-17;23;541,238;0,000
2021-04-17;24;475,463;0,000
