Data;Godzina;Generacja Ÿróde³ wiatrowych;Generacja Ÿróde³ fotowoltaicznych
2021-04-21;1;388,713;0,000
2021-04-21;2;376,625;0,000
2021-04-21;3;455,650;0,000
2021-04-21;4;500,000;0,000
2021-04-21;5;555,450;0,000
2021-04-21;6;567,625;4,338
2021-04-21;7;601,413;97,400
2021-04-21;8;451,988;457,813
2021-04-21;9;256,500;969,988
2021-04-21;10;196,363;1590,250
2021-04-21;11;290,413;2092,388
2021-04-21;12;744,850;2212,250
2021-04-21;13;1244,738;2342,288
2021-04-21;14;1559,238;2049,175
2021-04-21;15;1726,125;2115,313
2021-04-21;16;2130,525;2020,813
2021-04-21;17;2191,425;1416,450
2021-04-21;18;2093,163;987,600
2021-04-21;19;1969,025;555,738
2021-04-21;20;1865,713;146,063
2021-04-21;21;2123,038;5,938
2021-04-21;22;2483,338;0,000
2021-04-21;23;2647,438;0,100
2021-04-21;24;2695,363;0,000
