Data;Godzina;Generacja Ÿróde³ wiatrowych;Generacja Ÿróde³ fotowoltaicznych
2021-10-29;1;3308,575;0,000
2021-10-29;2;3148,388;0,000
2021-10-29;3;3244,175;0,000
2021-10-29;4;3277,650;0,000
2021-10-29;5;3324,538;0,000
2021-10-29;6;3207,150;0,000
2021-10-29;7;3192,500;0,000
2021-10-29;8;3366,038;26,638
2021-10-29;9;3166,875;225,838
2021-10-29;10;2463,513;854,363
2021-10-29;11;1593,563;1481,725
2021-10-29;12;1243,788;1895,475
2021-10-29;13;1181,963;2089,800
2021-10-29;14;1254,350;2048,100
2021-10-29;15;1313,675;1754,825
2021-10-29;16;1362,788;1244,838
2021-10-29;17;1651,513;589,350
2021-10-29;18;2500,150;89,813
2021-10-29;19;3549,463;0,288
2021-10-29;20;3999,863;0,000
2021-10-29;21;4151,500;0,000
2021-10-29;22;4086,025;0,000
2021-10-29;23;3970,850;0,000
2021-10-29;24;4125,738;0,000
