Data;Godzina;Generacja Ÿróde³ wiatrowych;Generacja Ÿróde³ fotowoltaicznych
2021-04-22;1;2705,088;0,000
2021-04-22;2;2941,150;0,000
2021-04-22;3;2877,313;0,000
2021-04-22;4;3108,025;0,000
2021-04-22;5;3349,900;0,000
2021-04-22;6;3544,250;5,150
2021-04-22;7;3824,238;94,463
2021-04-22;8;4044,238;434,925
2021-04-22;9;4410,225;775,400
2021-04-22;10;4721,275;1134,213
2021-04-22;11;4691,575;1383,675
2021-04-22;12;4674,988;1756,563
2021-04-22;13;4578,250;1860,075
2021-04-22;14;4539,475;1839,588
2021-04-22;15;4265,413;2020,413
2021-04-22;16;4381,400;1916,725
2021-04-22;17;4308,188;1420,413
2021-04-22;18;4340,750;979,538
2021-04-22;19;3784,650;596,388
2021-04-22;20;2919,463;152,950
2021-04-22;21;2558,150;6,450
2021-04-22;22;2600,675;0,000
2021-04-22;23;2357,350;0,000
2021-04-22;24;2632,238;0,000
