Data;Godzina;Generacja Ÿróde³ wiatrowych;Generacja Ÿróde³ fotowoltaicznych
2021-10-09;1;2443,763;0,000
2021-10-09;2;2262,988;0,000
2021-10-09;3;1990,063;0,000
2021-10-09;4;1739,913;0,000
2021-10-09;5;1562,500;0,000
2021-10-09;6;1451,325;0,000
2021-10-09;7;1291,275;1,263
2021-10-09;8;1255,050;102,438
2021-10-09;9;1088,175;584,163
2021-10-09;10;562,075;1353,388
2021-10-09;11;325,963;1969,200
2021-10-09;12;645,788;2411,913
2021-10-09;13;972,138;2611,913
2021-10-09;14;837,750;2589,500
2021-10-09;15;630,650;2325,163
2021-10-09;16;594,575;1844,650
2021-10-09;17;620,163;1240,088
2021-10-09;18;629,475;434,013
2021-10-09;19;860,675;42,913
2021-10-09;20;1290,288;0,000
2021-10-09;21;1566,500;0,000
2021-10-09;22;1741,575;0,000
2021-10-09;23;1803,000;0,000
2021-10-09;24;1683,788;0,000
