Data;Godzina;Generacja Ÿróde³ wiatrowych;Generacja Ÿróde³ fotowoltaicznych
2021-12-10;1;825,625;0,000
2021-12-10;2;819,500;0,000
2021-12-10;3;836,450;0,000
2021-12-10;4;926,763;0,000
2021-12-10;5;986,025;0,000
2021-12-10;6;1056,650;0,000
2021-12-10;7;992,138;0,000
2021-12-10;8;1056,300;5,663
2021-12-10;9;1106,725;75,588
2021-12-10;10;1124,463;260,088
2021-12-10;11;1092,625;439,488
2021-12-10;12;1053,475;671,988
2021-12-10;13;959,950;739,275
2021-12-10;14;1051,263;601,938
2021-12-10;15;1222,275;360,588
2021-12-10;16;1280,438;95,138
2021-12-10;17;1325,325;1,375
2021-12-10;18;1405,138;0,000
2021-12-10;19;1341,700;0,000
2021-12-10;20;1181,450;0,000
2021-12-10;21;971,250;0,000
2021-12-10;22;894,425;0,000
2021-12-10;23;867,250;0,000
2021-12-10;24;878,950;0,000
