Data;Godzina;Generacja Ÿróde³ wiatrowych;Generacja Ÿróde³ fotowoltaicznych
2021-06-10;1;864,850;0,000
2021-06-10;2;833,625;0,000
2021-06-10;3;856,238;0,000
2021-06-10;4;762,338;0,000
2021-06-10;5;639,588;6,588
2021-06-10;6;555,763;120,625
2021-06-10;7;379,513;435,313
2021-06-10;8;169,188;920,288
2021-06-10;9;158,063;1527,838
2021-06-10;10;197,250;2119,163
2021-06-10;11;340,825;2657,113
2021-06-10;12;363,375;2868,863
2021-06-10;13;444,388;2826,625
2021-06-10;14;470,525;2608,388
2021-06-10;15;513,463;2655,900
2021-06-10;16;544,650;2447,575
2021-06-10;17;581,075;2041,088
2021-06-10;18;615,275;1833,950
2021-06-10;19;519,650;1338,350
2021-06-10;20;432,538;664,425
2021-06-10;21;444,013;201,300
2021-06-10;22;437,288;11,825
2021-06-10;23;420,913;0,013
2021-06-10;24;408,713;0,000
