Data;Godzina;Generacja Ÿróde³ wiatrowych;Generacja Ÿróde³ fotowoltaicznych
2021-10-30;1;4065,375;0,000
2021-10-30;2;3881,175;0,000
2021-10-30;3;3796,138;0,000
2021-10-30;4;3877,613;0,000
2021-10-30;5;3841,925;0,000
2021-10-30;6;3773,563;0,000
2021-10-30;7;3531,025;0,000
2021-10-30;8;3375,400;21,950
2021-10-30;9;3212,163;220,088
2021-10-30;10;2542,475;871,850
2021-10-30;11;1648,188;1436,050
2021-10-30;12;1208,088;1836,500
2021-10-30;13;1242,650;1971,513
2021-10-30;14;1508,363;1950,225
2021-10-30;15;1847,063;1668,413
2021-10-30;16;2123,725;1184,050
2021-10-30;17;2792,213;549,213
2021-10-30;18;3742,738;89,838
2021-10-30;19;4304,050;0,863
2021-10-30;20;4632,663;0,000
2021-10-30;21;4932,525;0,000
2021-10-30;22;4883,463;0,000
2021-10-30;23;4738,513;0,000
2021-10-30;24;4727,013;0,000
