Data;Godzina;Generacja Ÿróde³ wiatrowych;Generacja Ÿróde³ fotowoltaicznych
2021-09-10;1;2381,213;0,000
2021-09-10;2;2149,613;0,000
2021-09-10;3;1965,400;0,000
2021-09-10;4;1767,638;0,000
2021-09-10;5;1631,938;0,000
2021-09-10;6;1552,700;0,000
2021-09-10;7;1512,638;49,275
2021-09-10;8;1488,013;444,038
2021-09-10;9;1063,413;1192,075
2021-09-10;10;494,450;1874,925
2021-09-10;11;339,075;2421,088
2021-09-10;12;409,400;2858,313
2021-09-10;13;470,988;3033,650
2021-09-10;14;613,125;3034,863
2021-09-10;15;651,350;2793,413
2021-09-10;16;550,388;2399,488
2021-09-10;17;486,025;1850,138
2021-09-10;18;453,713;1166,288
2021-09-10;19;562,175;418,413
2021-09-10;20;940,188;27,150
2021-09-10;21;1387,525;0,063
2021-09-10;22;1696,388;0,000
2021-09-10;23;1811,525;0,013
2021-09-10;24;1724,913;0,063
