Data;Godzina;Generacja Ÿróde³ wiatrowych;Generacja Ÿróde³ fotowoltaicznych
2021-11-21;1;4913,775;0,000
2021-11-21;2;4875,038;0,000
2021-11-21;3;4766,375;0,000
2021-11-21;4;4953,988;0,000
2021-11-21;5;4833,588;0,000
2021-11-21;6;4815,325;0,013
2021-11-21;7;4698,375;0,013
2021-11-21;8;4676,150;34,900
2021-11-21;9;4597,263;115,850
2021-11-21;10;4312,763;241,188
2021-11-21;11;4139,263;556,013
2021-11-21;12;3869,825;765,613
2021-11-21;13;3425,813;708,400
2021-11-21;14;2872,213;614,838
2021-11-21;15;2290,200;380,225
2021-11-21;16;1765,263;106,288
2021-11-21;17;1416,813;4,963
2021-11-21;18;1290,288;0,000
2021-11-21;19;1216,775;0,000
2021-11-21;20;1110,738;0,000
2021-11-21;21;1078,263;0,000
2021-11-21;22;955,825;0,000
2021-11-21;23;908,675;0,000
2021-11-21;24;769,650;0,000
