Data;Godzina;Generacja Ÿróde³ wiatrowych;Generacja Ÿróde³ fotowoltaicznych
2021-12-23;1;1709,938;0,000
2021-12-23;2;1657,100;0,000
2021-12-23;3;1693,900;0,000
2021-12-23;4;1840,163;0,000
2021-12-23;5;1849,775;0,000
2021-12-23;6;1919,375;0,000
2021-12-23;7;1989,075;0,000
2021-12-23;8;2147,238;1,450
2021-12-23;9;2231,225;78,838
2021-12-23;10;2107,213;311,313
2021-12-23;11;1821,563;543,263
2021-12-23;12;1686,525;663,850
2021-12-23;13;1565,663;751,625
2021-12-23;14;1432,413;659,013
2021-12-23;15;1433,788;386,763
2021-12-23;16;1673,988;95,775
2021-12-23;17;2018,550;1,513
2021-12-23;18;2201,413;0,000
2021-12-23;19;2268,525;0,000
2021-12-23;20;2320,600;0,000
2021-12-23;21;2282,150;0,000
2021-12-23;22;2199,750;0,000
2021-12-23;23;2161,100;0,000
2021-12-23;24;2154,988;0,000
