Data;Godzina;Generacja Ÿróde³ wiatrowych;Generacja Ÿróde³ fotowoltaicznych
2021-09-19;1;1294,713;0,000
2021-09-19;2;1331,900;0,000
2021-09-19;3;1322,400;0,000
2021-09-19;4;1305,775;0,000
2021-09-19;5;1354,175;0,000
2021-09-19;6;1491,663;0,000
2021-09-19;7;1619,750;11,675
2021-09-19;8;1634,838;90,163
2021-09-19;9;1541,588;258,888
2021-09-19;10;1621,938;440,538
2021-09-19;11;1714,100;712,888
2021-09-19;12;1833,463;908,750
2021-09-19;13;1963,375;915,813
2021-09-19;14;1944,113;949,300
2021-09-19;15;1871,638;806,450
2021-09-19;16;1818,275;695,900
2021-09-19;17;1662,700;442,475
2021-09-19;18;1509,563;265,913
2021-09-19;19;1335,650;79,588
2021-09-19;20;1193,500;4,788
2021-09-19;21;1044,025;0,000
2021-09-19;22;892,688;0,000
2021-09-19;23;700,300;0,000
2021-09-19;24;558,125;0,000
