Data;Godzina;Generacja Ÿróde³ wiatrowych;Generacja Ÿróde³ fotowoltaicznych
2021-11-03;1;875,650;0,000
2021-11-03;2;928,563;0,000
2021-11-03;3;947,763;0,000
2021-11-03;4;1000,875;0,000
2021-11-03;5;1076,338;0,000
2021-11-03;6;1135,663;0,025
2021-11-03;7;1191,263;8,375
2021-11-03;8;1197,263;114,175
2021-11-03;9;942,175;475,475
2021-11-03;10;639,975;907,438
2021-11-03;11;649,425;1282,875
2021-11-03;12;685,963;1487,213
2021-11-03;13;618,963;1481,750
2021-11-03;14;633,088;1323,050
2021-11-03;15;603,963;995,538
2021-11-03;16;584,500;348,575
2021-11-03;17;794,338;33,475
2021-11-03;18;1136,788;0,100
2021-11-03;19;1559,638;0,038
2021-11-03;20;1753,475;0,000
2021-11-03;21;1890,275;0,013
2021-11-03;22;1948,275;0,088
2021-11-03;23;1887,688;0,000
2021-11-03;24;1899,338;0,000
