Data;Godzina;Generacja Ÿróde³ wiatrowych;Generacja Ÿróde³ fotowoltaicznych
2021-12-03;1;2981,725;0,500
2021-12-03;2;3055,463;0,500
2021-12-03;3;3203,800;0,500
2021-12-03;4;3417,375;0,500
2021-12-03;5;3451,738;0,500
2021-12-03;6;3654,425;0,500
2021-12-03;7;3819,813;0,513
2021-12-03;8;4050,213;9,900
2021-12-03;9;4162,063;127,325
2021-12-03;10;4200,925;482,238
2021-12-03;11;4184,325;832,700
2021-12-03;12;4321,350;1093,238
2021-12-03;13;4223,675;1079,238
2021-12-03;14;4066,925;1020,913
2021-12-03;15;3949,425;571,475
2021-12-03;16;3917,500;135,313
2021-12-03;17;4180,138;5,500
2021-12-03;18;4406,913;0,500
2021-12-03;19;4397,075;0,513
2021-12-03;20;4611,513;0,513
2021-12-03;21;4555,200;0,513
2021-12-03;22;4507,275;0,575
2021-12-03;23;4380,350;0,538
2021-12-03;24;4201,463;0,500
