Data;Godzina;Generacja Ÿróde³ wiatrowych;Generacja Ÿróde³ fotowoltaicznych
2021-01-12;1;4745,125;0,000
2021-01-12;2;4806,288;0,000
2021-01-12;3;4902,650;0,000
2021-01-12;4;5077,000;0,000
2021-01-12;5;5159,538;0,000
2021-01-12;6;5182,788;0,000
2021-01-12;7;5219,388;0,900
2021-01-12;8;5206,163;51,888
2021-01-12;9;5016,538;202,563
2021-01-12;10;4639,388;423,463
2021-01-12;11;4213,475;679,388
2021-01-12;12;3609,738;608,350
2021-01-12;13;3071,725;478,388
2021-01-12;14;2632,338;293,250
2021-01-12;15;2278,913;141,638
2021-01-12;16;2136,975;27,300
2021-01-12;17;2099,638;0,675
2021-01-12;18;2031,838;0,000
2021-01-12;19;1937,438;0,000
2021-01-12;20;1927,550;0,000
2021-01-12;21;1967,100;0,000
2021-01-12;22;1943,450;0,000
2021-01-12;23;2053,750;0,000
2021-01-12;24;2258,288;0,000
