Data;Godzina;Generacja Ÿróde³ wiatrowych;Generacja Ÿróde³ fotowoltaicznych
2021-01-15;1;1045,075;0,000
2021-01-15;2;941,813;0,000
2021-01-15;3;832,088;0,000
2021-01-15;4;829,163;0,000
2021-01-15;5;915,100;0,000
2021-01-15;6;880,250;0,000
2021-01-15;7;1013,850;0,075
2021-01-15;8;1212,825;4,700
2021-01-15;9;1433,013;47,563
2021-01-15;10;1714,050;183,025
2021-01-15;11;1758,663;464,663
2021-01-15;12;1535,425;487,538
2021-01-15;13;1482,388;414,200
2021-01-15;14;1562,225;247,425
2021-01-15;15;1459,625;111,663
2021-01-15;16;1533,138;17,875
2021-01-15;17;1714,138;1,000
2021-01-15;18;1733,988;0,000
2021-01-15;19;1695,550;0,000
2021-01-15;20;1723,813;0,000
2021-01-15;21;1747,338;0,000
2021-01-15;22;1754,400;0,000
2021-01-15;23;1651,225;0,000
2021-01-15;24;1492,225;0,000
