Data;Godzina;Generacja Ÿróde³ wiatrowych;Generacja Ÿróde³ fotowoltaicznych
2021-02-04;1;4016,575;0,000
2021-02-04;2;4078,725;0,000
2021-02-04;3;4077,113;0,000
2021-02-04;4;4059,138;0,000
2021-02-04;5;3851,363;0,000
2021-02-04;6;3622,775;0,000
2021-02-04;7;3418,900;0,375
2021-02-04;8;3184,325;16,863
2021-02-04;9;2869,738;96,975
2021-02-04;10;2492,075;272,925
2021-02-04;11;2058,125;464,600
2021-02-04;12;1775,975;523,125
2021-02-04;13;1525,663;473,963
2021-02-04;14;1279,638;392,750
2021-02-04;15;1079,500;223,888
2021-02-04;16;905,675;80,138
2021-02-04;17;686,475;17,425
2021-02-04;18;466,138;0,300
2021-02-04;19;420,063;0,000
2021-02-04;20;393,763;0,000
2021-02-04;21;368,938;0,000
2021-02-04;22;362,238;0,000
2021-02-04;23;332,850;0,000
2021-02-04;24;350,538;0,000
