Data;Godzina;Generacja Ÿróde³ wiatrowych;Generacja Ÿróde³ fotowoltaicznych
2021-04-30;1;1755,963;0,000
2021-04-30;2;1861,100;0,000
2021-04-30;3;2009,613;0,000
2021-04-30;4;2108,663;0,000
2021-04-30;5;2422,100;0,000
2021-04-30;6;2323,388;14,500
2021-04-30;7;2050,163;164,963
2021-04-30;8;1826,750;522,938
2021-04-30;9;1961,813;963,363
2021-04-30;10;2012,113;1282,538
2021-04-30;11;2005,588;1606,863
2021-04-30;12;2142,175;1847,688
2021-04-30;13;2231,188;1850,938
2021-04-30;14;2121,325;1918,500
2021-04-30;15;2016,188;1784,300
2021-04-30;16;1756,363;1745,275
2021-04-30;17;1459,325;1396,963
2021-04-30;18;1296,238;1062,488
2021-04-30;19;1127,450;580,700
2021-04-30;20;912,175;186,138
2021-04-30;21;775,938;15,288
2021-04-30;22;790,675;0,013
2021-04-30;23;741,100;0,000
2021-04-30;24;561,538;0,000
