Data;Godzina;Generacja Ÿróde³ wiatrowych;Generacja Ÿróde³ fotowoltaicznych
2021-05-01;1;469,588;0,000
2021-05-01;2;433,800;0,000
2021-05-01;3;442,688;0,000
2021-05-01;4;474,938;0,000
2021-05-01;5;544,075;0,000
2021-05-01;6;619,550;16,150
2021-05-01;7;706,163;131,450
2021-05-01;8;621,963;357,263
2021-05-01;9;423,475;609,163
2021-05-01;10;404,425;901,163
2021-05-01;11;359,800;959,850
2021-05-01;12;378,688;1184,313
2021-05-01;13;468,563;1289,813
2021-05-01;14;556,675;1202,525
2021-05-01;15;532,325;1202,175
2021-05-01;16;514,788;994,850
2021-05-01;17;545,425;769,513
2021-05-01;18;639,713;506,475
2021-05-01;19;627,175;320,050
2021-05-01;20;535,613;119,625
2021-05-01;21;498,625;9,313
2021-05-01;22;594,688;0,013
2021-05-01;23;653,950;0,000
2021-05-01;24;770,663;0,000
