Data;Godzina;Generacja Ÿróde³ wiatrowych;Generacja Ÿróde³ fotowoltaicznych
2021-04-16;1;2153,125;0,000
2021-04-16;2;2140,563;0,000
2021-04-16;3;2132,763;0,000
2021-04-16;4;2116,313;0,000
2021-04-16;5;2067,275;0,000
2021-04-16;6;2110,450;0,175
2021-04-16;7;2182,625;19,588
2021-04-16;8;2120,025;91,925
2021-04-16;9;2198,688;215,588
2021-04-16;10;2387,625;322,163
2021-04-16;11;2436,788;517,763
2021-04-16;12;2407,638;598,763
2021-04-16;13;2579,525;515,213
2021-04-16;14;2768,188;535,113
2021-04-16;15;2831,388;417,538
2021-04-16;16;2820,725;361,750
2021-04-16;17;2774,163;295,300
2021-04-16;18;2435,625;210,888
2021-04-16;19;2089,625;125,925
2021-04-16;20;1924,363;32,363
2021-04-16;21;1787,425;1,225
2021-04-16;22;1642,963;0,000
2021-04-16;23;1412,350;0,000
2021-04-16;24;1249,763;0,000
