Data;Godzina;Generacja Ÿróde³ wiatrowych;Generacja Ÿróde³ fotowoltaicznych
2021-11-29;1;895,725;0,950
2021-11-29;2;989,988;0,513
2021-11-29;3;1087,350;0,575
2021-11-29;4;1209,763;0,600
2021-11-29;5;1312,713;0,538
2021-11-29;6;1389,838;0,513
2021-11-29;7;1502,275;0,575
2021-11-29;8;1576,963;7,488
2021-11-29;9;1712,200;51,888
2021-11-29;10;1921,825;127,163
2021-11-29;11;2049,975;201,375
2021-11-29;12;2396,863;248,450
2021-11-29;13;2719,750;268,700
2021-11-29;14;3022,100;216,275
2021-11-29;15;3254,400;118,663
2021-11-29;16;3281,913;43,263
2021-11-29;17;3307,450;1,525
2021-11-29;18;3623,350;0,500
2021-11-29;19;3835,038;0,500
2021-11-29;20;3885,500;0,500
2021-11-29;21;3797,525;0,500
2021-11-29;22;3706,725;0,500
2021-11-29;23;3672,675;0,500
2021-11-29;24;3631,475;0,500
