Data;Godzina;Generacja Ÿróde³ wiatrowych;Generacja Ÿróde³ fotowoltaicznych
2021-09-08;1;470,788;0,000
2021-09-08;2;545,963;0,000
2021-09-08;3;525,875;0,000
2021-09-08;4;537,125;0,000
2021-09-08;5;503,825;0,000
2021-09-08;6;459,750;0,000
2021-09-08;7;393,600;64,138
2021-09-08;8;324,475;413,425
2021-09-08;9;192,313;1120,900
2021-09-08;10;61,700;1830,463
2021-09-08;11;57,225;2419,275
2021-09-08;12;121,288;2847,913
2021-09-08;13;200,975;3049,750
2021-09-08;14;227,638;3059,838
2021-09-08;15;247,975;2837,438
2021-09-08;16;266,375;2471,525
2021-09-08;17;294,525;1916,250
2021-09-08;18;269,600;1247,863
2021-09-08;19;252,500;532,563
2021-09-08;20;389,163;72,288
2021-09-08;21;642,425;0,125
2021-09-08;22;1039,788;0,000
2021-09-08;23;1226,638;0,000
2021-09-08;24;1535,900;0,000
