Data;Godzina;Generacja Ÿróde³ wiatrowych;Generacja Ÿróde³ fotowoltaicznych
2021-02-03;1;1007,663;0,000
2021-02-03;2;1027,213;0,000
2021-02-03;3;1019,438;0,000
2021-02-03;4;1041,838;0,000
2021-02-03;5;1078,050;0,000
2021-02-03;6;1095,700;0,000
2021-02-03;7;1122,550;0,825
2021-02-03;8;1145,613;14,338
2021-02-03;9;1169,763;94,975
2021-02-03;10;1176,875;288,075
2021-02-03;11;1132,750;546,438
2021-02-03;12;1067,413;691,513
2021-02-03;13;1013,175;634,750
2021-02-03;14;1069,688;498,625
2021-02-03;15;1285,538;285,138
2021-02-03;16;1616,700;59,125
2021-02-03;17;1972,913;9,725
2021-02-03;18;2133,525;0,150
2021-02-03;19;2301,588;0,000
2021-02-03;20;2814,375;0,000
2021-02-03;21;3276,613;0,000
2021-02-03;22;3617,350;0,000
2021-02-03;23;3867,113;0,000
2021-02-03;24;3975,450;0,000
