Data;Godzina;Generacja Ÿróde³ wiatrowych;Generacja Ÿróde³ fotowoltaicznych
2021-10-24;1;1623,900;0,000
2021-10-24;2;1483,800;0,000
2021-10-24;3;1333,800;0,000
2021-10-24;4;1142,200;0,000
2021-10-24;5;986,725;0,000
2021-10-24;6;831,050;0,000
2021-10-24;7;666,088;0,000
2021-10-24;8;592,125;40,088
2021-10-24;9;520,025;213,125
2021-10-24;10;439,013;824,200
2021-10-24;11;314,388;1454,850
2021-10-24;12;224,975;1919,713
2021-10-24;13;250,838;1970,200
2021-10-24;14;382,725;1838,175
2021-10-24;15;471,525;1763,450
2021-10-24;16;457,113;1269,225
2021-10-24;17;466,225;668,888
2021-10-24;18;672,363;144,475
2021-10-24;19;1094,225;1,488
2021-10-24;20;1766,450;0,025
2021-10-24;21;2210,300;0,000
2021-10-24;22;2573,625;0,000
2021-10-24;23;2745,013;0,000
2021-10-24;24;2910,575;0,038
