Data;Godzina;Generacja Ÿróde³ wiatrowych;Generacja Ÿróde³ fotowoltaicznych
2021-12-14;1;725,650;0,000
2021-12-14;2;769,625;0,000
2021-12-14;3;830,425;0,000
2021-12-14;4;968,175;0,000
2021-12-14;5;1122,988;0,000
2021-12-14;6;1268,125;0,000
2021-12-14;7;1416,900;0,000
2021-12-14;8;1571,138;2,213
2021-12-14;9;1683,400;87,363
2021-12-14;10;1661,838;301,588
2021-12-14;11;1708,463;432,300
2021-12-14;12;1716,363;488,788
2021-12-14;13;1669,450;476,600
2021-12-14;14;1605,525;420,900
2021-12-14;15;1619,213;181,250
2021-12-14;16;1592,638;20,588
2021-12-14;17;1484,500;0,263
2021-12-14;18;1416,225;0,000
2021-12-14;19;1480,413;0,000
2021-12-14;20;1484,150;0,000
2021-12-14;21;1294,250;0,000
2021-12-14;22;1216,063;0,000
2021-12-14;23;1080,300;0,000
2021-12-14;24;1049,475;0,000
