Data;Godzina;Generacja Ÿróde³ wiatrowych;Generacja Ÿróde³ fotowoltaicznych
2021-01-03;1;353,213;0,000
2021-01-03;2;379,150;0,000
2021-01-03;3;482,900;0,000
2021-01-03;4;600,275;0,000
2021-01-03;5;787,113;0,000
2021-01-03;6;961,100;0,000
2021-01-03;7;1104,188;0,575
2021-01-03;8;1313,563;12,725
2021-01-03;9;1432,350;59,275
2021-01-03;10;1601,100;179,938
2021-01-03;11;1694,513;403,738
2021-01-03;12;1800,950;353,825
2021-01-03;13;1885,438;308,275
2021-01-03;14;2296,350;207,800
2021-01-03;15;2514,313;101,963
2021-01-03;16;2613,338;16,625
2021-01-03;17;2653,713;0,863
2021-01-03;18;2733,138;0,000
2021-01-03;19;2801,613;0,000
2021-01-03;20;2774,313;0,000
2021-01-03;21;2622,988;0,000
2021-01-03;22;2283,238;0,000
2021-01-03;23;2167,463;0,000
2021-01-03;24;2074,513;0,000
