Data;Godzina;Generacja Ÿróde³ wiatrowych;Generacja Ÿróde³ fotowoltaicznych
2021-08-18;1;4192,213;0,038
2021-08-18;2;4027,438;0,038
2021-08-18;3;4160,413;0,000
2021-08-18;4;4329,238;0,025
2021-08-18;5;4294,550;0,088
2021-08-18;6;4276,963;6,588
2021-08-18;7;4168,488;98,525
2021-08-18;8;4079,863;451,113
2021-08-18;9;3931,550;926,375
2021-08-18;10;3870,875;1415,738
2021-08-18;11;3785,238;1882,275
2021-08-18;12;3857,413;2256,575
2021-08-18;13;3803,763;2437,425
2021-08-18;14;3837,025;2319,575
2021-08-18;15;3848,888;2349,475
2021-08-18;16;3743,963;2004,538
2021-08-18;17;3641,713;1605,238
2021-08-18;18;3306,900;1081,350
2021-08-18;19;3039,688;610,288
2021-08-18;20;2943,263;185,563
2021-08-18;21;3035,250;7,525
2021-08-18;22;3353,925;0,000
2021-08-18;23;3641,263;0,063
2021-08-18;24;3485,988;0,100
