Data;Godzina;Generacja Ÿróde³ wiatrowych;Generacja Ÿróde³ fotowoltaicznych
2021-08-01;1;2309,200;0,000
2021-08-01;2;2282,613;0,000
2021-08-01;3;2016,925;0,000
2021-08-01;4;1873,925;0,000
2021-08-01;5;1775,500;0,038
2021-08-01;6;1450,250;37,925
2021-08-01;7;1197,100;245,413
2021-08-01;8;747,538;684,088
2021-08-01;9;562,950;1150,750
2021-08-01;10;548,475;1435,938
2021-08-01;11;546,563;1616,713
2021-08-01;12;509,488;1392,963
2021-08-01;13;472,725;1215,488
2021-08-01;14;457,013;1088,000
2021-08-01;15;436,763;1100,225
2021-08-01;16;518,163;1196,163
2021-08-01;17;565,763;997,825
2021-08-01;18;460,925;624,938
2021-08-01;19;329,063;394,588
2021-08-01;20;374,875;203,475
2021-08-01;21;465,975;45,538
2021-08-01;22;548,863;0,888
2021-08-01;23;646,638;0,000
2021-08-01;24;762,838;0,000
