Data;Godzina;Generacja Ÿróde³ wiatrowych;Generacja Ÿróde³ fotowoltaicznych
2021-08-27;1;382,375;0,000
2021-08-27;2;334,388;0,000
2021-08-27;3;315,625;0,025
2021-08-27;4;209,163;0,000
2021-08-27;5;164,938;0,013
2021-08-27;6;134,238;1,063
2021-08-27;7;112,788;57,213
2021-08-27;8;78,513;276,100
2021-08-27;9;60,825;531,175
2021-08-27;10;41,363;900,225
2021-08-27;11;55,738;1254,338
2021-08-27;12;74,013;1544,038
2021-08-27;13;94,038;1515,388
2021-08-27;14;139,900;1345,350
2021-08-27;15;155,225;1445,638
2021-08-27;16;242,575;1346,400
2021-08-27;17;236,050;1419,100
2021-08-27;18;222,650;1099,088
2021-08-27;19;134,088;648,450
2021-08-27;20;111,725;148,738
2021-08-27;21;121,325;2,488
2021-08-27;22;90,775;0,000
2021-08-27;23;110,500;0,000
2021-08-27;24;105,500;0,000
