Data;Godzina;Generacja Ÿróde³ wiatrowych;Generacja Ÿróde³ fotowoltaicznych
2021-01-05;1;1085,163;0,000
2021-01-05;2;1240,113;0,000
2021-01-05;3;1366,050;0,000
2021-01-05;4;1504,150;0,000
2021-01-05;5;1607,375;0,000
2021-01-05;6;1769,725;0,000
2021-01-05;7;2067,238;0,063
2021-01-05;8;2272,525;5,800
2021-01-05;9;2377,150;42,400
2021-01-05;10;2400,388;150,175
2021-01-05;11;2576,550;304,975
2021-01-05;12;2751,675;254,363
2021-01-05;13;2764,825;222,700
2021-01-05;14;2867,875;143,413
2021-01-05;15;3039,988;68,475
2021-01-05;16;3172,713;11,150
2021-01-05;17;3228,725;0,563
2021-01-05;18;3207,638;0,000
2021-01-05;19;3032,863;0,000
2021-01-05;20;2926,175;0,000
2021-01-05;21;2641,338;0,000
2021-01-05;22;2402,800;0,000
2021-01-05;23;2246,175;0,000
2021-01-05;24;2031,688;0,000
