Data;Godzina;Generacja Ÿróde³ wiatrowych;Generacja Ÿróde³ fotowoltaicznych
2021-04-06;1;3948,013;0,000
2021-04-06;2;4144,350;0,000
2021-04-06;3;4392,088;0,000
2021-04-06;4;4453,463;0,000
2021-04-06;5;4567,763;0,000
2021-04-06;6;4526,450;0,000
2021-04-06;7;4397,675;33,563
2021-04-06;8;4105,450;238,963
2021-04-06;9;4032,425;528,725
2021-04-06;10;3851,000;835,938
2021-04-06;11;3701,700;1141,813
2021-04-06;12;3569,575;1480,100
2021-04-06;13;3372,388;1507,250
2021-04-06;14;3086,350;1745,363
2021-04-06;15;2854,850;1453,338
2021-04-06;16;2545,875;1229,713
2021-04-06;17;2243,250;1253,825
2021-04-06;18;2020,650;720,575
2021-04-06;19;1980,200;429,213
2021-04-06;20;1689,950;78,850
2021-04-06;21;1899,050;0,025
2021-04-06;22;2174,975;0,000
2021-04-06;23;2166,913;0,000
2021-04-06;24;2354,450;0,000
