Data;Godzina;Generacja Ÿróde³ wiatrowych;Generacja Ÿróde³ fotowoltaicznych
2021-06-14;1;2251,625;0,000
2021-06-14;2;1982,850;0,000
2021-06-14;3;1828,038;0,000
2021-06-14;4;1682,463;0,000
2021-06-14;5;1507,775;6,938
2021-06-14;6;1225,925;136,613
2021-06-14;7;661,150;539,213
2021-06-14;8;294,525;1195,700
2021-06-14;9;291,175;1878,613
2021-06-14;10;336,625;2433,450
2021-06-14;11;331,338;2846,425
2021-06-14;12;350,013;2943,238
2021-06-14;13;307,800;3081,688
2021-06-14;14;264,963;3030,525
2021-06-14;15;248,400;2983,338
2021-06-14;16;242,613;2780,500
2021-06-14;17;220,088;2272,050
2021-06-14;18;118,975;1808,625
2021-06-14;19;94,775;1321,350
2021-06-14;20;111,613;705,775
2021-06-14;21;154,675;254,788
2021-06-14;22;305,938;10,775
2021-06-14;23;638,713;0,025
2021-06-14;24;1129,438;0,000
