Data;Godzina;Generacja Ÿróde³ wiatrowych;Generacja Ÿróde³ fotowoltaicznych
2021-01-02;1;485,463;0,000
2021-01-02;2;507,750;0,000
2021-01-02;3;577,650;0,000
2021-01-02;4;591,825;0,000
2021-01-02;5;611,263;0,000
2021-01-02;6;612,913;0,000
2021-01-02;7;606,063;0,113
2021-01-02;8;583,563;8,388
2021-01-02;9;532,388;63,738
2021-01-02;10;475,663;217,450
2021-01-02;11;482,425;478,100
2021-01-02;12;439,025;393,575
2021-01-02;13;326,800;326,825
2021-01-02;14;262,638;214,850
2021-01-02;15;214,275;97,988
2021-01-02;16;249,950;16,250
2021-01-02;17;289,100;0,825
2021-01-02;18;284,763;0,000
2021-01-02;19;288,063;0,000
2021-01-02;20;283,275;0,000
2021-01-02;21;289,038;0,000
2021-01-02;22;284,713;0,000
2021-01-02;23;297,588;0,000
2021-01-02;24;326,263;0,000
