Data;Godzina;Generacja Ÿróde³ wiatrowych;Generacja Ÿróde³ fotowoltaicznych
2021-11-10;1;2938,950;0,000
2021-11-10;2;3028,325;0,000
2021-11-10;3;3062,250;0,000
2021-11-10;4;3206,675;0,000
2021-11-10;5;3082,238;0,000
2021-11-10;6;2842,000;0,000
2021-11-10;7;2663,038;1,613
2021-11-10;8;2559,375;99,113
2021-11-10;9;2417,588;517,800
2021-11-10;10;1804,825;1092,650
2021-11-10;11;1345,175;1510,000
2021-11-10;12;1205,300;1703,788
2021-11-10;13;1198,413;1694,088
2021-11-10;14;1092,313;1376,225
2021-11-10;15;903,988;880,600
2021-11-10;16;1098,650;352,888
2021-11-10;17;1531,113;18,575
2021-11-10;18;1876,413;0,100
2021-11-10;19;1945,050;0,088
2021-11-10;20;1983,738;0,075
2021-11-10;21;1957,138;0,000
2021-11-10;22;1838,113;0,000
2021-11-10;23;1642,438;0,013
2021-11-10;24;1512,138;0,100
