Data;Godzina;Generacja Ÿróde³ wiatrowych;Generacja Ÿróde³ fotowoltaicznych
2021-03-20;1;1107,538;0,000
2021-03-20;2;971,488;0,000
2021-03-20;3;920,425;0,000
2021-03-20;4;838,638;0,000
2021-03-20;5;700,288;0,000
2021-03-20;6;570,763;0,238
2021-03-20;7;480,350;93,163
2021-03-20;8;270,800;538,963
2021-03-20;9;171,063;1208,475
2021-03-20;10;208,075;1588,038
2021-03-20;11;326,163;1677,313
2021-03-20;12;529,900;1487,850
2021-03-20;13;759,950;1477,800
2021-03-20;14;1033,700;1465,950
2021-03-20;15;1166,650;1266,425
2021-03-20;16;1355,063;843,825
2021-03-20;17;1512,613;551,488
2021-03-20;18;1721,000;171,488
2021-03-20;19;2175,100;8,088
2021-03-20;20;2702,600;0,000
2021-03-20;21;3248,400;0,000
2021-03-20;22;3689,225;0,000
2021-03-20;23;3940,825;0,000
2021-03-20;24;4046,575;0,000
