Data;Godzina;Generacja Ÿróde³ wiatrowych;Generacja Ÿróde³ fotowoltaicznych
2021-08-30;1;332,650;0,000
2021-08-30;2;324,388;0,038
2021-08-30;3;262,150;0,088
2021-08-30;4;297,850;0,125
2021-08-30;5;385,238;0,000
2021-08-30;6;414,150;0,163
2021-08-30;7;515,888;34,200
2021-08-30;8;660,600;146,050
2021-08-30;9;678,288;324,988
2021-08-30;10;692,075;494,888
2021-08-30;11;772,688;628,400
2021-08-30;12;1012,138;876,325
2021-08-30;13;1274,275;942,450
2021-08-30;14;1437,275;987,813
2021-08-30;15;1556,688;818,138
2021-08-30;16;1781,388;842,338
2021-08-30;17;1904,363;736,800
2021-08-30;18;1995,775;458,750
2021-08-30;19;2109,375;240,475
2021-08-30;20;2310,950;60,088
2021-08-30;21;2531,088;1,163
2021-08-30;22;2748,013;0,000
2021-08-30;23;2677,450;0,000
2021-08-30;24;2579,800;0,038
