Data;Godzina;Generacja Ÿróde³ wiatrowych;Generacja Ÿróde³ fotowoltaicznych
2021-09-29;1;2075,163;0,000
2021-09-29;2;2098,088;0,000
2021-09-29;3;2022,250;0,000
2021-09-29;4;1995,038;0,000
2021-09-29;5;2151,550;0,063
2021-09-29;6;2296,575;0,038
2021-09-29;7;2328,750;7,613
2021-09-29;8;2322,788;142,513
2021-09-29;9;1900,925;573,363
2021-09-29;10;1568,200;1308,900
2021-09-29;11;1864,638;1958,575
2021-09-29;12;2706,888;2291,075
2021-09-29;13;3272,625;2513,075
2021-09-29;14;3384,875;2319,375
2021-09-29;15;3251,713;1950,038
2021-09-29;16;3108,275;1331,188
2021-09-29;17;2752,825;853,713
2021-09-29;18;2408,625;379,925
2021-09-29;19;2370,725;59,963
2021-09-29;20;2576,538;0,038
2021-09-29;21;2621,200;0,000
2021-09-29;22;2643,200;0,000
2021-09-29;23;2552,963;0,000
2021-09-29;24;2339,125;0,000
