Data;Godzina;Generacja Ÿróde³ wiatrowych;Generacja Ÿróde³ fotowoltaicznych
2021-10-03;1;3488,138;0,000
2021-10-03;2;3448,388;0,000
2021-10-03;3;3617,575;0,000
2021-10-03;4;3634,038;0,000
2021-10-03;5;3705,650;0,000
2021-10-03;6;3808,175;0,000
2021-10-03;7;4162,613;6,488
2021-10-03;8;4075,225;145,213
2021-10-03;9;3835,225;516,163
2021-10-03;10;3359,450;1267,225
2021-10-03;11;3371,375;1904,363
2021-10-03;12;3536,700;2307,188
2021-10-03;13;3721,238;2484,025
2021-10-03;14;3863,325;2437,050
2021-10-03;15;3904,563;2270,350
2021-10-03;16;3938,800;1810,200
2021-10-03;17;3666,700;1126,975
2021-10-03;18;3561,838;489,225
2021-10-03;19;4036,963;66,488
2021-10-03;20;4474,150;0,200
2021-10-03;21;4582,450;0,000
2021-10-03;22;4360,750;0,000
2021-10-03;23;4000,225;0,000
2021-10-03;24;3612,288;0,000
