Data;Godzina;Generacja Ÿróde³ wiatrowych;Generacja Ÿróde³ fotowoltaicznych
2021-11-17;1;888,625;0,000
2021-11-17;2;894,113;0,000
2021-11-17;3;843,938;0,000
2021-11-17;4;884,038;0,000
2021-11-17;5;975,400;0,000
2021-11-17;6;999,250;0,000
2021-11-17;7;994,850;0,238
2021-11-17;8;1144,700;64,913
2021-11-17;9;1295,063;235,938
2021-11-17;10;1273,713;404,100
2021-11-17;11;1207,188;519,188
2021-11-17;12;1243,238;608,975
2021-11-17;13;1386,563;504,775
2021-11-17;14;1573,838;394,775
2021-11-17;15;1687,288;248,838
2021-11-17;16;1857,663;63,563
2021-11-17;17;2080,250;2,675
2021-11-17;18;2372,063;0,000
2021-11-17;19;2622,413;0,000
2021-11-17;20;2803,900;0,013
2021-11-17;21;3031,275;0,038
2021-11-17;22;3362,900;0,038
2021-11-17;23;3646,900;0,100
2021-11-17;24;3678,613;0,100
