Data;Godzina;Generacja Ÿróde³ wiatrowych;Generacja Ÿróde³ fotowoltaicznych
2021-05-19;1;1149,163;0,000
2021-05-19;2;1243,975;0,000
2021-05-19;3;1364,725;0,000
2021-05-19;4;1287,713;0,000
2021-05-19;5;1207,900;1,113
2021-05-19;6;1187,513;51,988
2021-05-19;7;964,288;197,288
2021-05-19;8;776,700;557,350
2021-05-19;9;818,500;737,713
2021-05-19;10;903,538;1138,375
2021-05-19;11;1018,575;1967,213
2021-05-19;12;1273,388;1750,750
2021-05-19;13;1474,813;1586,263
2021-05-19;14;1548,275;1558,650
2021-05-19;15;1515,700;1702,263
2021-05-19;16;1514,313;1922,313
2021-05-19;17;1486,250;1636,375
2021-05-19;18;1396,525;1384,163
2021-05-19;19;1152,038;767,188
2021-05-19;20;859,075;382,013
2021-05-19;21;677,838;93,825
2021-05-19;22;791,750;1,938
2021-05-19;23;965,175;0,000
2021-05-19;24;1156,650;0,000
