Data;Godzina;Generacja Ÿróde³ wiatrowych;Generacja Ÿróde³ fotowoltaicznych
2021-12-02;1;6142,263;0,500
2021-12-02;2;6098,263;0,500
2021-12-02;3;6052,538;0,525
2021-12-02;4;6104,050;0,500
2021-12-02;5;6119,963;0,500
2021-12-02;6;6065,088;0,500
2021-12-02;7;6163,588;0,500
2021-12-02;8;6260,663;13,850
2021-12-02;9;6209,575;133,800
2021-12-02;10;6245,613;403,325
2021-12-02;11;6158,450;576,225
2021-12-02;12;6062,838;796,300
2021-12-02;13;6027,850;632,100
2021-12-02;14;5919,350;607,663
2021-12-02;15;5799,200;411,400
2021-12-02;16;5497,738;124,300
2021-12-02;17;5244,413;12,113
2021-12-02;18;4991,525;0,500
2021-12-02;19;4884,988;0,525
2021-12-02;20;4681,625;0,500
2021-12-02;21;4261,938;0,500
2021-12-02;22;3831,625;0,500
2021-12-02;23;3345,100;0,500
2021-12-02;24;3083,675;0,500
