Data;Godzina;Generacja Ÿróde³ wiatrowych;Generacja Ÿróde³ fotowoltaicznych
2021-04-24;1;1767,488;0,000
2021-04-24;2;1895,600;0,000
2021-04-24;3;1938,838;0,000
2021-04-24;4;1771,388;0,000
2021-04-24;5;1602,413;0,000
2021-04-24;6;1669,513;7,400
2021-04-24;7;1555,813;135,150
2021-04-24;8;1118,125;562,225
2021-04-24;9;864,400;1097,188
2021-04-24;10;960,775;1807,400
2021-04-24;11;1337,488;2371,113
2021-04-24;12;1793,913;2260,363
2021-04-24;13;2081,400;1865,650
2021-04-24;14;2166,363;2147,488
2021-04-24;15;2275,513;1758,763
2021-04-24;16;2317,638;1677,775
2021-04-24;17;2230,075;1514,350
2021-04-24;18;2168,263;1068,225
2021-04-24;19;1934,300;612,300
2021-04-24;20;1511,388;188,963
2021-04-24;21;1111,725;9,400
2021-04-24;22;1071,488;0,000
2021-04-24;23;968,100;0,000
2021-04-24;24;816,288;0,000
