Data;Godzina;Generacja Ÿróde³ wiatrowych;Generacja Ÿróde³ fotowoltaicznych
2021-07-03;1;1204,475;0,000
2021-07-03;2;1262,975;0,000
2021-07-03;3;1369,213;0,000
2021-07-03;4;1428,700;0,000
2021-07-03;5;1508,763;3,838
2021-07-03;6;1399,438;72,925
2021-07-03;7;1203,450;241,013
2021-07-03;8;1077,950;549,663
2021-07-03;9;1002,513;913,488
2021-07-03;10;1038,238;1221,088
2021-07-03;11;1055,425;1464,263
2021-07-03;12;1027,063;1582,825
2021-07-03;13;1034,413;1674,138
2021-07-03;14;1111,938;1473,600
2021-07-03;15;1039,525;1359,925
2021-07-03;16;999,000;1670,200
2021-07-03;17;884,863;1387,825
2021-07-03;18;838,988;1139,975
2021-07-03;19;708,850;790,313
2021-07-03;20;566,338;489,925
2021-07-03;21;472,250;185,775
2021-07-03;22;428,950;16,813
2021-07-03;23;438,238;0,038
2021-07-03;24;360,638;0,000
