Data;Godzina;Generacja Ÿróde³ wiatrowych;Generacja Ÿróde³ fotowoltaicznych
2021-06-20;1;2287,525;0,000
2021-06-20;2;2230,925;0,000
2021-06-20;3;2061,975;0,000
2021-06-20;4;1953,563;0,000
2021-06-20;5;1801,950;11,088
2021-06-20;6;1698,175;149,613
2021-06-20;7;1538,250;582,425
2021-06-20;8;937,613;1167,263
2021-06-20;9;689,713;1758,138
2021-06-20;10;930,275;2297,938
2021-06-20;11;1419,600;2695,938
2021-06-20;12;2000,925;2978,913
2021-06-20;13;2338,388;3119,713
2021-06-20;14;2360,413;3017,663
2021-06-20;15;2090,425;2733,475
2021-06-20;16;1842,888;2546,525
2021-06-20;17;1667,625;2172,413
2021-06-20;18;1563,275;1784,975
2021-06-20;19;1456,163;1229,550
2021-06-20;20;1484,725;663,588
2021-06-20;21;1522,713;184,150
2021-06-20;22;1661,988;12,113
2021-06-20;23;1914,000;0,025
2021-06-20;24;2150,350;0,000
