Data;Godzina;Generacja Ÿróde³ wiatrowych;Generacja Ÿróde³ fotowoltaicznych
2021-06-15;1;1660,375;0,000
2021-06-15;2;1978,863;0,000
2021-06-15;3;1937,688;0,000
2021-06-15;4;1810,775;0,000
2021-06-15;5;1634,513;10,350
2021-06-15;6;1396,988;171,175
2021-06-15;7;1141,950;616,325
2021-06-15;8;670,288;1157,038
2021-06-15;9;293,350;1750,338
2021-06-15;10;196,663;2214,250
2021-06-15;11;189,463;2439,875
2021-06-15;12;202,938;2481,350
2021-06-15;13;211,125;2698,725
2021-06-15;14;275,250;2659,088
2021-06-15;15;338,338;2494,238
2021-06-15;16;369,475;2266,850
2021-06-15;17;324,488;1816,550
2021-06-15;18;415,263;1423,975
2021-06-15;19;463,438;974,500
2021-06-15;20;442,050;503,763
2021-06-15;21;540,513;169,388
2021-06-15;22;715,375;15,650
2021-06-15;23;720,213;0,025
2021-06-15;24;713,438;0,000
