Data;Godzina;Generacja Ÿróde³ wiatrowych;Generacja Ÿróde³ fotowoltaicznych
2021-06-22;1;1341,400;0,000
2021-06-22;2;1312,025;0,000
2021-06-22;3;1281,025;0,000
2021-06-22;4;1155,888;0,000
2021-06-22;5;1085,400;10,113
2021-06-22;6;1009,888;145,025
2021-06-22;7;796,238;515,525
2021-06-22;8;539,275;1060,663
2021-06-22;9;445,013;1572,275
2021-06-22;10;490,500;1753,650
2021-06-22;11;505,425;1961,738
2021-06-22;12;563,950;1890,988
2021-06-22;13;818,013;1970,925
2021-06-22;14;970,138;2098,613
2021-06-22;15;937,538;1837,288
2021-06-22;16;893,500;1678,875
2021-06-22;17;1007,963;1214,188
2021-06-22;18;1090,388;951,450
2021-06-22;19;1299,038;541,988
2021-06-22;20;1116,075;307,038
2021-06-22;21;973,175;114,913
2021-06-22;22;921,100;10,638
2021-06-22;23;776,413;0,038
2021-06-22;24;723,638;0,000
