Data;Godzina;Generacja Ÿróde³ wiatrowych;Generacja Ÿróde³ fotowoltaicznych
2021-12-28;1;3965,688;0,000
2021-12-28;2;4009,738;0,000
2021-12-28;3;3937,363;0,000
2021-12-28;4;3959,250;0,000
2021-12-28;5;3788,088;0,000
2021-12-28;6;3643,938;0,000
2021-12-28;7;3587,100;0,000
2021-12-28;8;3789,038;0,225
2021-12-28;9;4018,338;95,750
2021-12-28;10;4085,075;434,463
2021-12-28;11;3947,813;810,125
2021-12-28;12;3849,638;959,800
2021-12-28;13;4153,975;939,850
2021-12-28;14;4314,463;675,850
2021-12-28;15;4380,050;423,400
2021-12-28;16;4556,638;170,063
2021-12-28;17;4868,163;7,900
2021-12-28;18;5067,825;0,000
2021-12-28;19;5150,763;0,000
2021-12-28;20;5199,413;0,000
2021-12-28;21;5165,363;0,000
2021-12-28;22;4982,388;0,000
2021-12-28;23;4673,075;0,000
2021-12-28;24;4293,313;0,000
