Data;Godzina;Generacja Ÿróde³ wiatrowych;Generacja Ÿróde³ fotowoltaicznych
2021-12-26;1;2976,413;0,000
2021-12-26;2;2972,663;0,000
2021-12-26;3;2903,413;0,000
2021-12-26;4;2776,775;0,000
2021-12-26;5;2698,800;0,000
2021-12-26;6;2464,375;0,000
2021-12-26;7;2353,650;0,000
2021-12-26;8;2259,175;0,488
2021-12-26;9;2070,013;95,375
2021-12-26;10;1861,725;677,800
2021-12-26;11;1546,813;1210,913
2021-12-26;12;1213,450;1526,850
2021-12-26;13;939,613;1562,325
2021-12-26;14;809,900;1387,225
2021-12-26;15;751,113;886,550
2021-12-26;16;750,988;247,113
2021-12-26;17;817,788;2,413
2021-12-26;18;912,963;0,000
2021-12-26;19;973,875;0,000
2021-12-26;20;993,675;0,000
2021-12-26;21;1052,863;0,000
2021-12-26;22;1131,100;0,000
2021-12-26;23;1135,263;0,000
2021-12-26;24;1207,775;0,000
