Data;Godzina;Generacja Ÿróde³ wiatrowych;Generacja Ÿróde³ fotowoltaicznych
2021-09-05;1;1563,038;0,000
2021-09-05;2;1529,813;0,000
2021-09-05;3;1382,150;0,000
2021-09-05;4;1247,250;0,000
2021-09-05;5;1201,225;0,000
2021-09-05;6;1191,600;0,150
2021-09-05;7;1232,513;59,600
2021-09-05;8;1166,563;439,888
2021-09-05;9;672,638;1126,813
2021-09-05;10;520,950;1893,850
2021-09-05;11;546,738;2485,663
2021-09-05;12;538,013;2851,713
2021-09-05;13;530,975;3121,475
2021-09-05;14;462,588;3008,175
2021-09-05;15;404,313;2802,950
2021-09-05;16;402,275;2554,213
2021-09-05;17;380,988;1948,000
2021-09-05;18;383,800;1394,763
2021-09-05;19;505,563;664,725
2021-09-05;20;866,675;109,663
2021-09-05;21;1408,088;0,263
2021-09-05;22;1634,313;0,000
2021-09-05;23;1764,588;0,000
2021-09-05;24;1859,688;0,000
