Data;Godzina;Generacja Ÿróde³ wiatrowych;Generacja Ÿróde³ fotowoltaicznych
2021-12-25;1;3586,163;0,000
2021-12-25;2;3537,788;0,000
2021-12-25;3;3287,675;0,000
2021-12-25;4;3130,288;0,000
2021-12-25;5;3023,463;0,000
2021-12-25;6;2778,488;0,000
2021-12-25;7;2630,950;0,000
2021-12-25;8;2579,763;0,538
2021-12-25;9;2651,338;90,563
2021-12-25;10;2509,800;525,763
2021-12-25;11;2410,125;972,438
2021-12-25;12;2295,150;1200,588
2021-12-25;13;2212,075;1206,263
2021-12-25;14;2131,675;950,425
2021-12-25;15;2130,675;578,913
2021-12-25;16;2216,513;138,175
2021-12-25;17;2373,625;1,588
2021-12-25;18;2688,825;0,000
2021-12-25;19;2756,338;0,000
2021-12-25;20;2838,663;0,000
2021-12-25;21;2815,750;0,000
2021-12-25;22;2803,588;0,000
2021-12-25;23;2844,400;0,000
2021-12-25;24;2889,700;0,000
