Data;Godzina;Generacja Ÿróde³ wiatrowych;Generacja Ÿróde³ fotowoltaicznych
2021-12-20;1;4651,375;0,000
2021-12-20;2;4765,663;0,000
2021-12-20;3;4784,338;0,000
2021-12-20;4;4809,263;0,000
2021-12-20;5;4805,200;0,000
2021-12-20;6;4832,938;0,000
2021-12-20;7;4877,975;0,000
2021-12-20;8;4687,950;0,325
2021-12-20;9;4560,663;51,800
2021-12-20;10;4450,925;205,000
2021-12-20;11;4389,013;415,813
2021-12-20;12;4317,325;480,713
2021-12-20;13;4214,863;569,150
2021-12-20;14;3888,763;499,338
2021-12-20;15;3500,400;287,850
2021-12-20;16;3407,125;73,213
2021-12-20;17;3228,575;0,600
2021-12-20;18;3055,738;0,000
2021-12-20;19;2766,800;0,000
2021-12-20;20;2531,738;0,000
2021-12-20;21;2401,988;0,000
2021-12-20;22;2406,450;0,000
2021-12-20;23;2152,363;0,000
2021-12-20;24;1903,038;0,000
