Data;Godzina;Generacja Ÿróde³ wiatrowych;Generacja Ÿróde³ fotowoltaicznych
2021-06-17;1;2001,613;0,000
2021-06-17;2;2168,825;0,000
2021-06-17;3;2203,975;0,000
2021-06-17;4;2082,275;0,000
2021-06-17;5;1887,388;8,400
2021-06-17;6;1817,563;164,163
2021-06-17;7;1470,138;625,050
2021-06-17;8;683,788;1244,950
2021-06-17;9;256,463;1873,050
2021-06-17;10;298,013;2406,125
2021-06-17;11;465,088;2851,688
2021-06-17;12;542,763;3089,013
2021-06-17;13;532,988;3113,250
2021-06-17;14;483,813;3114,600
2021-06-17;15;426,813;2987,150
2021-06-17;16;395,888;2801,138
2021-06-17;17;417,875;2444,100
2021-06-17;18;514,525;1936,575
2021-06-17;19;608,788;1357,988
2021-06-17;20;844,150;756,700
2021-06-17;21;1339,950;268,775
2021-06-17;22;2212,813;18,850
2021-06-17;23;2829,500;0,038
2021-06-17;24;3093,463;0,000
