Data;Godzina;Generacja Ÿróde³ wiatrowych;Generacja Ÿróde³ fotowoltaicznych
2021-10-19;1;789,250;0,000
2021-10-19;2;758,288;0,000
2021-10-19;3;778,825;0,025
2021-10-19;4;753,100;0,000
2021-10-19;5;851,913;0,000
2021-10-19;6;916,075;0,000
2021-10-19;7;1046,863;0,000
2021-10-19;8;1349,900;37,275
2021-10-19;9;1414,150;239,425
2021-10-19;10;1375,013;565,650
2021-10-19;11;1048,000;1050,588
2021-10-19;12;813,625;1394,600
2021-10-19;13;876,688;1599,425
2021-10-19;14;969,250;1723,413
2021-10-19;15;1128,613;1529,700
2021-10-19;16;1417,750;1050,663
2021-10-19;17;1718,075;564,625
2021-10-19;18;2252,250;186,300
2021-10-19;19;2911,150;4,488
2021-10-19;20;3182,975;0,013
2021-10-19;21;3377,075;0,013
2021-10-19;22;3602,650;0,000
2021-10-19;23;3646,275;0,000
2021-10-19;24;3796,775;0,063
