Data;Godzina;Generacja Ÿróde³ wiatrowych;Generacja Ÿróde³ fotowoltaicznych
2021-02-01;1;1685,300;0,000
2021-02-01;2;1408,388;0,000
2021-02-01;3;1202,763;0,000
2021-02-01;4;1046,850;0,000
2021-02-01;5;958,975;0,000
2021-02-01;6;1093,538;0,000
2021-02-01;7;1200,113;11,888
2021-02-01;8;1363,750;130,113
2021-02-01;9;1552,625;277,413
2021-02-01;10;1628,525;581,725
2021-02-01;11;1332,488;980,550
2021-02-01;12;1023,588;964,013
2021-02-01;13;906,450;750,913
2021-02-01;14;887,200;575,088
2021-02-01;15;1163,425;377,113
2021-02-01;16;1498,000;81,813
2021-02-01;17;2072,263;29,038
2021-02-01;18;2732,775;3,338
2021-02-01;19;3393,025;0,000
2021-02-01;20;3618,238;0,000
2021-02-01;21;3641,425;0,000
2021-02-01;22;3620,538;0,000
2021-02-01;23;3466,588;0,000
2021-02-01;24;3061,150;0,000
