Data;Godzina;Generacja Ÿróde³ wiatrowych;Generacja Ÿróde³ fotowoltaicznych
2021-10-14;1;1442,338;0,313
2021-10-14;2;1363,638;0,038
2021-10-14;3;1444,225;0,013
2021-10-14;4;1489,738;0,088
2021-10-14;5;1562,325;0,025
2021-10-14;6;1548,663;0,000
2021-10-14;7;1640,025;0,000
2021-10-14;8;1753,763;49,813
2021-10-14;9;1743,538;269,825
2021-10-14;10;1462,238;639,600
2021-10-14;11;1311,875;1117,325
2021-10-14;12;1363,738;1405,750
2021-10-14;13;1525,300;1405,875
2021-10-14;14;1758,438;1391,300
2021-10-14;15;1977,025;1240,200
2021-10-14;16;2072,425;993,188
2021-10-14;17;2082,475;457,613
2021-10-14;18;2146,488;163,063
2021-10-14;19;2249,275;7,200
2021-10-14;20;2551,513;0,000
2021-10-14;21;2873,663;0,000
2021-10-14;22;3120,963;0,050
2021-10-14;23;3186,563;0,063
2021-10-14;24;3360,388;0,100
