Data;Godzina;Generacja Ÿróde³ wiatrowych;Generacja Ÿróde³ fotowoltaicznych
2021-04-04;1;1060,075;0,000
2021-04-04;2;1046,050;0,000
2021-04-04;3;1037,613;0,000
2021-04-04;4;1048,800;0,000
2021-04-04;5;1021,613;0,000
2021-04-04;6;930,825;0,000
2021-04-04;7;905,850;25,738
2021-04-04;8;828,113;280,738
2021-04-04;9;562,313;726,488
2021-04-04;10;463,288;1306,113
2021-04-04;11;746,200;1734,000
2021-04-04;12;977,825;2053,913
2021-04-04;13;1153,975;1917,775
2021-04-04;14;1300,625;2048,538
2021-04-04;15;1533,200;2069,775
2021-04-04;16;1892,238;1548,513
2021-04-04;17;2250,788;1472,713
2021-04-04;18;2592,963;861,000
2021-04-04;19;2584,938;447,175
2021-04-04;20;2723,100;70,513
2021-04-04;21;3173,363;0,263
2021-04-04;22;3506,050;0,000
2021-04-04;23;3767,550;0,000
2021-04-04;24;3931,938;0,000
