Data;Godzina;Generacja Ÿróde³ wiatrowych;Generacja Ÿróde³ fotowoltaicznych
2021-11-11;1;1197,388;0,088
2021-11-11;2;1049,725;0,063
2021-11-11;3;935,863;0,100
2021-11-11;4;840,163;0,100
2021-11-11;5;781,975;0,038
2021-11-11;6;898,300;0,063
2021-11-11;7;1041,713;1,088
2021-11-11;8;1132,450;98,663
2021-11-11;9;1084,350;444,875
2021-11-11;10;923,438;935,138
2021-11-11;11;742,325;1248,225
2021-11-11;12;614,813;1422,788
2021-11-11;13;683,913;1396,325
2021-11-11;14;751,050;1142,300
2021-11-11;15;836,838;728,838
2021-11-11;16;1001,288;278,375
2021-11-11;17;1331,825;18,038
2021-11-11;18;1631,513;0,100
2021-11-11;19;1913,975;0,100
2021-11-11;20;2154,988;0,100
2021-11-11;21;2317,288;0,100
2021-11-11;22;2278,825;0,100
2021-11-11;23;2264,788;0,038
2021-11-11;24;2142,675;0,000
