Data;Godzina;Generacja Ÿróde³ wiatrowych;Generacja Ÿróde³ fotowoltaicznych
2021-06-06;1;955,213;0,000
2021-06-06;2;811,350;0,000
2021-06-06;3;750,750;0,000
2021-06-06;4;623,063;0,000
2021-06-06;5;527,175;6,725
2021-06-06;6;465,125;147,175
2021-06-06;7;307,113;596,713
2021-06-06;8;112,088;1207,600
2021-06-06;9;43,200;1799,663
2021-06-06;10;72,775;2402,563
2021-06-06;11;142,650;2883,375
2021-06-06;12;179,375;3221,563
2021-06-06;13;166,375;3175,688
2021-06-06;14;167,675;3091,325
2021-06-06;15;227,638;2830,713
2021-06-06;16;289,550;2689,950
2021-06-06;17;389,388;2200,463
2021-06-06;18;469,613;1838,650
2021-06-06;19;503,263;1274,413
2021-06-06;20;479,275;584,863
2021-06-06;21;505,363;172,525
2021-06-06;22;598,538;10,925
2021-06-06;23;719,913;0,013
2021-06-06;24;718,150;0,000
