Data;Godzina;Generacja Ÿróde³ wiatrowych;Generacja Ÿróde³ fotowoltaicznych
2021-08-16;1;1076,038;0,000
2021-08-16;2;1789,288;0,000
2021-08-16;3;2242,313;0,000
2021-08-16;4;2452,000;0,000
2021-08-16;5;2672,450;0,000
2021-08-16;6;2558,088;7,063
2021-08-16;7;2515,050;106,975
2021-08-16;8;1879,800;542,338
2021-08-16;9;1098,538;1166,588
2021-08-16;10;718,500;1857,225
2021-08-16;11;744,150;2380,325
2021-08-16;12;985,900;2534,375
2021-08-16;13;1327,788;2756,363
2021-08-16;14;1757,425;2698,063
2021-08-16;15;2064,763;2589,638
2021-08-16;16;2037,288;2296,588
2021-08-16;17;1924,363;1820,600
2021-08-16;18;1752,438;947,550
2021-08-16;19;1915,013;542,250
2021-08-16;20;1791,225;213,213
2021-08-16;21;1845,138;22,775
2021-08-16;22;1750,675;0,000
2021-08-16;23;1890,613;0,000
2021-08-16;24;1815,963;0,000
