Data;Godzina;Generacja Ÿróde³ wiatrowych;Generacja Ÿróde³ fotowoltaicznych
2021-11-27;1;701,838;0,500
2021-11-27;2;748,538;0,500
2021-11-27;3;814,200;0,500
2021-11-27;4;922,663;0,500
2021-11-27;5;1019,475;0,500
2021-11-27;6;1008,425;0,500
2021-11-27;7;1041,650;0,500
2021-11-27;8;1019,638;16,463
2021-11-27;9;964,738;98,463
2021-11-27;10;817,675;337,550
2021-11-27;11;661,788;553,950
2021-11-27;12;625,288;772,238
2021-11-27;13;576,050;775,738
2021-11-27;14;555,950;606,938
2021-11-27;15;615,000;320,388
2021-11-27;16;697,775;93,225
2021-11-27;17;752,600;1,700
2021-11-27;18;793,225;0,500
2021-11-27;19;840,588;0,500
2021-11-27;20;954,425;0,500
2021-11-27;21;992,613;0,538
2021-11-27;22;1071,500;0,538
2021-11-27;23;1138,463;0,500
2021-11-27;24;1151,613;0,500
