Data;Godzina;Generacja Ÿróde³ wiatrowych;Generacja Ÿróde³ fotowoltaicznych
2021-01-26;1;2147,188;0,000
2021-01-26;2;2169,425;0,000
2021-01-26;3;2262,613;0,000
2021-01-26;4;2436,625;0,000
2021-01-26;5;2490,625;0,000
2021-01-26;6;2545,288;0,000
2021-01-26;7;2530,363;0,100
2021-01-26;8;2516,613;8,963
2021-01-26;9;2523,388;79,650
2021-01-26;10;2517,100;239,075
2021-01-26;11;2489,288;456,413
2021-01-26;12;2491,488;514,775
2021-01-26;13;2498,775;439,288
2021-01-26;14;2525,575;290,950
2021-01-26;15;2672,538;163,138
2021-01-26;16;2771,625;46,475
2021-01-26;17;2840,938;2,900
2021-01-26;18;2866,563;0,000
2021-01-26;19;3134,188;0,000
2021-01-26;20;3321,075;0,000
2021-01-26;21;3358,238;0,000
2021-01-26;22;3280,425;0,000
2021-01-26;23;3148,338;0,000
2021-01-26;24;3075,913;0,000
