Data;Godzina;Generacja Ÿróde³ wiatrowych;Generacja Ÿróde³ fotowoltaicznych
2021-02-08;1;4925,275;0,000
2021-02-08;2;4988,188;0,000
2021-02-08;3;4938,963;0,000
2021-02-08;4;4822,050;0,000
2021-02-08;5;4597,988;0,000
2021-02-08;6;4574,750;0,000
2021-02-08;7;4727,750;1,025
2021-02-08;8;4867,513;34,488
2021-02-08;9;4770,075;95,888
2021-02-08;10;4632,775;271,150
2021-02-08;11;4525,813;494,750
2021-02-08;12;4413,725;532,588
2021-02-08;13;4391,588;458,013
2021-02-08;14;4329,613;348,163
2021-02-08;15;4151,263;194,013
2021-02-08;16;4017,625;59,550
2021-02-08;17;3814,000;12,175
2021-02-08;18;3356,225;0,325
2021-02-08;19;2853,200;0,000
2021-02-08;20;2513,888;0,000
2021-02-08;21;2174,050;0,000
2021-02-08;22;1913,600;0,000
2021-02-08;23;1687,288;0,000
2021-02-08;24;1517,188;0,000
