Data;Godzina;Generacja Ÿróde³ wiatrowych;Generacja Ÿróde³ fotowoltaicznych
2021-05-16;1;928,988;0,000
2021-05-16;2;868,063;0,000
2021-05-16;3;907,638;0,000
2021-05-16;4;980,688;0,000
2021-05-16;5;1086,988;0,388
2021-05-16;6;1014,500;37,738
2021-05-16;7;923,950;201,850
2021-05-16;8;653,538;511,575
2021-05-16;9;476,675;792,150
2021-05-16;10;401,075;1229,850
2021-05-16;11;368,313;1421,350
2021-05-16;12;449,413;1485,775
2021-05-16;13;663,688;1391,363
2021-05-16;14;901,500;1568,600
2021-05-16;15;898,613;1597,500
2021-05-16;16;828,138;1730,475
2021-05-16;17;812,363;1658,888
2021-05-16;18;534,425;1206,975
2021-05-16;19;504,238;800,113
2021-05-16;20;377,138;339,575
2021-05-16;21;419,563;71,013
2021-05-16;22;532,300;0,675
2021-05-16;23;780,925;0,000
2021-05-16;24;1074,525;0,000
