Data;Godzina;Generacja Ÿróde³ wiatrowych;Generacja Ÿróde³ fotowoltaicznych
2021-07-11;1;450,100;0,000
2021-07-11;2;483,150;0,000
2021-07-11;3;457,713;0,000
2021-07-11;4;445,725;0,000
2021-07-11;5;439,963;4,100
2021-07-11;6;500,188;104,250
2021-07-11;7;561,575;528,750
2021-07-11;8;354,000;1160,138
2021-07-11;9;211,825;1660,125
2021-07-11;10;268,438;2216,350
2021-07-11;11;290,238;2691,538
2021-07-11;12;277,263;2796,175
2021-07-11;13;252,988;2660,863
2021-07-11;14;287,688;2692,550
2021-07-11;15;397,488;2558,238
2021-07-11;16;516,950;2399,688
2021-07-11;17;684,750;1976,125
2021-07-11;18;725,738;1636,088
2021-07-11;19;741,400;1047,575
2021-07-11;20;801,500;526,163
2021-07-11;21;964,250;181,413
2021-07-11;22;1328,213;11,738
2021-07-11;23;1682,425;0,213
2021-07-11;24;1695,388;0,000
