Data;Godzina;Generacja Ÿróde³ wiatrowych;Generacja Ÿróde³ fotowoltaicznych
2021-08-21;1;513,588;0,000
2021-08-21;2;531,500;0,000
2021-08-21;3;532,088;0,000
2021-08-21;4;498,450;0,000
2021-08-21;5;446,875;0,000
2021-08-21;6;409,950;3,450
2021-08-21;7;367,475;89,575
2021-08-21;8;245,913;412,275
2021-08-21;9;129,463;876,425
2021-08-21;10;141,450;1438,475
2021-08-21;11;234,963;1847,925
2021-08-21;12;360,238;2112,800
2021-08-21;13;470,500;2368,725
2021-08-21;14;563,550;2577,800
2021-08-21;15;535,300;2646,138
2021-08-21;16;492,750;2299,050
2021-08-21;17;438,625;1933,050
2021-08-21;18;348,413;1358,475
2021-08-21;19;214,013;759,175
2021-08-21;20;166,825;228,900
2021-08-21;21;221,375;8,963
2021-08-21;22;256,513;0,000
2021-08-21;23;328,775;0,000
2021-08-21;24;389,488;0,000
