Data;Godzina;Generacja Ÿróde³ wiatrowych;Generacja Ÿróde³ fotowoltaicznych
2021-10-12;1;2711,775;0,013
2021-10-12;2;2614,050;0,013
2021-10-12;3;2582,863;0,013
2021-10-12;4;2610,038;0,013
2021-10-12;5;2645,413;0,000
2021-10-12;6;2486,138;0,025
2021-10-12;7;2475,663;0,063
2021-10-12;8;2359,125;45,425
2021-10-12;9;2009,900;203,363
2021-10-12;10;1953,650;502,825
2021-10-12;11;1977,550;843,150
2021-10-12;12;1890,038;1039,775
2021-10-12;13;1546,700;1169,750
2021-10-12;14;1318,063;1397,163
2021-10-12;15;1213,338;1354,675
2021-10-12;16;942,175;1050,075
2021-10-12;17;786,925;759,450
2021-10-12;18;786,325;249,363
2021-10-12;19;786,138;12,100
2021-10-12;20;916,550;0,000
2021-10-12;21;1005,425;0,000
2021-10-12;22;1098,875;0,000
2021-10-12;23;1089,213;0,000
2021-10-12;24;1073,975;0,000
