Data;Godzina;Generacja Ÿróde³ wiatrowych;Generacja Ÿróde³ fotowoltaicznych
2021-09-17;1;838,050;0,000
2021-09-17;2;855,375;0,000
2021-09-17;3;826,163;0,038
2021-09-17;4;818,325;0,038
2021-09-17;5;832,463;0,013
2021-09-17;6;868,925;0,075
2021-09-17;7;837,375;14,100
2021-09-17;8;692,238;108,100
2021-09-17;9;595,600;299,063
2021-09-17;10;576,138;510,425
2021-09-17;11;594,125;654,075
2021-09-17;12;632,663;779,225
2021-09-17;13;731,838;980,475
2021-09-17;14;917,263;1036,488
2021-09-17;15;905,125;937,788
2021-09-17;16;938,438;661,438
2021-09-17;17;1000,125;407,388
2021-09-17;18;1071,688;340,075
2021-09-17;19;975,675;90,925
2021-09-17;20;972,313;4,125
2021-09-17;21;991,200;0,000
2021-09-17;22;972,188;0,000
2021-09-17;23;997,125;0,000
2021-09-17;24;1078,063;0,000
