Data;Godzina;Generacja Ÿróde³ wiatrowych;Generacja Ÿróde³ fotowoltaicznych
2021-07-02;1;1151,150;0,000
2021-07-02;2;1052,388;0,000
2021-07-02;3;947,663;0,000
2021-07-02;4;806,525;0,000
2021-07-02;5;734,650;2,113
2021-07-02;6;695,863;47,238
2021-07-02;7;572,663;162,450
2021-07-02;8;483,050;352,225
2021-07-02;9;426,175;537,500
2021-07-02;10;412,213;772,713
2021-07-02;11;517,900;862,438
2021-07-02;12;624,025;1282,338
2021-07-02;13;669,000;1253,375
2021-07-02;14;741,275;1279,238
2021-07-02;15;873,900;1521,463
2021-07-02;16;996,400;1461,900
2021-07-02;17;1060,538;1079,138
2021-07-02;18;1098,538;1068,763
2021-07-02;19;1036,275;739,900
2021-07-02;20;942,338;389,088
2021-07-02;21;946,625;150,850
2021-07-02;22;1068,750;13,075
2021-07-02;23;1166,563;0,025
2021-07-02;24;1176,263;0,000
