Data;Godzina;Generacja Ÿróde³ wiatrowych;Generacja Ÿróde³ fotowoltaicznych
2021-02-22;1;2247,188;0,000
2021-02-22;2;1974,613;0,000
2021-02-22;3;1733,738;0,000
2021-02-22;4;1562,425;0,000
2021-02-22;5;1493,388;0,000
2021-02-22;6;1459,538;0,000
2021-02-22;7;1545,200;9,400
2021-02-22;8;1602,525;360,238
2021-02-22;9;1450,675;894,000
2021-02-22;10;991,050;1373,350
2021-02-22;11;589,275;1755,888
2021-02-22;12;425,538;1935,713
2021-02-22;13;345,063;1879,200
2021-02-22;14;318,088;1551,988
2021-02-22;15;305,438;1078,013
2021-02-22;16;326,600;573,688
2021-02-22;17;488,838;135,250
2021-02-22;18;731,313;3,225
2021-02-22;19;1033,375;0,000
2021-02-22;20;1197,238;0,000
2021-02-22;21;1297,488;0,000
2021-02-22;22;1307,763;0,000
2021-02-22;23;1474,913;0,000
2021-02-22;24;1680,825;0,000
