Data;Godzina;Generacja Ÿróde³ wiatrowych;Generacja Ÿróde³ fotowoltaicznych
2021-08-02;1;898,563;0,000
2021-08-02;2;1100,163;0,000
2021-08-02;3;1197,313;0,013
2021-08-02;4;1249,438;0,038
2021-08-02;5;1451,338;0,075
2021-08-02;6;1488,800;15,700
2021-08-02;7;1424,725;102,713
2021-08-02;8;1315,250;352,350
2021-08-02;9;1388,900;687,838
2021-08-02;10;1754,325;1073,125
2021-08-02;11;2273,663;1574,038
2021-08-02;12;2575,213;1837,100
2021-08-02;13;2839,538;2065,650
2021-08-02;14;3105,750;2087,913
2021-08-02;15;3252,188;2131,213
2021-08-02;16;3153,125;1846,050
2021-08-02;17;3080,763;1666,438
2021-08-02;18;2855,150;1134,113
2021-08-02;19;2416,300;953,813
2021-08-02;20;1854,025;428,350
2021-08-02;21;1652,725;84,350
2021-08-02;22;1784,013;0,475
2021-08-02;23;2036,575;0,000
2021-08-02;24;2193,850;0,000
