Data;Godzina;Generacja Ÿróde³ wiatrowych;Generacja Ÿróde³ fotowoltaicznych
2021-05-24;1;1002,875;0,000
2021-05-24;2;1237,363;0,000
2021-05-24;3;1329,425;0,000
2021-05-24;4;1292,263;0,000
2021-05-24;5;1036,313;2,075
2021-05-24;6;830,613;109,550
2021-05-24;7;624,038;556,338
2021-05-24;8;308,700;1228,925
2021-05-24;9;196,450;1894,025
2021-05-24;10;531,763;2362,475
2021-05-24;11;886,238;2613,063
2021-05-24;12;956,563;2509,200
2021-05-24;13;1114,963;2490,163
2021-05-24;14;1300,625;2541,663
2021-05-24;15;1349,175;2504,113
2021-05-24;16;1518,525;2190,075
2021-05-24;17;1751,788;1658,963
2021-05-24;18;1972,050;1322,650
2021-05-24;19;2043,150;784,813
2021-05-24;20;1960,975;430,175
2021-05-24;21;2122,538;94,475
2021-05-24;22;2552,513;3,438
2021-05-24;23;2709,700;0,000
2021-05-24;24;2715,200;0,000
