Data;Godzina;Generacja Ÿróde³ wiatrowych;Generacja Ÿróde³ fotowoltaicznych
2021-05-17;1;1197,975;0,000
2021-05-17;2;1195,563;0,000
2021-05-17;3;1078,788;0,000
2021-05-17;4;1013,500;0,000
2021-05-17;5;849,175;0,538
2021-05-17;6;820,688;51,150
2021-05-17;7;657,300;354,963
2021-05-17;8;382,138;908,825
2021-05-17;9;206,750;1445,063
2021-05-17;10;198,238;2042,300
2021-05-17;11;282,425;2362,125
2021-05-17;12;336,875;2289,100
2021-05-17;13;350,688;1884,838
2021-05-17;14;375,025;1764,425
2021-05-17;15;381,300;1652,000
2021-05-17;16;409,863;1249,238
2021-05-17;17;312,863;1399,250
2021-05-17;18;289,338;1078,638
2021-05-17;19;247,525;630,513
2021-05-17;20;252,800;293,225
2021-05-17;21;323,675;54,025
2021-05-17;22;393,063;1,113
2021-05-17;23;474,513;0,000
2021-05-17;24;466,288;0,000
