Data;Godzina;Generacja Ÿróde³ wiatrowych;Generacja Ÿróde³ fotowoltaicznych
2021-03-29;1;2922,000;0,000
2021-03-29;2;2801,175;0,000
2021-03-29;3;2671,750;0,000
2021-03-29;4;2628,263;0,000
2021-03-29;5;2541,813;0,000
2021-03-29;6;2409,800;0,000
2021-03-29;7;2425,038;1,575
2021-03-29;8;2472,125;82,213
2021-03-29;9;2309,788;311,250
2021-03-29;10;1943,575;644,163
2021-03-29;11;1750,850;1015,463
2021-03-29;12;1746,925;1235,000
2021-03-29;13;1896,025;1234,738
2021-03-29;14;1928,888;1190,700
2021-03-29;15;1923,875;974,913
2021-03-29;16;1763,638;681,788
2021-03-29;17;1577,250;466,463
2021-03-29;18;1399,925;301,938
2021-03-29;19;1360,075;127,138
2021-03-29;20;1480,513;12,563
2021-03-29;21;1720,875;0,000
2021-03-29;22;1932,550;0,000
2021-03-29;23;2050,338;0,000
2021-03-29;24;2080,913;0,000
