Data;Godzina;Generacja Ÿróde³ wiatrowych;Generacja Ÿróde³ fotowoltaicznych
2021-09-21;1;1067,925;0,000
2021-09-21;2;1088,100;0,000
2021-09-21;3;1083,175;0,000
2021-09-21;4;1028,613;0,000
2021-09-21;5;1082,800;0,000
2021-09-21;6;1204,475;0,013
2021-09-21;7;1209,000;19,400
2021-09-21;8;1120,750;173,200
2021-09-21;9;759,163;600,863
2021-09-21;10;486,138;1084,625
2021-09-21;11;552,538;1490,850
2021-09-21;12;697,675;1914,538
2021-09-21;13;845,538;1982,088
2021-09-21;14;1029,213;1726,400
2021-09-21;15;1106,538;1248,850
2021-09-21;16;927,413;800,550
2021-09-21;17;845,450;581,650
2021-09-21;18;860,488;281,513
2021-09-21;19;831,700;68,125
2021-09-21;20;962,050;0,863
2021-09-21;21;1014,688;0,000
2021-09-21;22;878,588;0,000
2021-09-21;23;769,600;0,000
2021-09-21;24;697,875;0,000
