Data;Godzina;Generacja Ÿróde³ wiatrowych;Generacja Ÿróde³ fotowoltaicznych
2021-09-20;1;489,925;0,000
2021-09-20;2;476,625;0,000
2021-09-20;3;522,863;0,000
2021-09-20;4;504,638;0,013
2021-09-20;5;529,950;0,100
2021-09-20;6;628,288;0,100
2021-09-20;7;684,563;12,713
2021-09-20;8;730,038;72,538
2021-09-20;9;832,763;277,288
2021-09-20;10;1133,263;529,300
2021-09-20;11;1365,150;784,563
2021-09-20;12;1417,850;1065,425
2021-09-20;13;1334,338;1160,338
2021-09-20;14;1378,175;1187,375
2021-09-20;15;1379,113;987,350
2021-09-20;16;1409,863;907,913
2021-09-20;17;1382,113;620,788
2021-09-20;18;1140,600;450,988
2021-09-20;19;960,838;190,813
2021-09-20;20;953,050;6,750
2021-09-20;21;991,738;0,000
2021-09-20;22;920,150;0,000
2021-09-20;23;973,475;0,000
2021-09-20;24;1026,063;0,000
