Data;Godzina;Generacja Ÿróde³ wiatrowych;Generacja Ÿróde³ fotowoltaicznych
2021-08-23;1;1556,338;0,000
2021-08-23;2;1629,563;0,000
2021-08-23;3;1614,738;0,000
2021-08-23;4;1716,438;0,000
2021-08-23;5;1849,425;0,000
2021-08-23;6;1968,613;2,300
2021-08-23;7;2103,788;70,875
2021-08-23;8;2096,263;218,175
2021-08-23;9;2031,863;401,713
2021-08-23;10;2313,525;635,063
2021-08-23;11;2620,863;788,938
2021-08-23;12;2631,375;1092,038
2021-08-23;13;2559,400;1118,700
2021-08-23;14;2585,250;1170,463
2021-08-23;15;2604,250;1092,363
2021-08-23;16;2791,413;1120,375
2021-08-23;17;2757,750;759,713
2021-08-23;18;2856,525;486,613
2021-08-23;19;2860,075;235,525
2021-08-23;20;2811,375;99,900
2021-08-23;21;2915,138;4,300
2021-08-23;22;3145,325;0,000
2021-08-23;23;3203,463;0,000
2021-08-23;24;3091,700;0,000
