Data;Godzina;Generacja Ÿróde³ wiatrowych;Generacja Ÿróde³ fotowoltaicznych
2021-07-15;1;1655,775;0,000
2021-07-15;2;1112,613;0,000
2021-07-15;3;1022,175;0,000
2021-07-15;4;821,150;0,000
2021-07-15;5;852,738;1,738
2021-07-15;6;995,300;60,413
2021-07-15;7;987,250;237,200
2021-07-15;8;713,688;540,200
2021-07-15;9;343,125;1028,675
2021-07-15;10;281,438;1514,588
2021-07-15;11;250,425;1928,788
2021-07-15;12;251,725;2368,438
2021-07-15;13;250,938;2545,138
2021-07-15;14;267,125;2533,438
2021-07-15;15;277,388;2165,275
2021-07-15;16;276,925;2025,775
2021-07-15;17;283,588;1524,388
2021-07-15;18;303,813;1117,563
2021-07-15;19;286,975;870,575
2021-07-15;20;286,300;521,988
2021-07-15;21;351,100;197,488
2021-07-15;22;440,800;13,438
2021-07-15;23;362,113;0,000
2021-07-15;24;256,675;0,000
