Data;Godzina;Generacja Ÿróde³ wiatrowych;Generacja Ÿróde³ fotowoltaicznych
2021-10-11;1;2226,638;0,000
2021-10-11;2;2062,150;0,000
2021-10-11;3;1944,000;0,000
2021-10-11;4;2005,238;0,000
2021-10-11;5;1824,713;0,000
2021-10-11;6;1619,575;0,000
2021-10-11;7;1524,063;0,213
2021-10-11;8;1457,325;86,988
2021-10-11;9;1333,538;443,725
2021-10-11;10;1051,163;1084,213
2021-10-11;11;725,125;1621,388
2021-10-11;12;583,288;1900,388
2021-10-11;13;575,900;1919,613
2021-10-11;14;732,238;1790,713
2021-10-11;15;1006,825;1482,800
2021-10-11;16;1233,563;1261,550
2021-10-11;17;1315,400;666,938
2021-10-11;18;1385,463;255,588
2021-10-11;19;1692,700;15,463
2021-10-11;20;2053,063;0,000
2021-10-11;21;2276,400;0,000
2021-10-11;22;2600,013;0,000
2021-10-11;23;2621,163;0,000
2021-10-11;24;2598,588;0,000
