Data;Godzina;Generacja Ÿróde³ wiatrowych;Generacja Ÿróde³ fotowoltaicznych
2021-11-06;1;4442,925;0,000
2021-11-06;2;4616,313;0,013
2021-11-06;3;4613,338;0,063
2021-11-06;4;4621,813;0,050
2021-11-06;5;4677,263;0,000
2021-11-06;6;4697,163;0,013
2021-11-06;7;4716,650;4,088
2021-11-06;8;4689,075;83,838
2021-11-06;9;4679,175;404,525
2021-11-06;10;4584,638;789,300
2021-11-06;11;4639,350;1046,088
2021-11-06;12;4762,388;1177,338
2021-11-06;13;4803,288;1142,225
2021-11-06;14;4627,388;941,400
2021-11-06;15;4300,075;537,575
2021-11-06;16;3932,438;230,425
2021-11-06;17;3715,863;24,425
2021-11-06;18;3755,238;0,038
2021-11-06;19;3957,138;0,013
2021-11-06;20;4159,200;0,013
2021-11-06;21;4260,150;0,000
2021-11-06;22;4321,638;0,063
2021-11-06;23;4539,000;0,038
2021-11-06;24;4502,638;0,088
