Data;Godzina;Generacja Ÿróde³ wiatrowych;Generacja Ÿróde³ fotowoltaicznych
2021-04-01;1;300,025;0,000
2021-04-01;2;350,488;0,000
2021-04-01;3;406,413;0,000
2021-04-01;4;512,150;0,000
2021-04-01;5;556,888;0,000
2021-04-01;6;548,575;0,000
2021-04-01;7;557,413;24,250
2021-04-01;8;699,525;217,238
2021-04-01;9;765,550;634,013
2021-04-01;10;505,325;1125,338
2021-04-01;11;363,138;1560,400
2021-04-01;12;629,625;1800,500
2021-04-01;13;1187,400;1925,475
2021-04-01;14;1569,625;1945,163
2021-04-01;15;1853,463;1538,000
2021-04-01;16;1872,800;1095,950
2021-04-01;17;2449,275;694,588
2021-04-01;18;2997,963;411,875
2021-04-01;19;2839,213;161,075
2021-04-01;20;2752,338;21,325
2021-04-01;21;2504,525;0,088
2021-04-01;22;2195,525;0,000
2021-04-01;23;1826,475;0,000
2021-04-01;24;1716,338;0,000
