Data;Godzina;Generacja Ÿróde³ wiatrowych;Generacja Ÿróde³ fotowoltaicznych
2021-02-21;1;3139,225;0,000
2021-02-21;2;3063,850;0,000
2021-02-21;3;2901,275;0,000
2021-02-21;4;2865,325;0,000
2021-02-21;5;2879,663;0,000
2021-02-21;6;2900,038;0,000
2021-02-21;7;2986,213;5,375
2021-02-21;8;3084,000;113,225
2021-02-21;9;2734,350;343,013
2021-02-21;10;1962,863;856,563
2021-02-21;11;1365,950;1408,575
2021-02-21;12;1110,938;1638,350
2021-02-21;13;1036,175;1547,263
2021-02-21;14;1047,938;1284,963
2021-02-21;15;1178,100;872,425
2021-02-21;16;1330,425;411,163
2021-02-21;17;1547,750;114,350
2021-02-21;18;1997,575;4,388
2021-02-21;19;2427,375;0,000
2021-02-21;20;2719,250;0,000
2021-02-21;21;2764,400;0,000
2021-02-21;22;2790,750;0,000
2021-02-21;23;2656,288;0,000
2021-02-21;24;2456,563;0,000
