Data;Godzina;Generacja Ÿróde³ wiatrowych;Generacja Ÿróde³ fotowoltaicznych
2021-12-18;1;1677,200;0,000
2021-12-18;2;1626,300;0,000
2021-12-18;3;1685,775;0,000
2021-12-18;4;1670,400;0,000
2021-12-18;5;1829,225;0,000
2021-12-18;6;1960,888;0,000
2021-12-18;7;2079,788;0,000
2021-12-18;8;2194,400;1,225
2021-12-18;9;2404,200;48,500
2021-12-18;10;2755,538;138,600
2021-12-18;11;2987,375;251,775
2021-12-18;12;3236,575;293,450
2021-12-18;13;3483,938;294,575
2021-12-18;14;3582,438;231,275
2021-12-18;15;3726,563;127,800
2021-12-18;16;3772,550;37,250
2021-12-18;17;3922,875;0,300
2021-12-18;18;4093,813;0,000
2021-12-18;19;4205,175;0,000
2021-12-18;20;4304,175;0,000
2021-12-18;21;4434,538;0,000
2021-12-18;22;4517,800;0,000
2021-12-18;23;4798,875;0,000
2021-12-18;24;5098,338;0,000
