Data;Godzina;Generacja Ÿróde³ wiatrowych;Generacja Ÿróde³ fotowoltaicznych
2021-07-04;1;333,213;0,000
2021-07-04;2;296,675;0,000
2021-07-04;3;235,350;0,000
2021-07-04;4;205,175;0,000
2021-07-04;5;203,875;3,713
2021-07-04;6;194,138;68,688
2021-07-04;7;157,250;301,363
2021-07-04;8;135,900;666,700
2021-07-04;9;108,275;1104,725
2021-07-04;10;90,588;1411,488
2021-07-04;11;89,725;2032,975
2021-07-04;12;102,488;2298,188
2021-07-04;13;102,175;2175,213
2021-07-04;14;110,138;2252,625
2021-07-04;15;173,813;2042,175
2021-07-04;16;248,588;1926,900
2021-07-04;17;333,438;1950,700
2021-07-04;18;443,963;1559,888
2021-07-04;19;277,750;1046,325
2021-07-04;20;206,425;506,463
2021-07-04;21;233,650;195,575
2021-07-04;22;303,350;13,575
2021-07-04;23;297,125;0,025
2021-07-04;24;263,550;0,000
