Data;Godzina;Generacja Ÿróde³ wiatrowych;Generacja Ÿróde³ fotowoltaicznych
2021-12-19;1;5283,100;0,000
2021-12-19;2;5458,675;0,000
2021-12-19;3;5640,425;0,000
2021-12-19;4;5757,425;0,000
2021-12-19;5;5808,675;0,000
2021-12-19;6;5752,513;0,000
2021-12-19;7;5536,125;0,000
2021-12-19;8;5284,713;0,563
2021-12-19;9;5074,000;36,475
2021-12-19;10;4842,563;132,613
2021-12-19;11;4709,938;233,350
2021-12-19;12;4869,713;346,213
2021-12-19;13;4981,100;267,575
2021-12-19;14;4991,113;238,600
2021-12-19;15;4879,863;130,863
2021-12-19;16;4903,200;34,725
2021-12-19;17;4979,988;0,675
2021-12-19;18;4943,588;0,000
2021-12-19;19;4861,475;0,000
2021-12-19;20;4850,225;0,000
2021-12-19;21;4915,188;0,000
2021-12-19;22;4694,200;0,000
2021-12-19;23;4555,888;0,000
2021-12-19;24;4684,913;0,000
