Data;Godzina;Generacja Ÿróde³ wiatrowych;Generacja Ÿróde³ fotowoltaicznych
2021-11-15;1;752,875;0,000
2021-11-15;2;837,200;0,000
2021-11-15;3;790,850;0,000
2021-11-15;4;768,325;0,000
2021-11-15;5;749,213;0,000
2021-11-15;6;713,725;0,000
2021-11-15;7;713,075;0,038
2021-11-15;8;717,088;37,675
2021-11-15;9;693,463;94,100
2021-11-15;10;693,800;225,688
2021-11-15;11;674,438;371,775
2021-11-15;12;638,050;398,325
2021-11-15;13;765,750;409,813
2021-11-15;14;758,125;326,313
2021-11-15;15;747,400;209,213
2021-11-15;16;843,013;74,038
2021-11-15;17;997,163;3,200
2021-11-15;18;1130,350;0,000
2021-11-15;19;1213,938;0,000
2021-11-15;20;1189,675;0,000
2021-11-15;21;1160,200;0,000
2021-11-15;22;1147,538;0,000
2021-11-15;23;1061,925;0,000
2021-11-15;24;1051,938;0,000
