Data;Godzina;Generacja Ÿróde³ wiatrowych;Generacja Ÿróde³ fotowoltaicznych
2021-12-04;1;4180,725;0,500
2021-12-04;2;4087,925;0,500
2021-12-04;3;4035,000;0,500
2021-12-04;4;3836,150;0,500
2021-12-04;5;3727,363;0,500
2021-12-04;6;3552,838;0,500
2021-12-04;7;3261,088;0,500
2021-12-04;8;3035,288;14,400
2021-12-04;9;2759,225;150,075
2021-12-04;10;2468,863;347,000
2021-12-04;11;2188,963;632,138
2021-12-04;12;1892,100;756,588
2021-12-04;13;1569,788;644,725
2021-12-04;14;1190,613;453,213
2021-12-04;15;951,900;242,363
2021-12-04;16;830,113;58,463
2021-12-04;17;757,263;0,913
2021-12-04;18;763,250;0,500
2021-12-04;19;813,488;0,500
2021-12-04;20;920,950;0,500
2021-12-04;21;948,038;0,500
2021-12-04;22;863,388;0,525
2021-12-04;23;918,638;0,500
2021-12-04;24;1032,488;0,500
