Data;Godzina;Generacja Ÿróde³ wiatrowych;Generacja Ÿróde³ fotowoltaicznych
2022-01-14;1;6213,875;0,000
2022-01-14;2;6223,863;0,000
2022-01-14;3;6183,925;0,000
2022-01-14;4;6177,100;0,000
2022-01-14;5;6169,575;0,000
2022-01-14;6;6194,575;0,000
2022-01-14;7;6277,925;0,000
2022-01-14;8;6193,575;0,913
2022-01-14;9;6240,950;43,675
2022-01-14;10;6260,863;121,125
2022-01-14;11;6192,388;315,088
2022-01-14;12;6293,800;582,813
2022-01-14;13;6301,613;653,325
2022-01-14;14;6266,525;530,738
2022-01-14;15;6228,438;381,050
2022-01-14;16;6156,663;177,200
2022-01-14;17;6016,125;19,250
2022-01-14;18;5860,813;0,000
2022-01-14;19;5745,488;0,000
2022-01-14;20;5665,913;0,000
2022-01-14;21;5566,625;0,000
2022-01-14;22;5476,025;0,000
2022-01-14;23;5121,638;0,000
2022-01-14;24;4799,538;0,000
