Data;Godzina;Generacja Ÿróde³ wiatrowych;Generacja Ÿróde³ fotowoltaicznych
2022-02-28;1;1267,563;0,000
2022-02-28;2;1068,075;0,000
2022-02-28;3;914,938;0,000
2022-02-28;4;855,038;0,000
2022-02-28;5;802,838;0,000
2022-02-28;6;768,300;0,000
2022-02-28;7;731,200;14,400
2022-02-28;8;637,163;292,475
2022-02-28;9;363,288;1153,075
2022-02-28;10;228,263;2133,838
2022-02-28;11;336,100;2726,000
2022-02-28;12;464,138;3399,825
2022-02-28;13;511,838;3375,613
2022-02-28;14;507,150;3164,438
2022-02-28;15;497,150;2740,525
2022-02-28;16;502,925;1860,825
2022-02-28;17;498,700;929,675
2022-02-28;18;537,475;162,088
2022-02-28;19;774,400;0,000
2022-02-28;20;1010,900;0,000
2022-02-28;21;1310,725;0,000
2022-02-28;22;1453,088;0,000
2022-02-28;23;1421,225;0,000
2022-02-28;24;1359,150;0,000
