Data;Godzina;Generacja Ÿróde³ wiatrowych;Generacja Ÿróde³ fotowoltaicznych
2022-02-23;1;3917,900;0,000
2022-02-23;2;4402,738;0,000
2022-02-23;3;4766,400;0,000
2022-02-23;4;5258,088;0,000
2022-02-23;5;5634,050;0,000
2022-02-23;6;5914,738;0,000
2022-02-23;7;6151,663;2,325
2022-02-23;8;6268,738;73,525
2022-02-23;9;6183,188;271,925
2022-02-23;10;6348,788;724,250
2022-02-23;11;6294,463;955,600
2022-02-23;12;6367,450;1241,638
2022-02-23;13;6352,938;1310,175
2022-02-23;14;6357,875;1503,150
2022-02-23;15;6151,588;1522,063
2022-02-23;16;5790,425;1138,000
2022-02-23;17;5192,063;710,688
2022-02-23;18;4295,175;107,888
2022-02-23;19;3628,700;0,000
2022-02-23;20;3265,550;0,000
2022-02-23;21;2979,050;0,000
2022-02-23;22;2732,188;0,000
2022-02-23;23;2623,513;0,000
2022-02-23;24;2657,500;0,000
