Data;Godzina;Generacja Ÿróde³ wiatrowych;Generacja Ÿróde³ fotowoltaicznych
2022-01-31;1;5373,863;0,000
2022-01-31;2;5010,338;0,000
2022-01-31;3;4547,575;0,000
2022-01-31;4;4169,175;0,000
2022-01-31;5;3763,513;0,000
2022-01-31;6;3465,250;0,000
2022-01-31;7;2934,350;0,000
2022-01-31;8;2440,050;27,313
2022-01-31;9;1995,525;157,175
2022-01-31;10;1634,188;455,150
2022-01-31;11;1255,213;783,675
2022-01-31;12;1073,788;1083,725
2022-01-31;13;1006,313;1130,425
2022-01-31;14;889,375;1154,800
2022-01-31;15;844,688;860,688
2022-01-31;16;738,825;483,825
2022-01-31;17;707,075;119,150
2022-01-31;18;831,775;0,000
2022-01-31;19;1006,088;0,000
2022-01-31;20;1143,988;0,000
2022-01-31;21;1186,625;0,000
2022-01-31;22;1279,475;0,000
2022-01-31;23;1267,525;0,000
2022-01-31;24;1257,938;0,000
