Data;Godzina;Generacja Ÿróde³ wiatrowych;Generacja Ÿróde³ fotowoltaicznych
2022-03-08;1;1005,763;0,000
2022-03-08;2;801,088;0,000
2022-03-08;3;760,163;0,000
2022-03-08;4;744,975;0,000
2022-03-08;5;763,225;0,000
2022-03-08;6;727,025;0,000
2022-03-08;7;610,113;50,113
2022-03-08;8;455,338;299,300
2022-03-08;9;291,050;884,275
2022-03-08;10;229,525;1622,663
2022-03-08;11;267,438;1958,600
2022-03-08;12;297,800;2510,363
2022-03-08;13;380,563;2999,825
2022-03-08;14;503,538;3015,625
2022-03-08;15;518,225;2533,150
2022-03-08;16;491,725;1749,950
2022-03-08;17;439,325;1072,100
2022-03-08;18;429,700;287,850
2022-03-08;19;592,013;9,288
2022-03-08;20;672,750;0,000
2022-03-08;21;771,375;0,000
2022-03-08;22;885,088;0,000
2022-03-08;23;851,375;0,000
2022-03-08;24;839,763;0,000
