Data;Godzina;Generacja Ÿróde³ wiatrowych;Generacja Ÿróde³ fotowoltaicznych
2022-03-03;1;363,700;0,000
2022-03-03;2;379,125;0,000
2022-03-03;3;385,763;0,000
2022-03-03;4;462,850;0,000
2022-03-03;5;510,775;0,000
2022-03-03;6;528,088;0,188
2022-03-03;7;527,750;33,188
2022-03-03;8;540,900;238,038
2022-03-03;9;463,725;864,075
2022-03-03;10;346,100;1575,825
2022-03-03;11;405,738;2014,388
2022-03-03;12;488,838;2332,113
2022-03-03;13;598,950;2612,000
2022-03-03;14;652,225;2595,388
2022-03-03;15;795,950;2244,063
2022-03-03;16;846,800;1601,000
2022-03-03;17;1072,113;815,388
2022-03-03;18;1336,138;207,900
2022-03-03;19;1481,975;3,375
2022-03-03;20;1394,075;0,000
2022-03-03;21;1240,875;0,000
2022-03-03;22;1158,888;0,000
2022-03-03;23;1055,963;0,000
2022-03-03;24;1044,575;0,000
