Data;Godzina;Generacja Ÿróde³ wiatrowych;Generacja Ÿróde³ fotowoltaicznych
2022-02-16;1;4078,675;0,000
2022-02-16;2;4418,063;0,000
2022-02-16;3;4709,363;0,000
2022-02-16;4;4953,350;0,000
2022-02-16;5;5116,375;0,000
2022-02-16;6;5306,838;0,000
2022-02-16;7;5360,488;0,138
2022-02-16;8;5211,125;92,763
2022-02-16;9;5049,575;407,438
2022-02-16;10;4922,400;938,475
2022-02-16;11;4839,713;1379,600
2022-02-16;12;5002,700;1801,150
2022-02-16;13;5318,863;1953,288
2022-02-16;14;5776,750;1860,263
2022-02-16;15;6104,238;1362,263
2022-02-16;16;6403,525;778,288
2022-02-16;17;6622,563;291,850
2022-02-16;18;6673,925;14,488
2022-02-16;19;6717,913;0,000
2022-02-16;20;6692,350;0,000
2022-02-16;21;6668,813;0,000
2022-02-16;22;6646,763;0,000
2022-02-16;23;6596,088;0,000
2022-02-16;24;6590,513;0,000
