Data;Godzina;Generacja Ÿróde³ wiatrowych;Generacja Ÿróde³ fotowoltaicznych
2022-03-01;1;1243,000;0,000
2022-03-01;2;1256,363;0,000
2022-03-01;3;1189,813;0,000
2022-03-01;4;1143,488;0,000
2022-03-01;5;1192,313;0,000
2022-03-01;6;1175,800;0,000
2022-03-01;7;1181,888;42,013
2022-03-01;8;1102,038;335,688
2022-03-01;9;788,125;1346,725
2022-03-01;10;352,513;2333,475
2022-03-01;11;292,275;3090,900
2022-03-01;12;358,050;3547,525
2022-03-01;13;341,850;3695,225
2022-03-01;14;343,688;3510,263
2022-03-01;15;329,725;2984,800
2022-03-01;16;279,813;2200,050
2022-03-01;17;278,750;1125,013
2022-03-01;18;352,088;241,063
2022-03-01;19;535,113;1,238
2022-03-01;20;788,200;0,325
2022-03-01;21;1027,750;0,000
2022-03-01;22;1011,700;0,000
2022-03-01;23;950,050;0,000
2022-03-01;24;786,625;0,000
