Data;Godzina;Generacja Ÿróde³ wiatrowych;Generacja Ÿróde³ fotowoltaicznych
2022-02-10;1;4348,675;0,000
2022-02-10;2;3912,463;0,000
2022-02-10;3;3422,213;0,000
2022-02-10;4;3038,425;0,000
2022-02-10;5;2700,350;0,000
2022-02-10;6;2457,200;0,000
2022-02-10;7;2229,938;0,025
2022-02-10;8;2164,575;30,675
2022-02-10;9;2038,100;214,925
2022-02-10;10;1810,063;488,288
2022-02-10;11;1699,125;756,525
2022-02-10;12;1664,650;1176,313
2022-02-10;13;1572,013;1381,225
2022-02-10;14;1438,500;1297,588
2022-02-10;15;1488,563;1114,763
2022-02-10;16;1597,538;533,263
2022-02-10;17;1865,775;167,388
2022-02-10;18;2152,200;5,950
2022-02-10;19;2618,700;0,000
2022-02-10;20;2867,100;0,000
2022-02-10;21;2971,975;0,000
2022-02-10;22;2738,400;0,000
2022-02-10;23;2573,113;0,000
2022-02-10;24;2507,450;0,000
