Data;Godzina;Generacja Ÿróde³ wiatrowych;Generacja Ÿróde³ fotowoltaicznych
2022-02-02;1;4709,450;0,000
2022-02-02;2;4690,575;0,000
2022-02-02;3;4857,650;0,000
2022-02-02;4;4707,313;0,000
2022-02-02;5;4582,213;0,000
2022-02-02;6;4343,575;0,000
2022-02-02;7;4218,825;0,000
2022-02-02;8;3947,700;15,650
2022-02-02;9;3635,313;89,638
2022-02-02;10;3482,388;304,613
2022-02-02;11;3382,813;556,675
2022-02-02;12;3520,350;744,263
2022-02-02;13;3729,375;666,650
2022-02-02;14;3665,500;681,050
2022-02-02;15;3640,238;488,450
2022-02-02;16;3656,163;277,138
2022-02-02;17;3690,438;90,588
2022-02-02;18;3545,275;2,888
2022-02-02;19;3298,263;0,000
2022-02-02;20;2966,975;0,000
2022-02-02;21;2768,163;0,000
2022-02-02;22;2439,250;0,000
2022-02-02;23;2184,488;0,000
2022-02-02;24;2039,925;0,000
