Data;Godzina;Generacja Ÿróde³ wiatrowych;Generacja Ÿróde³ fotowoltaicznych
2022-01-13;1;3692,700;0,100
2022-01-13;2;4045,125;0,100
2022-01-13;3;4412,338;0,100
2022-01-13;4;4603,525;0,100
2022-01-13;5;4798,175;0,113
2022-01-13;6;5062,600;0,113
2022-01-13;7;5261,863;0,213
2022-01-13;8;5309,988;2,638
2022-01-13;9;5442,788;56,300
2022-01-13;10;5539,138;182,850
2022-01-13;11;5604,763;333,938
2022-01-13;12;5674,875;445,175
2022-01-13;13;5754,013;436,525
2022-01-13;14;5756,675;348,963
2022-01-13;15;5758,500;239,038
2022-01-13;16;5814,375;103,738
2022-01-13;17;5930,325;15,363
2022-01-13;18;6003,975;0,000
2022-01-13;19;6083,575;0,000
2022-01-13;20;6125,275;0,000
2022-01-13;21;6126,738;0,000
2022-01-13;22;6182,400;0,000
2022-01-13;23;6176,975;0,000
2022-01-13;24;6196,988;0,000
