Data;Godzina;Generacja Ÿróde³ wiatrowych;Generacja Ÿróde³ fotowoltaicznych
2022-01-24;1;594,413;0,000
2022-01-24;2;675,038;0,000
2022-01-24;3;768,313;0,000
2022-01-24;4;852,113;0,000
2022-01-24;5;933,925;0,000
2022-01-24;6;1037,388;0,000
2022-01-24;7;1053,575;0,000
2022-01-24;8;1092,475;14,613
2022-01-24;9;1142,863;151,300
2022-01-24;10;1109,963;544,125
2022-01-24;11;1078,400;934,938
2022-01-24;12;1057,900;1218,175
2022-01-24;13;1121,463;1179,200
2022-01-24;14;1199,350;1003,550
2022-01-24;15;1336,475;747,275
2022-01-24;16;1492,100;387,938
2022-01-24;17;1596,725;78,488
2022-01-24;18;1688,663;0,000
2022-01-24;19;1755,475;0,000
2022-01-24;20;1808,850;0,000
2022-01-24;21;1840,013;0,000
2022-01-24;22;1932,038;0,000
2022-01-24;23;2125,313;0,000
2022-01-24;24;2330,388;0,000
