Data;Godzina;Generacja Ÿróde³ wiatrowych;Generacja Ÿróde³ fotowoltaicznych
2022-03-19;1;578,375;0,000
2022-03-19;2;557,038;0,000
2022-03-19;3;586,575;0,000
2022-03-19;4;728,388;0,000
2022-03-19;5;861,213;0,000
2022-03-19;6;1016,250;0,838
2022-03-19;7;1203,250;164,650
2022-03-19;8;1093,113;912,838
2022-03-19;9;774,988;1860,013
2022-03-19;10;731,138;2760,050
2022-03-19;11;930,475;3556,638
2022-03-19;12;1083,313;4257,900
2022-03-19;13;1200,538;4530,413
2022-03-19;14;1401,213;4342,375
2022-03-19;15;1759,350;3757,038
2022-03-19;16;2034,663;2880,950
