Data;Godzina;Generacja Ÿróde³ wiatrowych;Generacja Ÿróde³ fotowoltaicznych
2022-01-26;1;1483,738;0,000
2022-01-26;2;1462,275;0,000
2022-01-26;3;1532,650;0,000
2022-01-26;4;1690,738;0,000
2022-01-26;5;1797,625;0,000
2022-01-26;6;1932,575;0,000
2022-01-26;7;2091,750;0,000
2022-01-26;8;2240,075;5,838
2022-01-26;9;2373,113;83,813
2022-01-26;10;2671,263;210,775
2022-01-26;11;2953,700;374,313
2022-01-26;12;3419,988;516,100
2022-01-26;13;3856,300;545,575
2022-01-26;14;4060,863;452,913
2022-01-26;15;4242,713;311,875
2022-01-26;16;4486,963;140,538
2022-01-26;17;4731,938;27,913
2022-01-26;18;5043,538;0,000
2022-01-26;19;5264,413;0,000
2022-01-26;20;5398,063;0,000
2022-01-26;21;5549,013;0,000
2022-01-26;22;5514,250;0,000
2022-01-26;23;5416,725;0,000
2022-01-26;24;5350,575;0,000
