Data;Godzina;Generacja Ÿróde³ wiatrowych;Generacja Ÿróde³ fotowoltaicznych
2022-03-14;1;3841,838;0,000
2022-03-14;2;3499,975;0,000
2022-03-14;3;3276,513;0,000
2022-03-14;4;3218,725;0,000
2022-03-14;5;3208,413;0,000
2022-03-14;6;3183,338;0,025
2022-03-14;7;3127,238;107,000
2022-03-14;8;2537,475;733,600
2022-03-14;9;1642,988;1896,400
2022-03-14;10;1442,538;2947,113
2022-03-14;11;1671,850;3724,025
2022-03-14;12;1652,275;4272,088
2022-03-14;13;1746,500;4480,663
2022-03-14;14;1905,850;4260,175
2022-03-14;15;2020,213;3665,163
2022-03-14;16;2088,375;2793,288
2022-03-14;17;1975,638;1634,375
2022-03-14;18;2078,463;536,000
2022-03-14;19;2598,950;20,813
2022-03-14;20;3020,350;0,000
2022-03-14;21;3326,288;0,000
2022-03-14;22;3551,550;0,000
2022-03-14;23;3303,150;0,000
2022-03-14;24;3005,088;0,000
