Data;Godzina;Generacja Ÿróde³ wiatrowych;Generacja Ÿróde³ fotowoltaicznych
2022-02-07;1;4822,163;0,000
2022-02-07;2;4527,288;0,000
2022-02-07;3;4106,300;0,000
2022-02-07;4;3683,363;0,000
2022-02-07;5;3644,575;0,000
2022-02-07;6;3928,525;0,000
2022-02-07;7;4005,825;0,000
2022-02-07;8;4235,063;29,913
2022-02-07;9;4428,900;135,450
2022-02-07;10;4463,600;339,650
2022-02-07;11;4774,013;633,138
2022-02-07;12;5178,363;828,138
2022-02-07;13;5595,525;857,475
2022-02-07;14;5638,238;871,975
2022-02-07;15;5633,788;628,488
2022-02-07;16;5620,200;462,413
2022-02-07;17;5522,113;180,663
2022-02-07;18;5482,713;8,625
2022-02-07;19;5552,275;0,000
2022-02-07;20;5528,600;0,000
2022-02-07;21;5504,513;0,000
2022-02-07;22;5513,300;0,000
2022-02-07;23;5387,663;0,000
2022-02-07;24;5258,175;0,000
