Data;Godzina;Generacja Ÿróde³ wiatrowych;Generacja Ÿróde³ fotowoltaicznych
2022-02-27;1;1039,063;0,000
2022-02-27;2;1052,800;0,000
2022-02-27;3;1069,288;0,000
2022-02-27;4;1003,388;0,000
2022-02-27;5;956,888;0,000
2022-02-27;6;814,913;0,000
2022-02-27;7;671,238;23,138
2022-02-27;8;519,550;177,275
2022-02-27;9;398,950;740,050
2022-02-27;10;241,238;1476,788
2022-02-27;11;207,788;2040,900
2022-02-27;12;217,188;2293,950
2022-02-27;13;235,825;2428,575
2022-02-27;14;315,300;2515,650
2022-02-27;15;449,325;1907,250
2022-02-27;16;585,075;1374,100
2022-02-27;17;659,363;766,663
2022-02-27;18;809,225;139,288
2022-02-27;19;1141,475;0,000
2022-02-27;20;1472,713;0,000
2022-02-27;21;1501,000;0,000
2022-02-27;22;1610,088;0,000
2022-02-27;23;1659,838;0,000
2022-02-27;24;1478,688;0,000
