Data;Godzina;Generacja Ÿróde³ wiatrowych;Generacja Ÿróde³ fotowoltaicznych
2022-03-13;1;1904,050;0,000
2022-03-13;2;1826,375;0,000
2022-03-13;3;1647,900;0,000
2022-03-13;4;1638,538;0,000
2022-03-13;5;1721,575;0,000
2022-03-13;6;1706,563;0,000
2022-03-13;7;1789,738;98,013
2022-03-13;8;1781,225;624,475
2022-03-13;9;1206,938;1710,963
2022-03-13;10;904,825;2688,613
2022-03-13;11;1043,425;3479,075
2022-03-13;12;1078,388;4064,500
2022-03-13;13;1187,725;4215,175
2022-03-13;14;1337,813;4008,925
2022-03-13;15;1508,400;3491,588
2022-03-13;16;1675,638;2672,700
2022-03-13;17;1784,375;1620,963
2022-03-13;18;2251,138;532,213
2022-03-13;19;3150,988;20,125
2022-03-13;20;3963,963;0,000
2022-03-13;21;4290,275;0,000
2022-03-13;22;4351,050;0,000
2022-03-13;23;4189,175;0,000
2022-03-13;24;4025,075;0,000
