Data;Godzina;Generacja Ÿróde³ wiatrowych;Generacja Ÿróde³ fotowoltaicznych
2022-03-18;1;2590,088;0,000
2022-03-18;2;2490,863;0,000
2022-03-18;3;2270,238;0,000
2022-03-18;4;2060,225;0,000
2022-03-18;5;1820,463;0,000
2022-03-18;6;1758,150;0,375
2022-03-18;7;1699,663;133,175
2022-03-18;8;1329,875;724,025
2022-03-18;9;819,750;1662,063
2022-03-18;10;695,313;2720,713
2022-03-18;11;727,813;3701,900
2022-03-18;12;584,188;4269,913
2022-03-18;13;450,750;4443,288
2022-03-18;14;415,013;4284,075
2022-03-18;15;405,938;3753,150
2022-03-18;16;349,288;2851,500
2022-03-18;17;280,638;1638,500
2022-03-18;18;455,213;600,938
2022-03-18;19;667,388;37,938
2022-03-18;20;717,525;0,000
2022-03-18;21;668,788;0,000
