Data;Godzina;Generacja Ÿróde³ wiatrowych;Generacja Ÿróde³ fotowoltaicznych
2022-02-04;1;1993,425;0,000
2022-02-04;2;1942,375;0,000
2022-02-04;3;1883,650;0,000
2022-02-04;4;1760,600;0,000
2022-02-04;5;1793,638;0,000
2022-02-04;6;1800,850;0,000
2022-02-04;7;1807,525;0,000
2022-02-04;8;1776,663;19,650
2022-02-04;9;1828,363;113,838
2022-02-04;10;1853,463;287,888
2022-02-04;11;1891,225;478,263
2022-02-04;12;1894,225;610,988
2022-02-04;13;1920,300;659,838
2022-02-04;14;1996,150;630,825
2022-02-04;15;2160,275;515,338
2022-02-04;16;2484,225;296,113
2022-02-04;17;2988,838;82,925
2022-02-04;18;3389,863;2,013
2022-02-04;19;3772,388;0,000
2022-02-04;20;4063,800;0,000
2022-02-04;21;4523,800;0,000
2022-02-04;22;4906,300;0,000
2022-02-04;23;5015,150;0,000
2022-02-04;24;5364,875;0,000
