Data;Godzina;Generacja Ÿróde³ wiatrowych;Generacja Ÿróde³ fotowoltaicznych
2022-01-10;1;1313,450;0,000
2022-01-10;2;1299,700;0,000
2022-01-10;3;1221,038;0,000
2022-01-10;4;1126,400;0,000
2022-01-10;5;1102,875;0,000
2022-01-10;6;1095,263;0,000
2022-01-10;7;1162,238;0,000
2022-01-10;8;1279,225;1,038
2022-01-10;9;1416,913;80,638
2022-01-10;10;1329,938;275,675
2022-01-10;11;872,900;657,675
2022-01-10;12;574,475;910,000
2022-01-10;13;506,463;927,663
2022-01-10;14;451,200;807,038
2022-01-10;15;532,300;603,825
2022-01-10;16;655,350;215,988
2022-01-10;17;932,563;11,438
2022-01-10;18;1188,425;0,000
2022-01-10;19;1436,900;0,000
2022-01-10;20;1342,588;0,000
2022-01-10;21;1297,175;0,000
2022-01-10;22;1256,088;0,000
2022-01-10;23;1184,013;0,000
2022-01-10;24;1005,188;0,000
