Data;Godzina;Generacja Ÿróde³ wiatrowych;Generacja Ÿróde³ fotowoltaicznych
2022-02-26;1;1725,875;0,000
2022-02-26;2;1601,788;0,000
2022-02-26;3;1507,563;0,000
2022-02-26;4;1231,050;0,000
2022-02-26;5;979,638;0,000
2022-02-26;6;793,113;0,000
2022-02-26;7;618,750;14,925
2022-02-26;8;551,088;121,600
2022-02-26;9;438,663;613,863
2022-02-26;10;309,363;1136,350
2022-02-26;11;259,563;1598,625
2022-02-26;12;242,875;1907,388
2022-02-26;13;287,638;2009,275
2022-02-26;14;383,263;1767,138
2022-02-26;15;556,288;1411,288
2022-02-26;16;633,463;944,400
2022-02-26;17;644,300;444,550
2022-02-26;18;724,638;80,875
2022-02-26;19;717,075;0,000
2022-02-26;20;758,338;0,000
2022-02-26;21;883,163;0,000
2022-02-26;22;1089,275;0,000
2022-02-26;23;1112,825;0,000
2022-02-26;24;1122,663;0,000
